2,-9,229,24
2,-32,245,8
2,-54,264,32
2,-59,288,56
2,-50,309,72
2,-29,333,79
2,-1,367,64
2,19,396,39
2,41,432,39
2,71,472,39
2,104,504,39
2,142,529,39
2,184,556,32
2,221,571,48
2,255,581,39
2,293,588,32
2,326,594,32
2,376,599,39
2,434,606,48
2,495,613,56
2,554,612,79
2,613,613,72
2,673,619,56
2,723,612,48
2,776,596,48
2,825,597,48
2,876,616,48
2,929,640,39
2,981,649,32
2,1032,662,24
2,1086,653,39
2,1134,627,24
2,1180,601,16
2,1218,584,16
2,1252,595,0
2,1284,615,0
2,1298,622,-8
2,1298,625,-16
2,1295,625,-16
2,1293,625,-24
2,1289,629,-32
2,1284,636,-16
2,1280,642,-8
2,1276,645,0
2,1271,650,16
2,1263,659,16
2,1256,671,32
2,1224,708,39
2,1183,744,48
2,1151,781,48
2,1116,856,32
2,1089,923,32
2,1057,988,24
2,1050,1052,24
2,1038,1108,8
2,1013,1145,8
2,998,1193,0
2,965,1232,-8
2,922,1271,0
2,875,1308,-8
2,819,1353,0
2,783,1405,8
2,748,1436,0
2,711,1467,8
2,669,1510,16
2,628,1553,16
2,603,1587,16
2,568,1621,-8
2,542,1646,8
2,521,1664,0
2,501,1682,-16
2,489,1692,-24
2,485,1696,-32
2,490,1699,-48
2,490,1694,-79
2,485,1687,-104
2,483,1679,-72
2,479,1668,-72
2,475,1652,-56
2,465,1602,-48
2,454,1555,-39
2,443,1512,-32
2,425,1469,-32
2,407,1429,-24
2,390,1364,-32
2,373,1335,-24
2,348,1308,-16
2,316,1284,-16
2,257,1235,-16
2,215,1185,-24
2,168,1147,-16
2,107,1116,-16
2,30,1093,-16
2,-53,1066,-16
2,-133,1038,8
2,-210,1004,16
2,-274,964,24
2,-340,927,32
2,-407,894,48
2,-473,855,64
2,-537,832,72
2,-599,814,48
2,-668,797,32
2,-732,787,32
2,-773,782,16
2,-806,802,8
2,-826,812,8
2,-852,808,8
2,-879,794,-24
2,-900,777,-32
2,-901,767,-39
2,-901,759,-48
2,-898,754,-39
2,-891,754,-32
2,-887,755,-24
2,-879,757,-39
2,-870,760,-32
2,-859,764,-39
2,-846,767,-48
2,-829,769,-32
2,-810,770,-16
2,-789,770,-16
2,-727,773,-8
2,-666,778,0
2,-602,786,8
2,-471,805,24
2,-344,831,32
2,-221,858,24
2,-110,874,16
2,-17,887,16
2,75,891,8
2,166,867,8
2,256,851,32
2,335,846,32
2,406,845,39
2,468,847,39
2,524,854,48
2,580,865,39
2,629,879,48
2,684,891,48
2,737,901,39
2,790,927,24
2,846,949,16
2,886,988,16
2,921,1002,8
2,982,1014,0
2,1038,1020,8
2,1064,1021,8
2,1063,1019,-8
2,1062,1015,-8
2,1065,1002,-24
2,1058,977,-32
2,1047,958,-32
2,1032,948,-32
2,1012,945,-39
2,996,956,-48
2,989,959,-39
2,961,966,-39
2,927,967,-39
2,884,965,-48
2,794,963,-56
2,710,951,-64
2,632,936,-56
2,550,914,-39
2,469,897,-24
2,389,880,-16
2,312,868,0
2,246,862,0
2,177,858,16
2,103,848,16
2,21,835,24
2,-62,828,24
2,-150,828,24
2,-221,827,24
2,-291,818,32
2,-369,809,32
2,-449,794,48
2,-528,776,48
2,-603,759,48
2,-672,752,48
2,-730,764,48
2,-794,768,56
2,-862,768,48
2,-921,769,32
2,-974,765,16
2,-1016,769,8
2,-1058,770,-8
2,-1090,772,-24
2,-1097,772,-39
2,-1091,772,-48
2,-1074,772,-56
2,-1067,772,-39
2,-1059,771,-39
2,-1050,771,-39
2,-1040,770,-32
2,-1028,770,-24
2,-1014,771,-16
2,-997,772,-24
2,-979,777,-16
2,-920,794,-16
2,-857,817,-8
2,-730,862,-8
2,-607,899,-8
2,-489,927,8
2,-374,949,24
2,-277,957,16
2,-170,969,48
2,-68,981,48
2,27,999,56
2,123,1021,56
2,218,1043,48
2,294,1055,39
2,366,1053,39
2,412,1055,24
2,453,1081,24
2,505,1102,24
2,580,1119,32
2,652,1138,24
2,722,1155,24
2,786,1167,24
2,858,1168,32
2,910,1162,24
2,953,1164,8
2,971,1155,0
2,985,1139,0
2,1000,1129,-24
2,1025,1107,-32
2,1056,1081,-24
2,1075,1064,-56
2,1074,1044,-64
2,1059,1031,-56
2,1039,1019,-56
2,1012,1008,-48
2,984,998,-48
2,961,984,-64
2,900,964,-48
2,831,952,-39
2,771,939,-48
2,699,937,-39
2,635,929,-48
2,570,917,-48
2,510,894,-56
2,442,873,-39
2,368,856,-16
2,278,845,8
2,178,838,24
2,71,830,48
2,-31,826,56
2,-133,827,64
2,-232,829,56
2,-327,830,48
2,-418,823,39
2,-516,807,32
2,-607,779,24
2,-682,744,24
2,-730,725,32
2,-763,716,24
2,-803,707,39
2,-863,691,48
2,-933,663,48
2,-993,653,48
2,-1052,646,16
2,-1091,661,24
2,-1132,658,-16
2,-1176,642,-16
2,-1210,641,8
2,-1215,666,-16
2,-1218,675,-16
2,-1218,684,-8
2,-1220,682,-16
2,-1228,663,-24
2,-1231,649,-24
2,-1230,644,-24
2,-1225,646,-24
2,-1217,649,-16
2,-1208,654,-39
2,-1199,657,-39
2,-1187,660,-32
2,-1173,664,-32
2,-1155,667,-48
2,-1136,669,-48
2,-1116,671,-48
2,-1053,679,-39
2,-989,691,-24
2,-928,695,-39
2,-813,697,-24
2,-702,696,-8
2,-599,697,8
2,-491,718,32
2,-381,767,32
2,-261,824,32
2,-147,864,32
2,-31,908,32
2,70,930,32
2,160,940,32
2,234,927,39
2,308,908,56
2,385,886,72
2,455,870,56
2,517,862,64
2,578,864,64
2,631,882,64
2,680,914,64
2,734,952,72
2,787,985,64
2,831,1016,56
2,854,1062,39
2,868,1109,48
2,876,1152,39
2,889,1198,39
2,892,1241,24
2,903,1280,24
2,922,1316,16
2,937,1356,8
2,944,1392,-8
2,948,1432,-24
2,934,1462,-16
2,905,1493,-24
2,873,1522,-24
2,828,1547,-24
2,789,1563,-24
2,749,1578,-24
2,719,1585,0
2,690,1590,8
2,660,1593,0
2,616,1613,-8
2,583,1628,-8
2,581,1638,-8
2,575,1643,-8
2,558,1648,-8
2,534,1656,-16
2,492,1659,-16
2,480,1651,-16
2,465,1647,-32
2,464,1643,-32
2,451,1632,-56
2,442,1621,-48
2,426,1608,-64
2,418,1593,-56
2,405,1575,-56
2,392,1554,-56
2,372,1528,-64
2,352,1472,-48
2,323,1412,-64
2,310,1358,-56
2,282,1308,-56
2,259,1263,-48
2,231,1222,-56
2,214,1183,-64
2,194,1125,-56
2,172,1069,-72
2,152,1013,-64
2,143,953,-56
2,130,900,-64
2,110,851,-64
2,94,805,-56
2,88,751,-56
2,83,686,-39
2,84,629,-32
2,94,578,-16
2,104,538,-8
2,116,502,8
2,130,467,32
2,148,447,48
2,170,439,72
2,185,440,72
2,203,448,104
2,223,464,79
2,240,480,64
2,267,501,72
2,329,551,72
2,387,592,72
2,441,618,72
2,495,654,72
2,549,681,88
2,594,710,48
2,632,744,56
2,672,779,64
2,707,823,64
2,728,880,72
2,740,949,48
2,765,1003,48
2,796,1051,48
2,807,1104,39
2,819,1157,48
2,840,1195,48
2,885,1225,88
2,920,1263,39
2,945,1300,32
2,950,1325,24
2,944,1355,8
2,942,1400,-16
2,934,1445,-24
2,919,1488,-39
2,895,1509,-32
2,860,1518,-24
2,814,1530,-24
2,765,1533,-16
2,715,1541,-16
2,666,1548,-16
2,627,1546,0
2,578,1556,-16
2,531,1567,-24
2,484,1572,-39
2,434,1570,-48
2,399,1560,-48
2,360,1541,-72
2,341,1512,-79
2,314,1476,-96
2,312,1432,-72
2,306,1380,-72
2,288,1325,-56
2,251,1272,-39
2,207,1231,-32
2,166,1195,-24
2,118,1164,-24
2,64,1135,-24
2,12,1107,-16
2,-38,1080,-16
2,-78,1049,-16
2,-122,1015,-8
2,-182,988,-8
2,-241,966,8
2,-301,947,24
2,-359,919,32
2,-415,895,39
2,-458,871,64
2,-503,850,56
2,-551,830,56
2,-600,811,39
2,-639,798,39
2,-670,804,8
2,-704,808,48
2,-752,815,24
2,-795,817,8
2,-810,820,-24
2,-817,827,-16
2,-825,825,-16
2,-828,815,-8
2,-831,807,-8
2,-832,799,-16
2,-831,791,-32
2,-829,790,-72
2,-826,788,-64
2,-818,788,-48
2,-806,790,-32
2,-795,792,-16
2,-782,793,0
2,-769,795,16
2,-753,799,16
2,-740,800,-8
2,-724,802,0
2,-707,804,0
2,-689,806,0
2,-632,814,8
2,-574,824,8
2,-510,838,16
2,-373,876,32
2,-243,894,32
2,-124,913,48
2,-17,921,64
2,77,926,72
2,165,942,72
2,245,976,64
2,314,1007,64
2,375,1029,56
2,433,1061,56
2,485,1097,64
2,524,1139,39
2,569,1174,64
2,633,1207,79
2,678,1238,16
2,704,1273,8
2,729,1317,16
2,738,1344,8
2,739,1355,8
2,740,1365,8
2,731,1375,-8
2,723,1385,0
2,711,1399,-8
2,693,1405,8
2,675,1416,8
2,655,1430,0
2,629,1452,8
2,581,1478,24
2,521,1509,-16
2,460,1541,-24
2,425,1560,-8
2,415,1574,-16
2,411,1577,-32
2,409,1573,-48
2,397,1564,-79
2,383,1547,-72
2,371,1528,-64
2,361,1504,-56
2,360,1475,-64
2,355,1445,-48
2,344,1409,-48
2,333,1338,-48
2,322,1277,-56
2,307,1224,-56
2,270,1184,-39
2,214,1151,-32
2,145,1120,-24
2,72,1089,-24
2,14,1050,-32
2,-44,1014,-16
2,-105,978,0
2,-165,950,8
2,-224,920,16
2,-286,889,32
2,-329,881,39
2,-360,860,48
2,-400,840,39
2,-433,813,32
2,-480,799,24
2,-548,794,16
2,-611,790,0
2,-656,782,0
2,-687,775,-8
2,-706,764,-16
2,-718,754,-16
2,-717,754,-16
2,-713,756,-24
2,-702,757,-24
2,-697,758,-24
2,-693,762,-16
2,-687,766,-24
2,-678,769,-24
2,-665,771,-24
2,-650,774,-32
2,-637,781,-16
2,-621,789,0
2,-601,797,8
2,-535,815,16
2,-466,829,24
2,-339,858,32
2,-222,884,32
2,-115,915,16
2,-15,929,24
2,87,930,24
2,176,934,8
2,249,936,8
2,316,934,16
2,386,930,32
2,453,922,32
2,523,920,16
2,581,923,39
2,632,931,39
2,677,938,48
2,722,950,24
2,770,958,39
2,812,963,32
2,849,970,32
2,879,979,32
2,898,988,24
2,910,1008,24
2,908,1020,32
2,908,1035,32
2,907,1051,24
2,912,1079,24
2,907,1128,16
2,906,1189,32
2,897,1250,32
2,875,1313,32
2,851,1360,39
2,814,1396,39
2,784,1428,24
2,754,1451,16
2,731,1474,8
2,709,1496,0
2,700,1510,-8
2,690,1524,-39
2,669,1541,-48
2,636,1556,-24
2,606,1570,-24
2,591,1582,-24
2,561,1594,-39
2,538,1590,-48
2,490,1574,-48
2,466,1545,-32
2,431,1515,-56
2,419,1473,-56
2,396,1435,-64
2,368,1398,-72
2,347,1357,-79
2,330,1311,-79
2,293,1253,-56
2,250,1206,-39
2,206,1159,-39
2,158,1112,-24
2,105,1069,-8
2,52,1036,8
2,-1,1015,16
2,-47,996,8
2,-101,979,16
2,-175,958,24
2,-232,936,24
2,-279,906,32
2,-328,877,32
2,-391,855,24
2,-448,837,32
2,-503,822,32
2,-561,813,48
2,-620,807,48
2,-685,799,56
2,-760,789,39
2,-838,766,24
2,-896,752,16
2,-956,743,8
2,-997,756,-8
2,-1009,762,-24
2,-992,763,-39
2,-978,762,-48
2,-973,762,-56
2,-966,761,-48
2,-960,759,-39
2,-953,755,-32
2,-944,753,-24
2,-932,753,-16
2,-919,756,8
2,-904,763,0
2,-858,785,-16
2,-801,808,-8
2,-683,847,-16
2,-565,876,-24
2,-452,895,-16
2,-346,910,0
2,-248,919,16
2,-158,928,24
2,-70,935,32
2,13,945,39
2,96,947,56
2,170,951,32
2,235,958,24
2,297,966,24
2,358,972,16
2,413,971,8
2,465,974,0
2,510,967,0
2,553,951,0
2,594,942,0
2,635,931,-8
2,673,926,-16
2,707,914,-24
2,730,904,-39
2,744,892,-48
2,749,881,-56
2,752,870,-56
2,747,858,-48
2,730,849,-48
2,706,834,-56
2,677,816,-64
2,644,798,-64
2,579,762,-64
2,518,728,-48
2,462,698,-48
2,416,659,-48
2,369,633,-16
2,312,621,16
2,246,622,16
2,180,627,16
2,109,630,24
2,42,629,32
2,-19,625,39
2,-78,618,39
2,-140,620,32
2,-206,626,48
2,-274,638,48
2,-345,656,48
2,-399,671,48
2,-451,682,48
2,-498,697,48
2,-535,714,48
2,-550,712,39
2,-570,718,39
2,-580,723,39
2,-596,726,39
2,-611,736,24
2,-626,748,24
2,-650,752,48
2,-701,761,39
2,-772,765,39
2,-829,772,24
2,-875,786,16
2,-924,785,8
2,-971,784,0
2,-1002,802,-8
2,-1008,806,-8
2,-1011,808,-8
2,-1011,806,-16
2,-1002,803,-16
2,-1001,802,-8
2,-1000,801,-8
2,-1000,798,-24
2,-999,797,-24
2,-998,795,-32
2,-995,793,-39
2,-990,790,-32
2,-986,789,-48
2,-980,787,-39
2,-972,787,-48
2,-965,785,-8
2,-958,782,-16
2,-951,781,-24
2,-943,779,-24
2,-934,778,-24
2,-922,778,-16
2,-908,780,-16
2,-892,782,-16
2,-875,785,-24
2,-822,789,-24
2,-768,793,-24
2,-710,798,-16
2,-653,802,-16
2,-534,823,8
2,-429,834,8
2,-330,833,24
2,-234,850,32
2,-151,870,39
2,-65,897,48
2,6,937,56
2,72,967,64
2,134,995,48
2,192,1016,39
2,251,1037,39
2,310,1059,39
2,373,1072,32
2,444,1094,24
2,507,1114,24
2,560,1127,24
2,602,1141,24
2,633,1151,24
2,669,1140,16
2,712,1149,24
2,750,1154,24
2,778,1148,24
2,803,1143,16
2,826,1133,16
2,846,1128,8
2,866,1122,-16
2,888,1120,-8
2,906,1116,-24
2,927,1106,-39
2,952,1085,-24
2,960,1078,-24
2,963,1071,-24
2,964,1068,-24
2,967,1054,-39
2,968,1040,-24
2,968,1023,-32
2,970,1006,-39
2,972,990,-32
2,969,970,-24
2,966,945,-24
2,962,924,-39
2,957,903,-39
2,948,884,-32
2,937,863,-48
2,927,839,-64
2,922,810,-56
2,907,752,-56
2,870,704,-39
2,811,663,-39
2,748,634,-39
2,686,614,-39
2,623,605,-24
2,563,603,-16
2,505,603,0
2,441,608,16
2,380,620,24
2,322,639,39
2,268,657,48
2,203,686,56
2,147,705,39
2,101,710,32
2,46,731,39
2,-27,759,32
2,-91,779,24
2,-144,793,24
2,-192,791,24
2,-226,776,24
2,-265,771,24
2,-317,774,24
2,-371,777,32
2,-429,779,39
2,-480,785,56
2,-510,789,56
2,-557,789,48
2,-621,798,39
2,-696,802,32
2,-769,807,24
2,-832,802,8
2,-889,802,-8
2,-934,796,-8
2,-951,782,0
2,-964,775,-16
2,-960,766,-24
2,-956,766,-24
2,-957,769,-16
2,-958,774,-8
2,-953,778,-32
2,-947,784,-24
2,-940,789,-32
2,-930,794,-32
2,-917,797,-32
2,-901,798,-39
2,-885,798,-39
2,-864,799,-24
2,-811,812,-8
2,-753,826,8
2,-693,844,24
2,-581,888,39
2,-477,930,39
2,-379,968,39
2,-284,1005,39
2,-185,1038,32
2,-93,1065,24
2,1,1099,39
2,91,1125,48
2,182,1137,56
2,256,1158,56
2,326,1179,64
2,388,1207,64
2,454,1233,79
2,512,1266,56
2,554,1298,32
2,594,1333,32
2,637,1364,24
2,683,1384,16
2,734,1398,16
2,789,1404,32
2,830,1408,-8
2,874,1410,-8
2,909,1405,-8
2,933,1416,-32
2,968,1411,-16
2,981,1405,-48
2,983,1396,-64
2,978,1381,-56
2,972,1358,-56
2,967,1331,-56
2,959,1304,-56
2,956,1271,-64
2,942,1194,-64
2,928,1127,-64
2,925,1056,-79
2,912,997,-56
2,883,944,-56
2,834,894,-64
2,770,845,-56
2,703,800,-48
2,641,766,-48
2,583,736,-48
2,526,711,-39
2,467,688,-39
2,410,669,-39
2,351,653,-16
2,292,641,0
2,234,634,16
2,177,629,32
2,104,634,56
2,27,642,72
2,-42,655,72
2,-107,665,64
2,-176,680,56
2,-243,695,48
2,-317,714,39
2,-389,729,32
2,-433,747,39
2,-483,751,32
2,-524,755,32
2,-573,752,32
2,-621,749,39
2,-686,735,48
2,-759,726,56
2,-808,728,64
2,-833,742,48
2,-872,751,39
2,-918,750,24
2,-948,760,24
2,-949,772,0
2,-953,773,0
2,-967,774,0
2,-980,763,0
2,-993,754,0
2,-1002,743,-8
2,-1011,740,-16
2,-1021,734,-24
2,-1032,730,-16
2,-1033,733,-24
2,-1030,735,-24
2,-1028,737,-24
2,-1024,740,-24
2,-1019,743,-32
2,-1014,746,-39
2,-1007,748,-39
2,-997,752,-48
2,-984,755,-56
2,-969,759,-32
2,-951,763,-16
2,-930,765,-8
2,-868,776,16
2,-804,789,39
2,-749,809,39
2,-664,860,32
2,-588,912,39
2,-505,970,56
2,-417,1018,48
2,-307,1062,72
2,-217,1099,56
2,-120,1141,39
2,-41,1181,32
2,26,1224,39
2,83,1253,39
2,112,1285,24
2,153,1316,48
2,191,1353,72
2,223,1390,64
2,232,1426,39
2,223,1460,32
2,219,1498,32
2,241,1539,39
2,261,1578,24
2,282,1616,24
2,309,1652,39
2,328,1687,16
2,345,1707,16
2,342,1735,-16
2,356,1764,-8
2,362,1785,-24
2,363,1789,-32
2,364,1790,-32
2,374,1783,-16
2,382,1768,-24
2,384,1762,-24
2,385,1756,-16
2,386,1751,-8
2,383,1743,-8
2,382,1736,-8
2,386,1730,-8
2,394,1726,-8
2,402,1722,0
2,436,1711,-8
2,464,1696,8
2,472,1685,8
2,469,1677,16
2,471,1674,24
2,480,1669,24
2,489,1664,16
2,522,1651,0
2,552,1640,-8
2,586,1629,-16
2,619,1615,-32
2,645,1598,-32
2,671,1575,-24
2,698,1550,-24
2,721,1524,-8
2,765,1476,-16
2,794,1436,-24
2,817,1418,-32
2,831,1398,-24
2,841,1379,8
2,859,1353,-24
2,906,1294,-16
2,953,1256,-32
2,1007,1207,-24
2,1053,1155,-32
2,1091,1105,-48
2,1099,1061,-39
2,1103,1023,-32
2,1103,998,-24
2,1108,965,-8
2,1106,941,8
2,1105,918,-16
2,1108,854,-8
2,1111,785,-8
2,1111,734,0
2,1121,688,-8
2,1131,644,-8
2,1129,621,16
2,1134,604,0
2,1140,606,8
2,1137,608,0
2,1128,620,16
2,1124,626,8
2,1120,633,-8
2,1117,636,-8
2,1112,640,-24
2,1104,646,-24
2,1093,653,-32
2,1081,662,-24
2,1047,685,-24
2,1013,704,-24
2,977,722,-32
2,940,739,-24
2,903,756,-16
2,864,773,-8
2,822,791,-16
2,755,815,-24
2,675,842,-24
2,604,860,-32
2,534,871,-32
2,471,869,-39
2,412,866,-32
2,340,872,-8
2,260,881,0
2,176,892,8
2,93,894,16
2,11,899,32
2,-68,907,39
2,-141,914,32
2,-218,908,32
2,-286,906,24
2,-354,892,24
2,-418,865,24
2,-487,840,8
2,-555,825,16
2,-625,820,24
2,-678,801,32
2,-726,787,32
2,-761,778,39
2,-797,766,39
2,-847,753,39
2,-899,740,24
2,-943,734,8
2,-985,726,-8
2,-1014,719,-16
2,-1035,704,-24
2,-1034,693,-32
2,-1020,698,-56
2,-1014,699,-56
2,-1008,700,-48
2,-1003,701,-48
2,-995,701,-39
2,-986,703,-39
2,-974,707,-24
2,-959,712,-24
2,-942,716,-39
2,-922,721,-24
2,-860,733,-32
2,-794,734,-32
2,-658,746,-24
2,-527,759,-8
2,-410,774,-32
2,-310,784,-24
2,-247,790,-56
2,-208,787,-64
2,-162,770,-39
2,-117,750,-64
2,-72,719,-64
2,-40,679,-64
2,-17,629,-56
2,3,583,-48
2,17,543,-32
2,26,518,-16
2,31,493,-24
2,43,465,-24
2,58,434,-24
2,74,406,-16
2,88,382,-16
2,96,362,-16
2,102,342,-16
2,109,322,-8
2,108,309,-8
2,107,302,-8
2,104,293,-8
2,101,285,-8
2,94,275,0
2,-25,281,0
2,-55,276,0
2,-72,282,8
2,-74,284,16
2,-66,289,32
2,-54,294,48
2,-47,301,56
2,-42,320,64
2,-36,348,72
2,-34,384,64
2,-26,427,64
2,-23,474,72
2,-20,520,64
2,-15,590,72
2,-13,603,79
2,-8,618,79
2,-4,634,72
2,1,652,79
2,6,671,72
2,9,691,39
2,16,711,72
2,28,730,88
2,58,787,48
2,97,843,96
2,141,900,88
2,223,1009,56
2,285,1083,39
2,329,1142,8
2,364,1183,0
2,387,1198,8
2,412,1211,-8
2,437,1220,-16
2,467,1228,-8
2,498,1239,-8
2,560,1246,8
2,615,1246,24
2,667,1243,32
2,713,1244,24
2,777,1253,0
2,840,1254,-8
2,889,1248,-8
2,934,1222,-24
2,988,1210,0
2,1027,1179,-48
2,1042,1144,-39
2,1039,1085,-56
2,1036,1044,-39
2,1031,1017,-48
2,1028,985,-64
2,1015,944,-64
2,985,899,-56
2,964,847,-72
2,949,791,-72
2,922,743,-64
2,894,690,-79
2,861,642,-72
2,808,612,-39
2,747,593,-39
2,679,583,-39
2,614,574,-48
2,553,567,-48
2,488,559,-39
2,422,552,-24
2,358,548,-8
2,290,551,16
2,210,565,48
2,131,578,56
2,54,587,72
2,-16,595,72
2,-79,598,56
2,-137,608,48
2,-191,620,56
2,-248,637,64
2,-291,663,32
2,-319,696,16
2,-345,728,16
2,-373,755,16
2,-397,785,24
2,-409,813,24
2,-402,846,24
2,-388,875,32
2,-371,908,24
2,-365,938,24
2,-356,967,32
2,-342,999,48
2,-328,1034,56
2,-295,1076,56
2,-268,1133,56
2,-239,1186,32
2,-212,1237,24
2,-180,1266,24
2,-163,1294,24
2,-138,1324,16
2,-100,1349,16
2,-52,1393,8
2,9,1434,16
2,72,1474,24
2,133,1499,32
2,192,1518,39
2,243,1555,48
2,302,1586,56
2,362,1607,48
2,419,1616,39
2,470,1625,32
2,517,1630,32
2,561,1630,32
2,613,1635,32
2,663,1647,32
2,713,1659,32
2,762,1671,39
2,807,1680,48
2,845,1674,48
2,877,1687,24
2,903,1704,16
2,945,1713,-16
2,966,1717,-8
2,985,1724,-24
2,987,1720,-39
2,990,1709,-72
2,1004,1691,-96
2,1009,1670,-72
2,1018,1639,-56
2,1016,1612,-32
2,1010,1583,-24
2,1007,1555,-24
2,1007,1530,-16
2,1012,1506,-8
2,1023,1482,-24
2,1038,1453,-8
2,1067,1394,-24
2,1089,1329,-39
2,1105,1264,-48
2,1116,1205,-56
2,1115,1157,-56
2,1101,1120,-56
2,1064,1100,-32
2,1013,1083,-24
2,961,1070,-32
2,894,1057,-32
2,834,1068,-32
2,771,1068,-48
2,721,1054,-56
2,662,1043,-24
2,597,1036,-16
2,525,1029,-8
2,469,1018,-8
2,414,1012,8
2,361,1005,8
2,297,1002,8
2,216,1012,16
2,144,1012,8
2,69,1012,8
2,0,1005,8
2,-61,986,8
2,-138,966,8
2,-256,955,24
2,-347,949,24
2,-436,940,39
2,-521,922,56
2,-586,900,56
2,-662,873,64
2,-725,866,48
2,-799,868,48
2,-880,852,48
2,-948,849,39
2,-1022,832,24
2,-1079,823,39
2,-1130,833,24
2,-1189,827,16
2,-1238,813,16
2,-1274,794,0
2,-1307,762,-8
2,-1335,723,-16
2,-1351,695,-16
2,-1360,675,-24
2,-1359,675,-39
2,-1353,689,-24
2,-1346,696,-39
2,-1337,707,-32
2,-1328,716,-48
2,-1319,723,-56
2,-1307,730,-56
2,-1291,735,-39
2,-1273,741,-32
2,-1255,746,-24
2,-1198,762,-8
2,-1137,780,0
2,-1070,800,8
2,-947,848,0
2,-851,895,-8
2,-774,941,-8
2,-693,976,0
2,-596,1018,-8
2,-521,1050,-16
2,-452,1080,-16
2,-391,1104,8
2,-327,1122,24
2,-252,1140,39
2,-185,1163,48
2,-128,1204,39
2,-62,1246,56
2,2,1304,48
2,59,1340,32
2,132,1364,39
2,184,1378,16
2,221,1384,16
2,268,1402,39
2,325,1440,48
2,385,1494,39
2,432,1532,32
2,469,1551,39
2,489,1567,32
2,503,1591,32
2,515,1621,32
2,532,1664,24
2,561,1705,24
2,578,1732,16
2,597,1740,16
2,613,1746,16
2,616,1759,0
2,625,1762,16
2,643,1754,8
2,654,1750,-32
2,666,1752,-32
2,678,1755,-39
2,691,1755,-56
2,707,1755,-48
2,715,1741,-56
2,730,1721,-39
2,742,1698,-39
2,755,1670,-32
2,768,1639,-32
2,777,1607,-24
2,801,1533,-16
2,829,1457,-16
2,859,1388,-16
2,890,1335,-16
2,942,1280,-32
2,981,1217,-32
2,1026,1175,-16
2,1061,1142,-16
2,1078,1094,-8
2,1073,1063,0
2,1080,1017,-8
2,1080,996,8
2,1093,973,16
2,1097,968,32
2,1106,954,16
2,1118,935,-8
2,1148,893,-16
2,1173,859,-16
2,1176,829,-32
2,1183,792,-56
2,1180,765,-56
2,1150,738,-24
2,1107,724,-24
2,1071,726,-39
2,1029,733,-24
2,979,746,-24
2,928,762,-24
2,881,778,-32
2,836,788,-24
2,788,810,16
2,744,840,24
2,700,868,32
2,651,890,39
2,597,915,39
2,552,950,48
2,508,988,39
2,479,1035,32
2,446,1066,39
2,415,1071,39
2,383,1086,39
2,335,1150,39
2,285,1213,32
2,233,1281,32
2,170,1319,32
2,99,1343,32
2,27,1365,32
2,-36,1381,32
2,-78,1413,48
2,-120,1443,39
2,-157,1471,8
2,-173,1513,8
2,-193,1538,16
2,-205,1545,-8
2,-207,1554,-32
2,-208,1563,-39
2,-205,1569,-48
2,-206,1570,-39
2,-203,1570,-32
2,-202,1566,-48
2,-200,1561,-32
2,-195,1557,-24
2,-188,1554,-16
2,-176,1549,-32
2,-163,1546,-32
2,-151,1543,-39
2,-136,1537,-32
2,-118,1526,-39
2,-71,1497,-64
2,-26,1470,-32
2,17,1447,-8
2,60,1419,0
2,102,1392,8
2,148,1363,32
2,246,1310,39
2,324,1276,16
2,392,1253,0
2,443,1235,-16
2,499,1212,0
2,554,1181,-24
2,582,1150,-56
2,592,1119,-64
2,590,1102,-56
2,587,1085,-39
2,579,1067,-32
2,567,1052,-32
2,551,1037,-24
2,531,1025,-16
2,509,1016,-8
2,481,1011,8
2,448,1008,0
2,377,1003,0
2,304,996,0
2,239,986,0
2,170,980,0
2,110,972,0
2,37,963,8
2,-44,950,24
2,-138,936,39
2,-226,917,48
2,-312,896,64
2,-395,878,72
2,-463,870,72
2,-525,864,64
2,-605,862,64
2,-715,861,56
2,-814,855,48
2,-893,851,48
2,-968,844,39
2,-1031,845,39
2,-1089,848,39
2,-1151,835,48
2,-1211,802,56
2,-1263,779,64
2,-1312,755,64
2,-1346,747,24
2,-1374,759,16
2,-1417,788,8
2,-1448,807,0
2,-1479,807,-24
2,-1501,798,-32
2,-1505,787,-48
2,-1504,776,-48
2,-1493,773,-56
2,-1486,774,-48
2,-1478,774,-48
2,-1469,776,-39
2,-1458,778,-48
2,-1444,781,-39
2,-1430,785,-39
2,-1422,786,-48
2,-1411,789,-39
2,-1396,792,-48
2,-1376,796,-56
2,-1356,798,-72
2,-1294,807,-56
2,-1229,814,-39
2,-1164,823,-24
2,-1035,838,-16
2,-908,856,8
2,-804,881,8
2,-720,908,16
2,-629,940,16
2,-540,972,16
2,-469,1000,8
2,-414,1031,8
2,-345,1056,16
2,-264,1073,8
2,-175,1082,16
2,-78,1081,24
2,10,1086,32
2,85,1100,39
2,154,1118,48
2,217,1144,56
2,262,1169,56
2,305,1191,48
2,350,1214,39
2,396,1240,32
2,454,1258,16
2,496,1279,16
2,536,1294,8
2,576,1304,16
2,613,1312,24
2,637,1327,32
2,650,1350,39
2,662,1380,39
2,671,1413,48
2,686,1427,39
2,698,1428,39
2,704,1437,16
2,710,1447,8
2,715,1458,0
2,717,1471,-8
2,717,1481,-16
2,708,1493,-32
2,688,1502,-32
2,659,1510,-32
2,624,1516,-32
2,586,1523,-32
2,521,1527,-32
2,453,1531,-24
2,382,1526,-16
2,310,1518,-16
2,260,1499,-32
2,235,1476,-48
2,198,1443,-72
2,147,1400,-72
2,94,1348,-72
2,31,1290,-48
2,-50,1245,-16
2,-141,1206,0
2,-227,1168,16
2,-308,1123,32
2,-386,1078,39
2,-464,1049,32
2,-542,1028,32
2,-621,1007,32
2,-690,995,32
2,-763,973,24
2,-836,943,39
2,-917,901,48
2,-987,865,48
2,-1055,818,56
2,-1111,786,56
2,-1158,771,39
2,-1195,772,24
2,-1226,791,16
2,-1256,803,8
2,-1281,791,0
2,-1293,786,-16
2,-1292,781,-24
2,-1292,775,-39
2,-1296,761,-48
2,-1292,752,-56
2,-1282,743,-48
2,-1276,743,-39
2,-1269,746,-32
2,-1260,748,-32
2,-1248,751,-24
2,-1236,752,-24
2,-1220,757,-32
2,-1205,762,-32
2,-1189,767,-32
2,-1144,782,-32
2,-1088,796,-39
2,-1040,810,-56
2,-990,823,-39
2,-932,836,-24
2,-821,846,-16
2,-709,854,-8
2,-607,861,0
2,-521,887,8
2,-438,923,24
2,-374,941,8
2,-305,975,8
2,-226,1005,8
2,-151,1032,8
2,-79,1044,0
2,5,1053,8
2,78,1048,0
2,150,1035,8
2,209,1025,0
2,277,1018,16
2,345,1019,32
2,420,1043,16
2,482,1054,39
2,543,1065,48
2,592,1079,64
2,644,1091,32
2,674,1108,79
2,704,1124,48
2,737,1140,48
2,774,1150,24
2,802,1160,32
2,830,1163,32
2,852,1182,39
2,862,1208,39
2,867,1231,48
2,894,1294,39
2,922,1341,32
2,948,1381,24
2,954,1430,0
2,943,1461,16
2,922,1484,16
2,898,1497,24
2,884,1511,24
2,856,1551,8
2,829,1588,8
2,804,1614,8
2,773,1649,-16
2,729,1680,-24
2,668,1697,-24
2,614,1705,-39
2,565,1709,-32
2,511,1708,-32
2,458,1710,-24
2,402,1712,-24
2,348,1714,-16
2,300,1722,-16
2,252,1727,-8
2,202,1728,0
2,146,1721,0
2,75,1699,-8
2,17,1690,0
2,-13,1699,-8
2,-45,1705,-16
2,-69,1715,-24
2,-87,1711,-39
2,-95,1714,-56
2,-107,1707,-56
2,-124,1687,-39
2,-138,1661,-39
2,-162,1610,-39
2,-179,1571,-32
2,-193,1539,-32
2,-201,1524,-32
2,-209,1510,-16
2,-226,1489,-16
2,-261,1457,-8
2,-294,1429,-8
2,-321,1405,-8
2,-360,1367,-32
2,-394,1301,-39
2,-406,1250,-24
2,-402,1211,-39
2,-382,1168,-39
2,-350,1121,-32
2,-338,1080,-56
2,-345,1054,-48
2,-367,1032,-56
2,-376,1005,-48
2,-373,975,-39
2,-365,942,-32
2,-348,912,-24
2,-326,885,-16
2,-319,852,-32
2,-298,827,0
2,-261,811,32
2,-211,805,32
2,-153,806,32
2,-95,813,24
2,-56,811,8
2,-22,805,24
2,23,799,32
2,80,808,24
2,151,817,32
2,222,828,32
2,293,831,48
2,364,829,56
2,434,821,56
2,491,814,64
2,547,812,72
2,593,833,56
2,627,885,48
2,668,927,56
2,720,963,48
2,772,987,64
2,820,1004,56
2,864,1021,56
2,897,1048,24
2,919,1076,8
2,955,1096,24
2,984,1112,16
2,1010,1142,16
2,1032,1175,16
2,1050,1215,-8
2,1045,1242,0
2,1029,1264,0
2,1017,1270,0
2,1001,1276,8
2,979,1286,8
2,959,1303,16
2,921,1346,24
2,883,1384,32
2,868,1402,16
2,841,1428,8
2,801,1478,-8
2,746,1537,-24
2,692,1578,-32
2,634,1608,-39
2,571,1627,-39
2,507,1638,-32
2,438,1645,-32
2,378,1642,-32
2,315,1637,-32
2,242,1627,-16
2,179,1615,-24
2,103,1599,-32
2,34,1578,-32
2,-26,1555,-39
2,-90,1530,-39
2,-127,1498,-56
2,-177,1463,-72
2,-233,1420,-48
2,-270,1363,-48
2,-311,1305,-16
2,-350,1254,-8
2,-410,1200,24
2,-482,1162,39
2,-557,1128,39
2,-625,1089,39
2,-696,1061,39
2,-744,1055,56
2,-804,1040,48
2,-876,1028,56
2,-953,997,72
2,-1035,979,39
2,-1104,956,64
2,-1163,950,56
2,-1222,947,64
2,-1277,947,72
2,-1330,950,72
2,-1384,949,56
2,-1438,958,48
2,-1488,975,39
2,-1545,975,48
2,-1625,977,48
2,-1686,986,39
2,-1758,1010,0
2,-1798,1048,24
2,-1799,1069,0
2,-1813,1080,0
2,-1805,1078,0
2,-1806,1084,-8
2,-1820,1099,0
2,-1827,1110,8
2,-1832,1110,16
2,-1836,1107,24
2,-1843,1108,24
2,-1849,1103,32
2,-1854,1104,48
2,-1860,1111,-8
2,-1873,1126,88
2,-1888,1151,-8
2,-1904,1178,48
2,-1935,1225,32
2,-1960,1275,16
2,-1992,1310,16
2,-2024,1358,8
2,-2025,1415,-8
2,-2001,1442,-32
2,-1968,1461,-48
2,-1944,1464,-56
2,-1932,1473,-39
2,-1918,1467,-96
2,-1898,1455,-72
2,-1883,1430,-39
2,-1877,1393,-24
2,-1871,1359,-39
2,-1856,1352,-39
2,-1840,1351,-32
2,-1823,1352,-32
2,-1805,1353,-24
2,-1787,1360,-16
2,-1767,1367,-16
2,-1749,1371,-16
2,-1733,1370,-24
2,-1724,1362,-32
2,-1711,1353,-32
2,-1697,1355,-32
2,-1679,1351,-32
2,-1660,1340,-39
2,-1648,1322,-32
2,-1631,1304,-39
2,-1608,1286,-39
2,-1582,1266,-48
2,-1547,1208,-39
2,-1514,1169,16
2,-1481,1141,-16
2,-1447,1111,-16
2,-1415,1086,-16
2,-1394,1084,-8
2,-1373,1081,-16
2,-1349,1079,-24
2,-1332,1069,-48
2,-1312,1052,-48
2,-1288,1039,-48
2,-1228,1016,-39
2,-1174,992,-56
2,-1113,975,-56
2,-1053,959,-56
2,-988,948,-56
2,-913,954,-32
2,-834,956,-39
2,-756,970,-16
2,-673,972,-16
2,-585,982,8
2,-489,1006,24
2,-394,1025,24
2,-299,1042,24
2,-207,1055,16
2,-127,1065,16
2,-39,1079,16
2,46,1088,16
2,135,1097,16
2,222,1102,32
2,298,1084,32
2,372,1081,32
2,448,1080,39
2,525,1100,39
2,587,1107,32
2,649,1107,24
2,709,1102,16
2,764,1091,16
2,814,1089,-8
2,859,1086,-8
2,909,1087,-16
2,932,1092,-16
2,934,1091,-16
2,936,1090,-32
2,927,1085,-24
2,923,1083,-16
2,919,1081,-24
2,913,1077,-48
2,907,1077,-39
2,899,1076,-56
2,889,1074,-48
2,875,1072,-64
2,858,1069,-48
2,841,1066,-32
2,822,1064,-24
2,804,1064,-8
2,745,1062,-8
2,684,1059,8
2,621,1057,8
2,480,1045,8
2,345,1035,8
2,228,1028,8
2,115,1015,8
2,10,1000,16
2,-84,983,16
2,-174,963,32
2,-260,944,39
2,-337,937,32
2,-410,942,32
2,-487,944,39
2,-564,946,48
2,-640,948,39
2,-721,939,48
2,-793,935,39
2,-862,924,39
2,-926,915,39
2,-980,899,39
2,-1035,892,32
2,-1085,899,48
2,-1135,889,24
2,-1177,901,8
2,-1216,893,-8
2,-1246,906,0
2,-1258,902,-32
2,-1255,902,-24
2,-1244,902,-32
2,-1227,903,-32
2,-1221,902,-48
2,-1214,904,-56
2,-1203,908,-72
2,-1190,911,-48
2,-1174,911,-64
2,-1156,914,-24
2,-1136,915,-32
2,-1073,922,0
2,-1009,934,24
2,-943,947,24
2,-816,987,24
2,-700,1022,16
2,-585,1057,24
2,-483,1087,24
2,-377,1127,8
2,-263,1165,8
2,-148,1193,16
2,-39,1207,24
2,69,1229,24
2,168,1246,24
2,258,1256,32
2,329,1264,39
2,398,1259,24
2,462,1255,8
2,520,1244,8
2,571,1232,16
2,617,1219,8
2,655,1212,8
2,693,1196,-8
2,727,1174,-8
2,763,1154,8
2,798,1133,8
2,830,1093,-16
2,863,1070,8
2,899,1061,8
2,933,1054,0
2,963,1055,0
2,989,1044,-24
2,1014,1020,-32
2,1032,974,-56
2,1045,931,-79
2,1045,894,-88
2,1023,851,-64
2,986,812,-56
2,951,779,-72
2,911,748,-72
2,859,714,-72
2,799,684,-72
2,733,656,-64
2,668,632,-48
2,604,614,-24
2,541,604,-16
2,475,602,8
2,416,606,24
2,357,620,39
2,296,643,39
2,226,678,39
2,162,699,32
2,99,712,39
2,26,727,32
2,-47,745,32
2,-127,762,48
2,-201,763,64
2,-271,764,48
2,-355,768,64
2,-432,772,64
2,-509,765,72
2,-578,770,72
2,-647,775,64
2,-713,797,56
2,-791,811,56
2,-855,828,48
2,-917,837,39
2,-971,837,48
2,-1031,824,39
2,-1098,798,39
2,-1162,771,39
2,-1231,733,39
2,-1291,706,48
2,-1342,694,48
2,-1386,699,48
2,-1428,714,39
2,-1444,743,24
2,-1460,761,8
2,-1494,760,0
2,-1540,724,-8
2,-1458,848,-39
2,-1391,848,-24
2,-1347,848,-32
2,-1291,852,-56
2,-1222,861,-48
2,-1156,867,-48
2,-1103,878,-72
2,-1039,880,-64
2,-979,883,-56
2,-921,894,-32
2,-858,897,-24
2,-801,900,-16
2,-745,909,-8
2,-686,922,8
2,-631,939,8
2,-591,961,0
2,-533,983,8
2,-437,994,8
2,-317,996,0
2,-221,1005,-8
2,-156,1021,-8
2,-80,1027,24
2,-15,1041,32
2,56,1045,24
2,122,1053,39
2,179,1075,56
2,226,1107,72
2,270,1147,79
2,318,1179,79
2,365,1215,64
2,405,1251,56
2,430,1298,48
2,454,1331,32
2,464,1355,39
2,486,1392,32
2,501,1416,39
2,509,1437,39
2,506,1458,24
2,502,1474,16
2,496,1496,8
2,487,1532,8
2,489,1564,16
2,483,1592,16
2,466,1608,0
2,438,1630,-16
2,377,1665,-32
2,339,1675,-16
2,322,1662,-24
2,305,1655,-64
2,283,1646,-72
2,257,1631,-72
2,217,1594,-64
2,173,1566,-48
2,127,1531,-48
2,72,1498,-32
2,11,1466,-16
2,-55,1438,-8
2,-101,1401,-24
2,-155,1362,-16
2,-198,1321,-16
2,-233,1272,0
2,-286,1225,8
2,-362,1198,0
2,-445,1170,16
2,-525,1138,24
2,-623,1110,39
2,-720,1079,48
2,-802,1051,56
2,-867,1039,56
2,-924,1030,64
2,-986,1015,39
2,-1046,1006,24
2,-1088,1002,16
2,-1141,997,0
2,-1176,978,-8
2,-1210,956,-24
2,-1235,933,-48
2,-1238,913,-48
2,-1239,887,-48
2,-1232,877,-56
2,-1220,864,-48
2,-1197,854,-48
2,-1169,850,-48
2,-1133,853,-39
2,-1103,863,-24
2,-1069,874,-39
2,-1007,895,-39
2,-948,918,-48
2,-877,925,-39
2,-797,924,-39
2,-716,923,-24
2,-639,926,-16
2,-557,933,0
2,-475,948,16
2,-400,973,24
2,-316,1000,39
2,-238,1030,24
2,-152,1057,16
2,-82,1083,8
2,-18,1099,0
2,44,1105,-8
2,105,1105,0
2,168,1101,16
2,225,1097,16
2,279,1094,24
2,335,1095,39
2,389,1103,48
2,441,1114,39
2,480,1134,32
2,511,1152,24
2,549,1161,8
2,599,1163,8
2,642,1162,0
2,684,1159,-24
2,725,1151,-32
2,761,1146,-39
2,794,1129,-32
2,807,1106,-32
2,809,1103,-48
2,810,1092,-48
2,795,1080,-32
2,774,1063,-39
2,750,1049,-32
2,727,1033,-48
2,699,1020,-24
2,666,1012,-24
2,607,977,-39
2,536,958,-32
2,457,944,-32
2,392,920,-32
2,315,913,8
2,233,910,16
2,148,909,24
2,66,903,39
2,-8,895,48
2,-80,884,39
2,-150,885,39
2,-209,883,24
2,-275,883,32
2,-343,882,24
2,-412,875,24
2,-472,867,32
2,-535,854,24
2,-584,833,0
2,-631,823,8
2,-664,818,16
2,-691,815,16
2,-719,814,8
2,-735,818,0
2,-745,823,-8
2,-753,827,-16
2,-755,819,-24
2,-755,814,-32
2,-747,812,-48
2,-742,814,-39
2,-736,816,-24
2,-728,820,-8
2,-720,825,8
2,-709,832,16
2,-697,839,24
2,-682,847,39
2,-666,854,48
2,-647,864,32
2,-582,896,24
2,-525,923,39
2,-477,947,48
2,-437,972,56
2,-395,1002,48
2,-353,1035,56
2,-268,1103,39
2,-193,1162,32
2,-130,1213,24
2,-78,1261,24
2,-31,1304,16
2,11,1338,8
2,54,1369,8
2,97,1398,8
2,139,1421,8
2,184,1441,16
2,232,1455,24
2,280,1467,32
2,325,1481,39
2,371,1486,32
2,414,1498,24
2,449,1506,16
2,482,1523,8
2,512,1532,8
2,546,1540,-8
2,578,1538,-16
2,618,1513,-24
2,662,1498,-16
2,705,1485,-8
2,754,1471,-8
2,802,1455,-8
2,841,1438,0
2,867,1415,0
2,906,1388,0
2,924,1365,0
2,947,1340,0
2,965,1314,0
2,982,1292,0
2,987,1285,-8
2,992,1278,-16
2,1002,1264,-24
2,1006,1248,-39
2,1015,1229,-39
2,1025,1209,-39
2,1046,1171,-39
2,1051,1143,-32
2,1049,1130,-32
2,1040,1116,-24
2,1029,1101,-16
2,1015,1094,-8
2,1009,1089,8
2,993,1088,-8
2,958,1093,-8
2,926,1099,-16
2,899,1104,-16
2,868,1108,-24
2,808,1117,-32
2,742,1136,-24
2,683,1147,-24
2,612,1140,-8
2,557,1134,0
2,503,1137,16
2,447,1149,24
2,390,1170,39
2,333,1193,48
2,259,1206,32
2,191,1228,24
2,154,1258,16
2,117,1292,16
2,71,1314,8
2,23,1329,8
2,-19,1338,16
2,-60,1351,16
2,-87,1367,24
2,-110,1380,24
2,-120,1399,39
2,-119,1408,39
2,-115,1418,32
2,-105,1429,24
2,-92,1443,16
2,-80,1455,0
2,-64,1466,-8
2,-47,1472,-16
2,-23,1476,-24
2,5,1476,-32
2,36,1473,-24
2,69,1466,-24
2,102,1456,-24
2,155,1435,-16
2,180,1424,-24
2,243,1401,-24
2,310,1372,-24
2,384,1337,-32
2,451,1321,-24
2,516,1287,-39
2,559,1261,-39
2,598,1217,-39
2,644,1150,-39
2,676,1090,-32
2,709,1028,-32
2,734,992,-16
2,752,948,-32
2,769,907,-32
2,785,877,-24
2,801,836,-39
2,812,796,-39
2,811,746,-39
2,810,700,-48
2,798,657,-48
2,776,643,-24
2,750,646,-24
2,734,639,-39
2,712,623,-32
2,668,596,-32
2,637,571,-56
2,587,556,-16
2,537,548,-32
2,490,549,-16
2,431,553,8
2,374,560,8
2,323,571,16
2,256,598,48
2,180,632,64
2,120,663,64
2,67,689,64
2,14,713,56
2,-41,738,56
2,-96,765,48
2,-145,788,39
2,-194,806,39
2,-235,809,39
2,-274,816,39
2,-329,835,32
2,-387,851,39
2,-434,865,32
2,-489,866,48
2,-535,882,48
2,-596,897,64
2,-660,903,72
2,-719,910,56
2,-774,922,48
2,-830,930,39
2,-877,938,39
2,-933,959,32
2,-1007,969,24
2,-1064,969,32
2,-1102,934,24
2,-1147,883,24
2,-1185,843,8
2,-1207,830,0
2,-1227,832,-8
2,-1244,835,-16
2,-1247,840,-16
2,-1250,837,-24
2,-1251,837,-24
2,-1249,839,-32
2,-1235,847,-48
2,-1228,850,-39
2,-1222,852,-56
2,-1216,854,-64
2,-1209,858,-72
2,-1198,860,-64
2,-1186,861,-39
2,-1174,861,-32
2,-1159,863,-32
2,-1142,864,-24
2,-1085,867,-16
2,-1023,873,0
2,-960,883,0
2,-849,907,0
2,-743,933,-8
2,-645,956,0
2,-534,971,0
2,-434,983,0
2,-335,993,8
2,-254,1015,8
2,-169,1047,16
2,-89,1069,24
2,-22,1089,24
2,35,1107,32
2,89,1122,39
2,149,1138,39
2,195,1168,39
2,253,1186,39
2,323,1194,24
2,378,1195,16
2,431,1196,8
2,465,1208,0
2,501,1217,0
2,539,1213,8
2,577,1223,16
2,621,1228,16
2,663,1214,16
2,700,1193,16
2,727,1192,32
2,733,1209,39
2,740,1221,48
2,750,1237,56
2,766,1254,48
2,783,1272,39
2,812,1312,24
2,826,1354,24
2,834,1372,8
2,836,1384,0
2,837,1397,-16
2,834,1410,-24
2,824,1425,-24
2,812,1437,-16
2,796,1450,-16
2,777,1456,-16
2,757,1461,-16
2,737,1464,-16
2,716,1460,-8
2,691,1465,-16
2,659,1469,-24
2,623,1470,-32
2,553,1464,-39
2,481,1460,-56
2,413,1452,-64
2,342,1438,-72
2,264,1416,-64
2,184,1392,-64
2,138,1350,-56
2,78,1318,-32
2,36,1278,-24
2,-15,1245,-8
2,-66,1210,0
2,-127,1180,16
2,-190,1147,8
2,-249,1116,8
2,-302,1088,16
2,-352,1060,24
2,-414,1034,8
2,-476,1000,24
2,-533,955,32
2,-597,916,39
2,-662,888,48
2,-728,868,56
2,-787,846,64
2,-855,834,72
2,-920,834,64
2,-982,839,48
2,-1052,837,48
2,-1118,836,39
2,-1181,831,32
2,-1229,836,39
2,-1256,865,24
2,-1283,880,16
2,-1313,877,8
2,-1342,856,0
2,-1376,830,-16
2,-1391,817,-16
2,-1398,801,-32
2,-1397,794,-48
2,-1390,790,-48
2,-1380,790,-48
2,-1374,790,-48
2,-1367,790,-48
2,-1355,790,-56
2,-1342,789,-64
2,-1328,788,-56
2,-1286,785,-56
2,-1242,785,-48
2,-1199,794,-24
2,-1152,801,-16
2,-1110,812,-8
2,-1057,820,-24
2,-961,830,-24
2,-873,849,-24
2,-790,874,-32
2,-711,896,-32
2,-628,912,-16
2,-552,930,-8
2,-485,953,0
2,-416,973,8
2,-345,989,24
2,-275,1012,39
2,-203,1037,48
2,-136,1066,32
2,-69,1091,24
2,-4,1115,16
2,70,1121,16
2,134,1124,8
2,194,1126,0
2,249,1125,0
2,296,1121,8
2,324,1124,8
2,364,1120,16
2,407,1118,16
2,436,1120,8
2,462,1122,0
2,477,1129,-8
2,481,1132,-16
2,480,1138,-24
2,480,1136,-39
2,476,1131,-48
2,473,1129,-56
2,466,1126,-48
2,461,1120,-56
2,453,1115,-32
2,442,1110,-16
2,427,1107,0
2,410,1105,8
2,388,1104,24
2,326,1099,8
2,271,1087,8
2,213,1075,16
2,148,1062,16
2,16,1031,16
2,-103,1001,24
2,-214,978,32
2,-325,956,48
2,-430,931,64
2,-536,916,72
2,-633,903,79
2,-726,901,72
2,-819,887,64
2,-899,876,56
2,-967,874,56
2,-1027,873,56
2,-1085,877,48
2,-1144,866,64
2,-1208,841,56
2,-1266,818,39
2,-1326,791,39
2,-1386,772,39
2,-1437,780,32
2,-1483,769,32
2,-1529,758,24
2,-1567,771,16
2,-1591,766,0
2,-1607,788,-8
2,-1601,817,-16
2,-1598,821,-24
2,-1606,808,-32
2,-1609,793,-48
2,-1609,787,-48
2,-1607,783,-48
2,-1599,781,-39
2,-1591,780,-39
2,-1586,779,-32
2,-1581,782,-48
2,-1569,789,-48
2,-1556,795,-39
2,-1540,799,-48
2,-1526,805,-32
2,-1510,808,-48
2,-1496,807,-56
2,-1480,806,-64
2,-1459,806,-56
2,-1393,815,-32
2,-1326,825,-32
2,-1199,844,-16
2,-1088,861,-8
2,-1006,891,-16
2,-929,914,-8
2,-861,937,-16
2,-781,955,-8
2,-693,967,-8
2,-603,978,-8
2,-518,995,-16
2,-447,1010,-16
2,-375,1016,8
2,-308,1027,8
2,-237,1035,24
2,-164,1043,39
2,-81,1052,56
2,-15,1076,48
2,22,1121,24
2,48,1170,24
2,69,1215,16
2,100,1247,8
2,133,1271,0
2,172,1289,0
2,229,1288,16
2,288,1283,16
2,335,1287,24
2,396,1276,39
2,449,1275,24
2,485,1293,39
2,509,1307,39
2,548,1310,24
2,585,1317,16
2,619,1340,0
2,657,1349,-8
2,684,1363,-16
2,702,1371,-32
2,706,1371,-48
2,704,1360,-64
2,696,1349,-72
2,690,1345,-64
2,684,1337,-64
2,677,1327,-64
2,668,1316,-48
2,626,1290,-24
2,576,1272,-16
2,520,1256,-16
2,414,1229,-16
2,315,1206,-16
2,227,1182,-16
2,144,1157,-16
2,60,1129,-16
2,-14,1099,0
2,-85,1061,8
2,-165,1027,24
2,-248,996,48
2,-332,971,56
2,-416,956,64
2,-517,939,56
2,-610,927,56
2,-684,926,48
2,-773,933,48
2,-849,930,48
2,-911,908,48
2,-978,895,48
2,-1058,873,48
2,-1135,838,48
2,-1193,809,48
2,-1241,794,48
2,-1284,773,48
2,-1321,774,56
2,-1367,764,48
2,-1414,769,32
2,-1471,782,8
2,-1541,769,16
2,-1587,769,16
2,-1613,763,16
2,-1621,778,0
2,-1623,784,-24
2,-1627,779,-24
2,-1632,769,-24
2,-1205,784,-39
2,-1195,783,-32
2,-1184,783,-32
2,-1157,794,-32
2,-1122,806,-32
2,-1078,814,-32
2,-1023,825,-32
2,-933,837,-39
2,-860,846,-32
2,-790,859,-24
2,-730,869,-16
2,-669,896,-8
2,-592,915,-8
2,-525,928,16
2,-465,943,24
2,-406,952,39
2,-344,960,48
2,-280,969,39
2,-207,984,39
2,-127,1003,39
2,-55,1026,56
2,6,1049,64
2,67,1082,72
2,112,1127,79
2,153,1177,72
2,202,1218,56
2,251,1257,56
2,297,1297,56
2,346,1334,48
2,391,1361,56
2,430,1400,48
2,466,1438,48
2,501,1476,48
2,535,1515,48
2,573,1560,64
2,620,1604,48
2,658,1640,39
2,706,1672,39
2,763,1688,32
2,804,1697,32
2,843,1720,48
2,898,1753,16
2,955,1804,16
2,1004,1837,24
2,1052,1847,24
2,1079,1849,24
2,1112,1850,0
2,1143,1839,-16
2,1164,1831,0
2,1174,1826,-8
2,1178,1826,-24
2,1178,1827,-32
2,1171,1823,-56
2,1170,1819,-88
2,1166,1813,-96
2,1160,1803,-72
2,1154,1792,-56
2,1136,1756,-32
2,1125,1707,-48
2,1120,1658,-39
2,1112,1574,-39
2,1108,1510,-39
2,1108,1440,-32
2,1106,1375,-32
2,1104,1309,-32
2,1104,1239,-32
2,1106,1174,-32
2,1085,1118,-24
2,1082,1063,-24
2,1091,1007,-24
2,1108,949,-16
2,1130,892,0
2,1156,832,8
2,1181,774,24
2,1200,726,0
2,1228,660,24
2,1268,603,0
2,558,317,-32
2,520,329,-8
2,478,341,8
2,438,355,16
2,394,372,39
2,302,412,64
2,201,448,88
2,102,483,88
2,6,525,88
2,-84,568,72
2,-174,606,64
2,-254,641,64
2,-338,670,56
2,-409,693,64
2,-475,712,64
2,-529,726,64
2,-594,739,64
2,-653,742,64
2,-707,764,64
2,-769,792,79
2,-847,810,79
2,-933,815,72
2,-1008,823,56
2,-1094,850,48
2,-1172,855,72
2,-1254,871,56
2,-1333,864,64
2,-1395,846,56
2,-1447,850,32
2,-1494,855,39
2,-1539,856,39
2,-1591,849,48
2,-1652,835,39
2,-1709,832,32
2,-1747,847,24
2,-1789,854,16
2,-1823,872,16
2,-1848,895,-8
2,-1857,941,8
2,-1872,1009,32
2,-1888,1059,8
2,-1929,1093,0
2,-1967,1104,-16
2,-1992,1092,-8
2,-2000,1053,-16
2,-1989,1023,-32
2,-1977,992,-32
2,-1972,1003,-32
2,-1967,1006,-64
2,-1958,1016,-79
2,-1947,1024,-56
2,-1935,1025,-56
2,-1920,1027,-64
2,-1904,1026,-79
2,-1857,1017,-64
2,-1808,1009,-48
2,-1755,1001,-56
2,-1644,996,-56
2,-1535,999,-64
2,-1429,1002,-64
2,-1336,997,-72
2,-1251,995,-56
2,-1171,984,-56
2,-1090,971,-39
2,-1014,960,-24
2,-934,970,24
2,-851,1010,39
2,-768,1066,56
2,-692,1120,39
2,-613,1175,24
2,-533,1224,32
2,-448,1282,24
2,-365,1351,0
2,-270,1397,8
2,-181,1435,16
2,-97,1453,24
2,0,1481,24
2,80,1495,24
2,147,1506,24
2,214,1505,24
2,280,1498,24
2,354,1498,8
2,407,1487,0
2,472,1477,-16
2,540,1461,-32
2,610,1435,-32
2,673,1392,-16
2,717,1364,-32
2,745,1336,0
2,762,1309,8
2,780,1284,16
2,801,1258,32
2,831,1229,24
2,871,1204,16
2,913,1189,8
2,955,1162,-8
2,989,1130,-8
2,1020,1106,-24
2,1036,1089,-32
2,1047,1075,-39
2,1047,1062,-32
2,1047,1047,-56
2,1040,1033,-48
2,1028,1016,-56
2,1009,1001,-64
2,982,988,-64
2,952,973,-72
2,887,944,-48
2,820,919,-39
2,763,892,-48
2,704,874,-16
2,642,869,0
2,572,875,16
2,499,890,24
2,417,908,16
2,341,931,8
2,263,943,16
2,196,949,8
2,122,952,8
2,49,950,8
2,-37,948,24
2,-126,941,24
2,-208,932,32
2,-290,922,48
2,-362,912,64
2,-439,907,64
2,-513,909,72
2,-579,936,56
2,-648,950,48
2,-720,949,48
2,-803,944,32
2,-882,933,24
2,-942,936,24
2,-991,925,32
2,-1033,906,8
2,-1070,897,0
2,-1092,895,-8
2,-1111,891,-8
2,-1115,898,-32
2,-1119,902,-16
2,-1113,906,-32
2,-1110,906,-32
2,-1102,908,-39
2,-1097,910,-32
2,-1088,914,-39
2,-1077,917,-39
2,-1064,919,-48
2,-1049,921,-32
2,-1030,923,-24
2,-1010,926,-16
2,-953,940,-8
2,-896,954,8
2,-827,971,32
2,-682,997,24
2,-559,1032,8
2,-449,1061,16
2,-328,1074,8
2,-234,1089,0
2,-170,1112,0
2,-133,1144,16
2,-100,1175,32
2,-64,1203,39
2,-29,1230,39
2,10,1254,48
2,50,1278,64
2,99,1311,72
2,150,1352,72
2,196,1392,64
2,244,1428,48
2,284,1464,32
2,311,1506,32
2,337,1534,16
2,360,1552,8
2,376,1560,0
2,379,1571,0
2,376,1576,0
2,361,1590,-8
2,349,1594,8
2,320,1603,0
2,291,1614,8
2,263,1624,0
2,231,1628,-16
2,180,1650,0
2,116,1662,-39
2,79,1668,-32
2,28,1660,-64
2,2,1647,-64
2,-3,1640,-64
2,-13,1623,-56
2,-31,1604,-39
2,-53,1585,-32
2,-102,1539,-32
2,-133,1495,-32
2,-142,1448,-32
2,-145,1400,-24
2,-166,1353,0
2,-236,1303,8
2,-322,1262,8
2,-384,1228,-8
2,-454,1197,8
2,-510,1163,-8
2,-566,1128,0
2,-611,1092,8
2,-645,1061,0
2,-695,1026,39
2,-744,989,56
2,-794,960,64
2,-850,932,64
2,-914,904,48
2,-977,880,39
2,-1042,878,39
2,-1097,881,32
2,-1135,905,39
2,-1170,914,24
2,-1212,902,16
2,-1261,871,16
2,-1303,841,0
2,-1334,820,-8
2,-1354,807,-16
2,-1362,805,-16
2,-1362,805,-24
2,-1354,801,-24
2,-1343,797,-32
2,-1337,800,-48
2,-1330,804,-39
2,-1323,809,-32
2,-1312,813,-39
2,-1300,818,-48
2,-1288,821,-39
2,-1275,822,-48
2,-1261,821,-32
2,-1247,819,-24
2,-1201,824,-24
2,-1152,834,-24
2,-1102,849,-16
2,-1048,865,-24
2,-949,898,-8
2,-848,932,-8
2,-754,962,16
2,-667,991,24
2,-590,1015,39
2,-523,1059,39
2,-457,1116,56
2,-399,1175,64
2,-342,1220,39
2,-281,1256,32
2,-223,1291,32
2,-161,1330,24
2,-103,1363,24
2,-43,1390,16
2,20,1408,16
2,85,1427,24
2,154,1447,32
2,225,1474,32
2,301,1501,39
2,374,1533,24
2,433,1544,32
2,483,1538,16
2,552,1525,-16
2,608,1528,-24
2,674,1524,-32
2,740,1495,-32
2,782,1462,-32
2,820,1435,-24
2,837,1408,-8
2,847,1387,0
2,860,1363,0
2,872,1337,0
2,884,1319,0
2,892,1307,0
2,904,1301,0
2,916,1298,-8
2,931,1285,-24
2,943,1264,-16
2,988,1222,-16
2,1016,1187,0
2,1035,1160,8
2,1061,1125,0
2,1087,1097,16
2,1113,1075,8
2,1135,1041,-24
2,1176,1010,-8
2,1201,993,0
2,1204,990,-8
2,1201,989,-8
2,1197,987,-39
2,1192,981,-48
2,1187,970,-48
2,1173,965,-32
2,1157,961,-48
2,1132,960,-39
2,1098,958,-48
2,1059,954,-56
2,979,942,-56
2,898,938,-39
2,817,937,-32
2,739,942,-16
2,665,952,0
2,611,951,0
2,561,947,0
2,499,955,8
2,426,972,8
2,354,985,-8
2,271,1004,-8
2,186,1015,-8
2,89,1030,0
2,0,1031,-8
2,-71,1019,0
2,-135,1000,8
2,-198,977,24
2,-253,945,32
2,-301,925,39
2,-346,935,48
2,-402,941,48
2,-465,932,56
2,-538,913,48
2,-609,901,48
2,-664,906,56
2,-733,907,32
2,-802,906,39
2,-867,899,39
2,-928,886,32
2,-977,868,32
2,-1021,860,32
2,-1061,850,24
2,-1104,832,8
2,-1136,829,0
2,-1165,853,0
2,-1192,863,-16
2,-1202,856,-24
2,-1200,851,-32
2,-1198,838,-39
2,-1190,826,-48
2,-1185,823,-48
2,-1178,821,-48
2,-1169,819,-39
2,-1158,817,-32
2,-1148,815,-24
2,-1137,813,-16
2,-1126,813,-16
2,-1110,816,-32
2,-1093,820,-24
2,-1074,825,-24
2,-1022,839,8
2,-969,853,8
2,-920,870,16
2,-874,887,24
2,-836,914,16
2,-809,947,24
2,-783,978,24
2,-752,1009,24
2,-685,1064,24
2,-615,1108,32
2,-549,1136,24
2,-481,1166,16
2,-405,1200,24
2,-344,1235,16
2,-289,1255,24
2,-237,1276,32
2,-185,1301,39
2,-127,1335,39
2,-78,1358,48
2,-34,1385,39
2,18,1410,24
2,74,1440,16
2,127,1469,8
2,191,1500,-16
2,251,1505,-16
2,301,1495,-16
2,344,1478,-8
2,397,1461,-8
2,452,1444,-8
2,496,1424,-8
2,550,1413,8
2,614,1405,0
2,679,1391,-8
2,727,1377,0
2,760,1371,-16
2,809,1362,-32
2,837,1340,-32
2,849,1299,-32
2,859,1258,-24
2,867,1219,-8
2,881,1178,8
2,897,1147,16
2,925,1126,8
2,952,1101,16
2,976,1076,8
2,1001,1058,-16
2,1022,1041,-24
2,1039,1007,-39
2,1036,976,-32
2,1026,953,-56
2,1011,943,-32
2,987,935,-32
2,958,930,-32
2,900,923,-39
2,834,917,-39
2,780,909,-64
2,718,901,-48
2,653,895,-32
2,582,892,-24
2,510,887,-16
2,438,888,-8
2,362,886,8
2,284,892,24
2,206,901,24
2,127,910,24
2,64,897,16
2,0,893,24
2,-73,891,24
2,-156,891,16
2,-248,886,24
2,-332,874,32
2,-400,858,24
2,-476,834,39
2,-535,822,32
2,-579,815,39
2,-637,813,39
2,-701,810,24
2,-752,817,8
2,-823,822,-8
2,-873,826,-16
2,-885,829,-32
2,-872,830,-48
2,-854,825,-56
2,-845,822,-48
2,-835,821,-32
2,-827,822,-24
2,-817,825,-8
2,-805,831,8
2,-791,837,8
2,-772,844,0
2,-749,851,0
2,-684,873,0
2,-619,895,-8
2,-551,913,-16
2,-404,935,39
2,-255,949,56
2,-118,962,64
2,1,983,64
2,88,1013,32
2,167,1044,39
2,253,1075,48
2,320,1106,24
2,375,1130,24
2,413,1148,8
2,443,1165,8
2,468,1159,24
2,478,1164,8
2,497,1164,8
2,522,1161,0
2,551,1158,0
2,561,1158,-8
2,567,1156,0
2,564,1161,8
2,565,1161,8
2,567,1165,0
2,567,1169,8
2,568,1172,8
2,571,1171,8
2,573,1171,0
2,572,1176,0
2,571,1181,0
2,570,1186,8
2,568,1189,8
2,563,1196,8
2,560,1204,0
2,554,1212,16
2,550,1218,8
2,549,1225,24
2,547,1230,8
2,545,1235,8
2,546,1240,-8
2,550,1244,0
2,552,1248,-24
2,552,1249,-24
2,552,1251,-32
2,552,1250,-32
2,552,1248,-39
2,550,1244,-48
2,548,1240,-48
2,548,1232,-48
2,548,1225,-56
2,548,1217,-48
2,548,1208,-48
2,547,1197,-48
2,542,1187,-48
2,537,1176,-56
2,535,1162,-56
2,532,1118,-39
2,524,1076,-32
2,526,1029,-8
2,522,987,8
2,519,956,24
2,518,932,32
2,515,914,32
2,518,898,32
2,517,896,32
2,517,895,32
2,516,895,32
2,515,896,39
2,514,899,48
2,513,903,56
2,512,909,56
2,509,918,56
2,509,928,48
2,512,938,48
2,514,949,56
2,518,960,48
2,521,974,39
2,529,1009,32
2,529,1044,24
2,520,1082,16
2,515,1114,16
2,507,1141,8
2,497,1169,8
2,482,1200,0
2,470,1229,-8
2,461,1253,-16
2,454,1277,-32
2,445,1293,-39
2,442,1306,-48
2,439,1315,-56
2,440,1313,-39
2,442,1310,-48
2,442,1304,-48
2,442,1296,-56
2,438,1288,-64
2,438,1279,-64
2,437,1268,-64
2,437,1256,-56
2,437,1242,-48
2,438,1199,-39
2,437,1155,-39
2,438,1113,-32
2,438,1071,-32
2,436,1030,-24
2,438,986,-32
2,446,907,-32
2,451,844,-24
2,454,789,-24
2,459,761,-8
2,463,735,0
2,466,714,16
2,468,698,32
2,473,688,39
2,484,684,48
2,490,680,48
2,491,680,48
2,492,683,48
2,494,688,48
2,500,695,32
2,506,702,39
2,512,708,39
2,516,717,56
2,520,726,48
2,521,740,48
2,523,756,48
2,528,803,48
2,536,847,56
2,537,879,48
2,539,916,39
2,547,972,32
2,557,1024,24
2,569,1099,24
2,568,1130,24
2,561,1156,16
2,562,1186,8
2,564,1211,0
2,567,1226,-8
2,572,1238,-16
2,574,1242,-32
2,577,1242,-32
2,578,1244,-48
2,579,1246,-56
2,581,1246,-48
2,583,1244,-48
2,585,1239,-48
2,585,1233,-56
2,586,1224,-56
2,586,1214,-64
2,587,1202,-64
2,590,1187,-39
2,592,1172,-48
2,594,1129,-39
2,599,1087,-24
2,600,1042,-24
2,610,996,-8
2,620,949,-16
2,628,905,-16
2,645,817,-8
2,663,740,-8
2,679,672,-8
2,679,627,-8
2,669,611,8
2,664,595,16
2,667,583,24
2,671,577,32
2,682,573,32
2,686,576,39
2,690,583,32
2,693,588,32
2,693,597,32
2,692,608,32
2,687,621,39
2,683,634,39
2,678,650,56
2,673,668,48
2,670,709,39
2,668,727,48
2,670,775,32
2,669,821,24
2,663,869,32
2,654,920,24
2,644,967,16
2,634,1010,8
2,619,1049,-8
2,604,1083,-16
2,584,1118,-32
2,559,1145,-56
2,540,1161,-56
2,523,1169,-64
2,508,1174,-64
2,494,1172,-64
2,478,1161,-64
2,460,1149,-64
2,440,1125,-56
2,395,1080,-64
2,358,1035,-56
2,304,998,-64
2,268,952,-48
2,247,899,-32
2,235,870,-24
2,220,825,-16
2,221,791,-8
2,216,765,8
2,209,742,16
2,201,724,32
2,199,717,32
2,196,716,48
2,194,722,48
2,194,725,56
2,194,731,56
2,195,739,72
2,194,747,64
2,194,759,72
2,195,776,56
2,198,795,64
2,202,815,48
2,204,835,48
2,209,894,39
2,212,950,39
2,207,995,16
2,203,1033,8
2,190,1060,0
2,175,1092,-8
2,169,1117,-16
2,166,1130,-24
2,168,1134,-32
2,171,1135,-48
2,176,1138,-39
2,180,1143,-48
2,184,1144,-64
2,187,1140,-72
2,190,1134,-72
2,190,1130,-72
2,189,1122,-64
2,188,1113,-64
2,185,1090,-48
2,186,1061,-48
2,188,1028,-39
2,188,994,-39
2,192,960,-32
2,196,926,-32
2,194,900,-24
2,178,880,-8
2,165,857,16
2,164,836,16
2,161,821,32
2,165,812,39
2,170,803,56
2,174,800,56
2,178,798,56
2,182,796,56
2,186,798,56
2,190,803,56
2,195,810,56
2,199,819,48
2,202,829,64
2,208,843,56
2,213,857,56
2,214,871,56
2,216,887,64
2,235,931,39
2,247,973,32
2,254,1016,32
2,266,1054,8
2,267,1094,8
2,264,1132,-16
2,261,1164,-16
2,249,1193,-24
2,240,1218,-32
2,231,1232,-48
2,225,1243,-56
2,212,1246,-72
2,208,1243,-79
2,210,1237,-56
2,226,1206,-56
2,239,1173,-56
2,250,1145,-56
2,279,1087,-64
2,289,1032,-64
2,275,990,-64
2,259,951,-64
2,241,914,-56
2,231,871,-48
2,230,814,-32
2,246,748,-24
2,261,700,-16
2,281,657,-8
2,294,624,0
2,299,587,0
2,292,571,16
2,286,557,32
2,277,555,39
2,266,565,48
2,242,584,56
2,228,608,48
2,227,643,48
2,231,670,56
2,235,695,64
2,234,716,56
2,241,744,64
2,251,780,56
2,257,820,48
2,251,908,56
2,249,996,56
2,270,1083,56
2,278,1157,56
2,312,1225,32
2,326,1281,24
2,319,1325,8
2,299,1347,8
2,290,1376,0
2,280,1380,-8
2,274,1381,0
2,271,1386,-16
2,267,1392,-24
2,269,1398,-24
2,269,1398,-48
2,271,1396,-48
2,274,1395,-48
2,280,1391,-48
2,285,1384,-48
2,292,1371,-32
2,297,1357,-48
2,303,1342,-39
2,311,1326,-32
2,320,1310,-32
2,328,1292,-32
2,350,1240,-32
2,372,1189,-39
2,399,1137,-39
2,417,1081,-48
2,452,977,-32
2,487,879,-16
2,513,795,-8
2,533,726,0
2,551,670,8
2,568,625,16
2,586,598,16
2,599,582,8
2,604,574,8
2,601,573,8
2,597,575,8
2,591,578,8
2,588,581,16
2,586,585,24
2,586,591,32
2,584,600,48
2,581,612,64
2,579,622,48
2,576,634,48
2,572,648,39
2,570,662,32
2,569,679,24
2,567,696,24
2,550,744,32
2,528,797,48
2,503,849,32
2,449,955,32
2,404,1045,8
2,361,1111,8
2,311,1144,-8
2,281,1174,-32
2,259,1202,-39
2,242,1210,-39
2,225,1219,-48
2,206,1217,-39
2,189,1211,-48
2,168,1202,-39
2,133,1188,-32
2,79,1166,-39
2,28,1146,-32
2,-11,1121,-32
2,-49,1083,-39
2,-87,1048,-39
2,-128,1007,-39
2,-165,968,-39
2,-190,929,-32
2,-200,892,-32
2,-194,859,-24
2,-203,828,-8
2,-237,800,-8
2,-260,775,0
2,-295,746,0
2,-315,727,-16
2,-340,710,0
2,-366,698,0
2,-403,697,8
2,-420,702,24
2,-422,708,24
2,-421,714,24
2,-415,726,39
2,-406,740,48
2,-404,746,48
2,-392,771,56
2,-374,798,48
2,-355,826,39
2,-334,855,32
2,-292,915,24
2,-245,981,32
2,-184,1025,48
2,-129,1075,39
2,-84,1120,48
2,-45,1168,39
2,-9,1214,39
2,15,1255,24
2,47,1302,16
2,74,1344,8
2,96,1372,-8
2,115,1399,-8
2,139,1416,-16
2,163,1432,-16
2,172,1430,-16
2,186,1422,-16
2,205,1410,-24
2,223,1382,-39
2,235,1359,-48
2,254,1339,-48
2,290,1301,-48
2,323,1264,-39
2,348,1213,-32
2,371,1167,-32
2,403,1120,-24
2,442,1071,-16
2,476,1028,-16
2,505,988,-24
2,524,966,-32
2,547,936,-32
2,573,894,-32
2,605,842,-16
2,623,792,-16
2,641,744,0
2,664,696,8
2,687,658,16
2,694,635,16
2,708,611,8
2,727,601,8
2,731,594,8
2,739,590,8
2,750,584,0
2,756,583,0
2,755,582,8
2,757,591,24
2,757,596,24
2,753,603,32
2,752,610,32
2,748,621,56
2,744,636,48
2,739,651,39
2,733,666,39
2,728,683,32
2,713,732,32
2,696,782,32
2,676,834,39
2,658,880,24
2,638,922,16
2,618,961,8
2,589,1002,8
2,544,1078,-16
2,497,1124,-24
2,459,1154,-32
2,439,1159,-32
2,418,1161,-32
2,395,1158,-32
2,375,1159,-39
2,350,1156,-24
2,325,1150,-32
2,295,1133,-39
2,277,1115,-39
2,248,1099,-48
2,186,1068,-48
2,136,1031,-39
2,99,997,-39
2,81,964,-39
2,48,932,-24
2,13,900,-16
2,-44,863,0
2,-89,836,0
2,-134,811,0
2,-179,786,0
2,-215,768,0
2,-249,752,-8
2,-273,744,-8
2,-302,735,0
2,-327,727,0
2,-345,719,0
2,-346,719,8
2,-342,721,16
2,-333,725,24
2,-327,729,24
2,-316,733,24
2,-306,738,16
2,-297,744,16
2,-287,751,16
2,-276,757,8
2,-263,762,8
2,-249,768,16
2,-232,775,32
2,-213,782,32
2,-163,803,32
2,-117,821,39
2,-68,837,39
2,-24,858,32
2,15,873,32
2,51,887,24
2,85,911,8
2,116,934,8
2,151,964,8
2,185,989,8
2,253,1043,0
2,321,1072,0
2,375,1077,-8
2,416,1084,-24
2,433,1092,-32
2,446,1090,-32
2,457,1082,-39
2,465,1069,-39
2,477,1045,-24
2,490,1025,-32
2,503,1008,-24
2,519,990,-24
2,538,967,-16
2,568,909,-16
2,590,864,-24
2,603,819,-24
2,610,774,-24
2,610,731,-32
2,612,691,-32
2,609,651,-16
2,611,617,-8
2,619,587,0
2,619,567,8
2,620,561,16
2,618,558,24
2,616,561,24
2,616,567,16
2,617,571,16
2,620,573,8
2,621,579,16
2,619,587,16
2,614,594,16
2,611,601,24
2,609,610,24
2,607,620,32
2,604,633,39
2,600,648,48
2,595,665,39
2,588,683,39
2,571,726,24
2,557,777,32
2,538,834,32
2,513,887,32
2,448,980,39
2,383,1060,39
2,329,1127,24
2,290,1179,16
2,248,1225,16
2,218,1263,8
2,198,1281,-8
2,189,1282,-16
2,180,1277,-16
2,176,1283,-32
2,173,1292,-32
2,165,1298,-39
2,152,1293,-32
2,125,1283,-39
2,93,1274,-48
2,45,1252,-56
2,3,1213,-56
2,-29,1164,-56
2,-59,1101,-48
2,-87,1046,-48
2,-117,992,-48
2,-128,942,-32
2,-142,892,-39
2,-155,847,-39
2,-168,811,-32
2,-172,783,-24
2,-165,757,-16
2,-172,740,-39
2,-165,732,-8
2,-146,726,0
2,-134,719,-24
2,-110,710,8
2,-87,704,-16
2,-63,695,-24
2,-30,685,0
2,40,656,0
2,110,623,16
2,185,592,24
2,237,568,16
2,277,549,32
2,303,541,48
2,335,532,32
2,367,523,24
2,391,513,8
2,408,506,8
2,424,502,8
2,451,494,0
2,495,484,8
2,523,487,24
2,531,494,39
2,537,507,48
2,543,526,56
2,548,549,39
2,551,575,39
2,549,604,32
2,546,635,24
2,534,694,32
2,517,739,32
2,521,770,24
2,527,785,24
2,528,809,39
2,527,836,32
2,523,872,39
2,518,931,16
2,517,989,24
2,509,1027,16
2,498,1056,8
2,502,1066,-24
2,508,1072,-24
2,507,1084,-8
2,499,1093,-16
2,484,1099,-8
2,458,1105,-8
2,437,1108,-32
2,416,1106,-32
2,393,1102,-39
2,363,1095,-39
2,330,1090,-39
2,256,1073,-32
2,177,1055,-24
2,111,1037,-24
2,80,1020,-24
2,34,1005,-8
2,-11,977,-16
2,-60,948,-16
2,-129,925,-8
2,-192,906,0
2,-227,891,-16
2,-227,881,0
2,-227,880,8
2,-221,879,16
2,-201,879,32
2,-192,881,39
2,-184,884,32
2,-178,889,39
2,-171,894,32
2,-165,900,32
2,-157,906,24
2,-147,913,24
2,-134,919,24
2,-121,925,32
2,-105,932,39
2,-51,947,32
2,-3,963,32
2,42,980,24
2,81,1001,16
2,107,1031,8
2,133,1055,-8
2,158,1063,-16
2,180,1069,-24
2,185,1071,-32
2,189,1072,-24
2,189,1074,-24
2,184,1078,-24
2,180,1080,-24
2,172,1083,-8
2,158,1086,-8
2,143,1087,-16
2,128,1086,-8
2,79,1080,-8
2,38,1067,-16
2,-1,1051,-8
2,-50,1037,8
2,-153,1009,24
2,-232,969,32
2,-319,941,48
2,-416,918,48
2,-537,894,39
2,-644,889,32
2,-725,902,24
2,-807,902,8
2,-859,888,16
2,-903,858,8
2,-924,827,0
2,-937,796,-8
2,-953,779,-24
2,-959,779,-32
2,-957,784,-39
2,-953,784,-48
2,-950,783,-48
2,-945,780,-39
2,-939,777,-56
2,-929,774,-56
2,-916,771,-56
2,-904,772,-32
2,-890,774,-24
2,-876,778,-8
2,-860,785,8
2,-839,791,0
2,-770,805,0
2,-697,814,0
2,-568,844,-16
2,-458,875,-16
2,-355,901,8
2,-244,909,24
2,-141,921,32
2,-46,943,39
2,37,966,48
2,104,994,39
2,176,1011,24
2,242,1017,16
2,308,1012,8
2,370,1002,-8
2,417,994,-8
2,444,990,-8
2,470,987,-8
2,486,995,-8
2,492,996,-8
2,498,996,-16
2,501,995,-8
2,499,995,-8
2,494,997,-8
2,488,998,-16
2,478,1001,-24
2,466,1004,-32
2,455,1005,-39
2,444,1004,-32
2,431,1002,-16
2,413,1001,0
2,392,999,8
2,326,996,24
2,253,994,39
2,127,979,32
2,13,963,32
2,-87,952,32
2,-186,934,32
2,-299,925,24
2,-403,916,32
2,-494,904,39
2,-582,893,39
2,-665,881,39
2,-754,874,48
2,-853,853,39
2,-933,833,32
2,-999,817,24
2,-1028,805,16
2,-1064,808,-8
2,-1073,826,-16
2,-1074,833,-24
2,-1078,829,-32
2,-1086,819,-39
2,-1094,805,-39
2,-1094,794,-39
2,-1078,791,-39
2,-1071,793,-39
2,-1065,797,-48
2,-1056,800,-48
2,-1044,802,-56
2,-1027,801,-56
2,-1009,800,-56
2,-955,796,-39
2,-902,790,-32
2,-842,788,0
2,-734,793,8
2,-627,812,32
2,-529,841,24
2,-424,865,24
2,-312,882,16
2,-204,892,8
2,-96,886,8
2,3,880,16
2,86,884,24
2,161,893,32
2,227,902,39
2,285,913,56
2,338,929,56
2,395,942,39
2,451,947,32
2,501,972,32
2,545,992,16
2,575,1021,24
2,592,1049,24
2,601,1070,16
2,601,1089,32
2,596,1103,32
2,589,1120,32
2,576,1141,39
2,544,1195,48
2,511,1245,48
2,474,1294,39
2,430,1350,32
2,387,1401,24
2,340,1425,16
2,298,1441,16
2,248,1465,16
2,203,1514,8
2,157,1579,0
2,110,1627,0
2,76,1648,32
2,50,1660,-8
2,43,1668,24
2,35,1695,-8
2,35,1706,-8
2,42,1713,-8
2,50,1719,-32
2,60,1722,-32
2,80,1724,-16
2,102,1721,-32
2,123,1717,-32
2,144,1711,-39
2,170,1696,-48
2,204,1674,-39
2,258,1621,-56
2,323,1559,-16
2,377,1498,-24
2,424,1447,-8
2,470,1399,0
2,519,1356,0
2,567,1313,0
2,627,1265,-16
2,689,1218,-16
2,740,1176,-24
2,780,1138,-16
2,807,1100,-8
2,832,1060,0
2,856,1026,24
2,891,993,0
2,928,966,0
2,951,951,0
2,963,952,-8
2,959,957,-16
2,951,960,-32
2,948,959,-16
2,943,960,0
2,935,966,24
2,928,972,39
2,923,978,56
2,920,987,39
2,916,997,32
2,914,1006,24
2,908,1016,8
2,904,1026,8
2,899,1037,0
2,891,1049,8
2,883,1063,0
2,877,1079,0
2,849,1124,8
2,816,1160,-8
2,788,1187,-8
2,758,1210,-8
2,730,1231,-24
2,706,1247,-24
2,675,1260,-24
2,647,1267,-24
2,630,1270,-16
2,607,1276,-32
2,585,1285,-24
2,558,1292,-16
2,529,1299,-16
2,511,1299,-16
2,499,1296,-16
2,487,1292,-16
2,474,1286,-24
2,457,1282,-8
2,432,1279,-8
2,406,1275,-8
2,383,1274,-8
2,367,1269,-8
2,362,1265,-16
2,350,1264,-16
2,340,1258,-8
2,338,1249,-8
2,339,1246,-16
2,338,1242,-24
2,335,1238,-24
2,332,1233,-16
2,321,1219,-16
2,299,1207,-8
2,281,1192,-8
2,271,1179,-8
2,261,1172,-8
2,253,1165,-8
2,249,1157,-8
2,248,1154,-16
2,248,1151,-16
2,249,1145,-24
2,248,1140,-24
2,247,1133,-24
2,246,1127,-32
2,247,1120,-24
2,249,1098,-24
2,247,1076,-24
2,253,1053,-8
2,261,1027,-8
2,272,998,-16
2,292,972,-8
2,316,945,-8
2,341,919,-8
2,366,881,8
2,366,866,24
2,365,855,39
2,372,847,32
2,376,846,56
2,379,847,56
2,383,850,56
2,388,855,48
2,392,861,48
2,397,869,48
2,403,876,32
2,407,884,32
2,410,891,39
2,411,902,56
2,412,917,56
2,413,933,48
2,414,951,56
2,419,1001,48
2,434,1050,24
2,450,1091,24
2,466,1131,16
2,479,1168,8
2,490,1202,-8
2,494,1232,-8
2,482,1260,-8
2,458,1280,-16
2,434,1307,-39
2,407,1327,-39
2,380,1341,-56
2,345,1352,-48
2,275,1354,-39
2,230,1353,-48
2,171,1340,-24
2,107,1317,-16
2,36,1292,-8
2,-35,1268,0
2,-92,1243,-8
2,-138,1219,0
2,-199,1205,0
2,-261,1188,-8
2,-325,1157,-8
2,-383,1117,0
2,-445,1076,16
2,-502,1031,39
2,-576,997,39
2,-654,968,48
2,-732,937,56
2,-806,915,56
2,-860,910,39
2,-924,895,32
2,-983,886,16
2,-1037,873,8
2,-1091,846,0
2,-1134,836,0
2,-1161,828,-16
2,-1178,823,-16
2,-1181,820,-16
2,-1182,814,0
2,-1176,814,-8
2,-1171,818,-24
2,-1165,823,-24
2,-1163,826,-24
2,-1162,829,-39
2,-1156,834,-48
2,-1145,838,-48
2,-1130,841,-48
2,-1113,844,-39
2,-1095,845,-24
2,-1073,847,0
2,-1008,858,16
2,-950,874,16
2,-894,896,0
2,-849,919,-8
2,-796,942,-8
2,-672,981,-16
2,-550,1010,-8
2,-429,1028,16
2,-326,1048,8
2,-227,1064,32
2,-139,1080,32
2,-80,1099,32
2,-28,1124,39
2,0,1158,32
2,21,1193,24
2,46,1226,16
2,51,1255,8
2,67,1279,8
2,104,1293,16
2,140,1306,16
2,173,1318,0
2,198,1332,8
2,222,1343,0
2,240,1354,-8
2,241,1357,-24
2,243,1357,0
2,250,1355,-8
2,260,1353,0
2,271,1352,0
2,280,1352,0
2,291,1350,0
2,305,1345,-8
2,320,1339,-8
2,336,1330,-8
2,348,1323,-8
2,358,1313,-8
2,363,1310,8
2,361,1310,-16
2,362,1310,0
2,363,1310,0
2,366,1309,16
2,368,1308,0
2,371,1308,0
2,373,1309,-8
2,375,1309,0
2,379,1307,0
2,382,1305,0
2,382,1303,8
2,383,1302,0
2,384,1301,16
2,387,1302,16
2,388,1304,24
2,390,1306,24
2,393,1308,39
2,399,1309,16
2,404,1311,24
2,408,1314,24
2,411,1318,16
2,414,1323,16
2,416,1328,8
2,418,1331,0
2,419,1335,-16
2,420,1339,-24
2,423,1341,-32
2,426,1342,-24
2,428,1342,-39
2,431,1341,-56
2,433,1338,-64
2,437,1331,-64
2,440,1320,-64
2,444,1308,-56
2,447,1296,-48
2,450,1259,-48
2,452,1223,-39
2,452,1189,-39
2,453,1154,-32
2,456,1118,-32
2,458,1084,-32
2,457,1054,-32
2,463,1022,-24
2,476,989,-8
2,494,944,8
2,524,873,16
2,541,828,32
2,538,822,64
2,535,824,64
2,535,825,56
2,538,828,64
2,540,834,56
2,540,843,56
2,541,857,72
2,539,872,56
2,538,886,48
2,535,902,39
2,529,948,39
2,529,991,39
2,524,1036,39
2,527,1072,24
2,531,1105,24
2,533,1137,8
2,527,1171,0
2,516,1206,8
2,507,1233,0
2,498,1255,0
2,499,1266,-8
2,499,1270,-8
2,496,1275,0
2,493,1281,-16
2,492,1287,-8
2,491,1291,-8
2,490,1296,-16
2,489,1299,-24
2,490,1303,-16
2,491,1306,-8
2,490,1307,-32
2,487,1305,-32
2,486,1304,-16
2,483,1300,-8
2,483,1298,-24
2,486,1292,-16
2,492,1286,-8
2,501,1278,-16
2,509,1270,-16
2,518,1261,-24
2,527,1251,-32
2,565,1220,-24
2,595,1184,-24
2,619,1145,-16
2,637,1107,-16
2,654,1069,0
2,671,1033,0
2,695,996,-8
2,728,942,0
2,745,919,-8
2,759,891,-32
2,768,859,-24
2,780,831,-16
2,800,796,-16
2,837,739,-8
2,854,703,0
2,858,690,16
2,860,677,24
2,862,673,24
2,862,675,24
2,861,678,16
2,859,682,16
2,857,686,8
2,854,692,0
2,847,699,8
2,838,709,16
2,827,719,32
2,816,730,32
2,805,742,32
2,779,770,32
2,769,782,48
2,745,823,24
2,723,864,16
2,703,905,24
2,683,948,24
2,654,992,24
2,595,1077,0
2,539,1151,16
2,462,1213,16
2,380,1269,16
2,311,1326,0
2,260,1357,-32
2,235,1397,-32
2,207,1410,-39
2,185,1407,-48
2,172,1395,-48
2,161,1377,-48
2,150,1357,-39
2,137,1335,-39
2,122,1313,-39
2,86,1271,-39
2,49,1236,-39
2,8,1204,-32
2,-31,1169,-39
2,-52,1135,-39
2,-74,1097,-39
2,-97,1064,-24
2,-115,1026,-16
2,-124,997,0
2,-132,983,8
2,-136,978,24
2,-144,976,32
2,-154,976,32
2,-156,981,39
2,-155,983,39
2,-152,986,32
2,-149,990,32
2,-147,996,32
2,-143,1002,39
2,-135,1011,48
2,-126,1022,48
2,-117,1034,39
2,-109,1047,39
2,-102,1060,39
2,-95,1073,39
2,-86,1087,24
2,-77,1100,16
2,-70,1113,8
2,-62,1126,0
2,-51,1137,8
2,-40,1148,-16
2,-27,1158,-8
2,-14,1168,-24
2,20,1192,-32
2,32,1198,-32
2,43,1202,-39
2,51,1203,-39
2,60,1205,-32
2,71,1208,-32
2,81,1206,-39
2,95,1205,-48
2,107,1201,-48
2,140,1184,-39
2,177,1161,-39
2,210,1135,-39
2,237,1108,-48
2,262,1077,-56
2,303,1016,-56
2,336,955,-39
2,367,890,-24
2,405,821,-16
2,431,770,-8
2,446,736,8
2,474,695,0
2,499,659,8
2,521,635,8
2,531,622,0
2,535,619,16
2,533,612,24
2,530,617,39
2,528,623,48
2,525,631,48
2,523,642,56
2,522,653,48
2,521,666,64
2,522,678,56
2,523,692,56
2,525,706,48
2,526,718,48
2,528,733,48
2,527,749,39
2,526,767,32
2,521,825,32
2,513,878,16
2,508,928,8
2,497,968,-8
2,489,1006,-16
2,490,1039,-24
2,490,1065,-24
2,494,1082,-24
2,495,1086,-39
2,495,1089,-48
2,497,1088,-56
2,498,1087,-64
2,499,1083,-56
2,498,1078,-56
2,495,1073,-56
2,495,1064,-48
2,494,1054,-48
2,492,1043,-32
2,492,1030,-24
2,491,993,-24
2,492,956,-32
2,502,921,-32
2,506,889,-24
2,512,849,-32
2,527,802,-16
2,543,727,-8
2,545,669,0
2,539,631,16
2,537,617,24
2,538,605,32
2,540,600,39
2,540,601,32
2,541,601,32
2,542,604,32
2,546,606,32
2,547,612,39
2,545,621,72
2,542,633,64
2,541,646,48
2,540,660,72
2,541,676,64
2,542,693,72
2,550,744,64
2,566,794,56
2,572,844,48
2,575,894,39
2,565,947,32
2,542,1046,39
2,532,1130,48
2,527,1205,39
2,530,1272,32
2,530,1330,16
2,527,1381,0
2,519,1424,-8
2,522,1442,-16
2,523,1449,-32
2,529,1450,-32
2,531,1449,-24
2,533,1445,-32
2,536,1440,-48
2,540,1431,-64
2,541,1422,-72
2,541,1412,-79
2,541,1401,-72
2,542,1389,-56
2,542,1374,-56
2,542,1358,-39
2,543,1342,-39
2,544,1324,-32
2,548,1269,-24
2,556,1211,-24
2,570,1153,-24
2,602,1026,-24
2,623,909,-24
2,633,818,-32
2,639,743,-24
2,646,678,-16
2,651,627,-8
2,659,579,0
2,666,539,8
2,672,513,24
2,671,509,16
2,673,507,16
2,678,504,8
2,679,504,8
2,680,503,8
2,679,505,16
2,677,509,32
2,676,515,32
2,675,523,39
2,674,533,48
2,676,545,48
2,678,558,56
2,681,570,39
2,685,578,24
2,692,587,24
2,698,599,32
2,702,615,24
2,704,633,16
2,706,683,0
2,695,730,16
2,681,773,8
2,660,813,8
2,634,850,-8
2,579,914,-24
2,520,963,-39
2,456,1000,-32
2,392,1026,-24
2,328,1047,-16
2,277,1050,-39
2,232,1048,-8
2,182,1048,8
2,123,1051,24
2,54,1056,16
2,-22,1062,8
2,-106,1075,8
2,-190,1076,0
2,-262,1069,0
2,-320,1053,8
2,-396,1036,8
2,-467,1009,16
2,-534,985,24
2,-606,964,24
2,-680,945,32
2,-731,917,24
2,-777,894,8
2,-806,883,0
2,-837,873,-8
2,-852,879,-16
2,-872,879,-32
2,-877,874,-32
2,-877,867,-39
2,-875,861,-16
2,-865,858,-16
2,-858,860,0
2,-848,863,0
2,-835,866,-16
2,-818,873,-16
2,-804,881,-16
2,-791,888,-24
2,-777,894,-24
2,-759,900,0
2,-694,915,24
2,-632,932,24
2,-503,968,48
2,-400,1003,39
2,-324,1056,39
2,-245,1110,48
2,-169,1157,32
2,-103,1206,24
2,-36,1244,24
2,28,1268,16
2,76,1292,8
2,114,1313,0
2,147,1328,-8
2,196,1332,-8
2,231,1335,-39
2,255,1324,-56
2,273,1315,-39
2,318,1269,-32
2,361,1238,-39
2,385,1203,-24
2,404,1171,-24
2,442,1132,0
2,475,1100,-8
2,508,1066,0
2,537,1033,-8
2,567,999,-8
2,588,965,-16
2,609,930,-24
2,625,894,-24
2,643,860,-16
2,668,827,-8
2,696,799,0
2,734,766,16
2,758,730,24
2,781,682,16
2,809,648,8
2,857,635,16
2,911,634,8
2,953,622,-8
2,978,616,-16
2,1000,631,0
2,1002,637,0
2,995,637,0
2,992,639,16
2,984,640,32
2,977,644,48
2,971,651,56
2,965,660,32
2,958,671,24
2,950,683,16
2,926,719,0
2,909,760,8
2,894,804,24
2,875,841,39
2,852,875,56
2,823,912,88
2,766,997,64
2,732,1083,48
2,699,1173,39
2,670,1263,32
2,659,1341,24
2,676,1421,24
2,685,1484,8
2,652,1525,8
2,596,1544,-32
2,556,1563,16
2,537,1588,16
2,528,1589,-16
2,517,1596,-8
2,518,1605,0
2,517,1608,39
2,516,1612,-16
2,515,1615,-16
2,515,1616,-24
2,517,1615,-48
2,523,1613,-56
2,530,1610,-39
2,538,1602,-39
2,544,1591,-39
2,554,1577,-16
2,567,1563,-8
2,583,1547,8
2,623,1500,0
2,659,1456,0
2,689,1412,0
2,718,1373,-16
2,753,1331,-24
2,789,1299,-24
2,828,1258,-8
2,882,1181,-8
2,934,1124,0
2,975,1063,16
2,1014,996,24
2,1034,932,16
2,1062,885,8
2,1091,847,0
2,1108,821,-8
2,1114,813,-16
2,1117,809,-24
2,1116,811,-8
2,1113,810,0
2,1108,812,8
2,1103,817,24
2,1097,824,39
2,1091,834,39
2,1084,844,32
2,1077,856,24
2,1069,869,24
2,1062,884,24
2,1053,901,16
2,1047,918,0
2,1026,962,-16
2,1000,1006,8
2,975,1047,-16
2,946,1083,-32
2,911,1128,8
2,875,1162,-48
2,811,1208,-64
2,746,1236,-64
2,670,1246,-48
2,600,1238,-48
2,521,1235,-32
2,459,1218,-32
2,407,1196,-24
2,354,1179,-24
2,299,1166,-16
2,244,1155,-16
2,170,1153,-16
2,84,1148,-16
2,-7,1134,-16
2,-97,1115,-8
2,-171,1082,-16
2,-237,1046,8
2,-305,1006,16
2,-368,965,32
2,-442,942,39
2,-524,925,39
2,-588,914,39
2,-638,906,24
2,-687,894,16
2,-739,885,8
2,-789,870,-8
2,-824,854,8
2,-845,841,-8
2,-860,823,-8
2,-888,800,-16
2,-925,787,-8
2,-940,785,-8
2,-932,790,-8
2,-929,798,-8
2,-918,810,-24
2,-916,812,-32
2,-910,814,-39
2,-901,817,-48
2,-889,819,-39
2,-875,821,-32
2,-860,824,-24
2,-845,827,-16
2,-829,832,-8
2,-811,838,8
2,-746,858,16
2,-682,877,8
2,-585,909,0
2,-530,923,0
2,-412,945,0
2,-308,968,-8
2,-208,982,0
2,-114,993,16
2,-40,1007,24
2,28,1016,32
2,100,1023,39
2,172,1031,48
2,244,1042,48
2,312,1057,32
2,375,1062,16
2,427,1064,8
2,470,1064,-8
2,502,1057,-24
2,521,1051,-32
2,533,1043,-32
2,532,1042,-24
2,525,1040,-24
2,519,1041,-24
2,510,1042,-8
2,499,1043,0
2,489,1044,-16
2,475,1046,-8
2,459,1048,-8
2,440,1048,-8
2,419,1049,-8
2,349,1054,-8
2,283,1051,0
2,159,1040,8
2,42,1019,16
2,-67,1000,32
2,-166,986,39
2,-261,972,56
2,-349,957,56
2,-437,943,48
2,-513,938,32
2,-594,945,32
2,-654,947,32
2,-726,946,16
2,-797,937,16
2,-858,933,16
2,-911,924,8
2,-963,908,0
2,-1002,895,0
2,-1033,877,-16
2,-1059,860,-8
2,-1076,827,-16
2,-1087,813,-24
2,-1077,815,-32
2,-1061,820,-32
2,-1054,823,-39
2,-1047,825,-56
2,-1036,830,0
2,-1021,837,-24
2,-1007,841,-48
2,-966,851,-48
2,-921,859,-39
2,-873,868,-16
2,-822,873,-32
2,-721,880,-24
2,-625,883,-8
2,-543,877,-16
2,-469,870,0
2,-395,868,16
2,-317,880,32
2,-235,909,39
2,-155,931,24
2,-77,947,24
2,-9,948,24
2,76,958,32
2,150,955,32
2,238,967,32
2,319,967,48
2,401,968,39
2,458,963,32
2,507,957,32
2,551,951,39
2,596,953,48
2,638,960,56
2,671,983,56
2,695,1016,56
2,716,1054,56
2,724,1097,56
2,730,1140,48
2,732,1180,56
2,737,1222,64
2,745,1272,48
2,766,1331,48
2,788,1389,32
2,786,1429,16
2,782,1466,8
2,781,1502,8
2,775,1537,-16
2,753,1561,-39
2,730,1589,-39
2,693,1617,-39
2,658,1637,-24
2,622,1651,-8
2,564,1655,8
2,505,1660,0
2,451,1675,8
2,383,1681,-8
2,323,1692,-8
2,276,1702,-16
2,239,1704,-8
2,216,1710,-8
2,197,1723,-32
2,180,1727,-39
2,171,1725,-56
2,154,1714,-64
2,134,1699,-56
2,106,1658,-39
2,79,1616,-39
2,70,1555,-24
2,56,1509,-48
2,21,1469,-64
2,-27,1435,-72
2,-63,1399,-56
2,-93,1359,-56
2,-110,1314,-39
2,-112,1263,-24
2,-95,1223,-8
2,-68,1188,0
2,-61,1152,-32
2,-33,1129,16
2,-25,1103,-8
2,4,1082,16
2,59,1069,16
2,99,1052,0
2,160,1038,16
2,213,1027,0
2,276,1021,8
2,331,1010,16
2,388,994,24
2,434,974,32
2,465,954,24
2,501,940,39
2,537,940,39
2,575,942,48
2,610,945,48
2,641,947,39
2,667,951,32
2,685,962,32
2,692,971,24
2,703,981,32
2,718,991,39
2,737,1000,48
2,773,1023,56
2,809,1048,56
2,831,1076,32
2,846,1103,32
2,860,1127,24
2,864,1143,16
2,865,1159,8
2,864,1176,8
2,858,1191,8
2,846,1206,-8
2,833,1220,0
2,825,1238,0
2,809,1255,-8
2,783,1272,-8
2,756,1290,0
2,699,1330,8
2,656,1389,16
2,625,1447,8
2,594,1492,0
2,566,1510,-16
2,529,1536,-32
2,482,1559,-39
2,441,1557,-39
2,415,1530,-39
2,377,1508,-56
2,342,1490,-32
2,315,1467,-32
2,291,1441,-32
2,247,1415,-39
2,193,1392,-32
2,126,1371,-24
2,52,1354,-24
2,3,1327,-32
2,-27,1294,-32
2,-67,1265,-16
2,-120,1237,-24
2,-175,1209,-24
2,-246,1179,-16
2,-311,1142,-8
2,-386,1107,16
2,-452,1070,24
2,-505,1035,39
2,-551,998,64
2,-614,966,56
2,-687,948,48
2,-758,936,39
2,-826,930,32
2,-883,927,24
2,-936,918,16
2,-988,907,8
2,-1026,901,16
2,-1062,885,0
2,-1105,856,-8
2,-1142,829,-16
2,-1165,812,-16
2,-1158,809,-24
2,-1154,807,-24
2,-1141,816,-39
2,-1136,817,-39
2,-1130,819,-39
2,-1122,820,-48
2,-1114,818,-56
2,-1102,816,-56
2,-1087,816,-39
2,-1072,818,-32
2,-1025,824,-24
2,-970,832,-8
2,-917,842,8
2,-819,868,16
2,-730,894,8
2,-628,913,0
2,-549,937,8
2,-456,972,8
2,-370,992,8
2,-283,1007,0
2,-201,1022,16
2,-105,1023,32
2,-26,1033,32
2,40,1048,39
2,106,1065,56
2,171,1088,56
2,241,1118,48
2,298,1155,32
2,371,1191,24
2,428,1216,8
2,490,1225,8
2,534,1220,-8
2,572,1203,-16
2,613,1191,-16
2,634,1177,-32
2,662,1168,-16
2,669,1165,-32
2,681,1164,-48
2,689,1151,-48
2,689,1133,-48
2,687,1114,-64
2,682,1097,-64
2,671,1082,-48
2,657,1065,-48
2,633,1049,-39
2,599,1035,-39
2,561,1017,-39
2,478,980,-24
2,400,948,-16
2,325,921,0
2,250,900,8
2,180,887,16
2,111,882,39
2,34,883,56
2,-24,867,39
2,-82,857,39
2,-142,852,32
2,-223,854,39
2,-285,849,39
2,-341,846,48
2,-416,839,39
2,-495,846,48
2,-565,838,64
2,-635,828,64
2,-703,828,64
2,-771,844,64
2,-841,861,64
2,-910,865,56
2,-975,853,64
2,-1023,856,24
2,-1058,870,39
2,-1101,888,16
2,-1145,884,16
2,-1174,893,0
2,-1206,902,-8
2,-1232,925,-8
2,-1242,938,-32
2,-1241,942,-48
2,-1225,944,-48
2,-1211,940,-64
2,-1204,938,-64
2,-1196,936,-56
2,-1185,932,-48
2,-1173,927,-32
2,-1158,922,-24
2,-1142,919,-16
2,-1095,920,-16
2,-1045,928,-8
2,-995,934,-8
2,-904,955,-8
2,-811,986,0
2,-722,1019,-8
2,-627,1051,8
2,-526,1086,16
2,-424,1124,32
2,-324,1138,48
2,-228,1155,56
2,-139,1185,56
2,-62,1197,48
2,18,1213,39
2,95,1232,24
2,173,1261,24
2,236,1271,16
2,290,1285,8
2,334,1276,-8
2,390,1273,0
2,435,1279,0
2,498,1278,8
2,574,1271,16
2,632,1265,32
2,676,1263,32
2,724,1259,16
2,768,1256,8
2,807,1249,8
2,845,1239,0
2,874,1228,-16
2,894,1209,-16
2,918,1185,-16
2,945,1155,-8
2,966,1122,8
2,984,1091,16
2,1010,1078,16
2,1047,1064,-8
2,1071,1057,8
2,1078,1061,24
2,1086,1056,-24
2,1096,1046,-24
2,1103,1035,-32
2,1104,1021,-56
2,1106,1002,-79
2,1100,983,-48
2,1092,960,-56
2,1076,942,-48
2,1050,928,-39
2,1017,917,-48
2,982,907,-64
2,906,882,-64
2,822,854,-48
2,743,833,-32
2,684,803,-56
2,636,771,-39
2,578,755,8
2,502,760,16
2,421,776,16
2,340,795,16
2,256,810,16
2,167,821,16
2,82,837,16
2,5,846,8
2,-68,853,16
2,-143,854,24
2,-218,852,39
2,-285,836,32
2,-346,820,48
2,-383,823,48
2,-425,823,64
2,-468,828,56
2,-512,835,48
2,-551,856,32
2,-604,866,39
2,-664,887,24
2,-721,904,24
2,-782,898,24
2,-832,888,16
2,-872,884,16
2,-896,886,8
2,-920,877,8
2,-931,878,16
2,-929,886,0
2,-927,900,-8
2,-924,914,0
2,-922,930,-8
2,-911,944,-16
2,-906,955,-39
2,-896,969,-24
2,-889,975,-88
2,-885,976,-79
2,-879,974,-79
2,-869,973,16
2,-854,973,-16
2,-808,972,-24
2,-764,972,-32
2,-724,969,-39
2,-692,961,-48
2,-665,945,-48
2,-641,925,-48
2,-619,902,-56
2,-598,876,-56
2,-576,849,-48
2,-549,825,-32
2,-473,791,-8
2,-387,771,-8
2,-313,750,-16
2,-233,736,0
2,-159,718,-8
2,-88,699,-8
2,-20,681,0
2,39,661,8
2,106,643,39
2,171,627,48
2,231,615,64
2,279,606,72
2,336,605,79
2,405,616,79
2,480,633,72
2,539,653,56
2,598,680,72
2,646,707,64
2,686,741,72
2,710,780,64
2,740,820,79
2,767,863,56
2,796,898,48
2,822,937,39
2,842,982,32
2,855,1024,24
2,866,1066,32
2,874,1112,24
2,867,1168,16
2,836,1207,16
2,817,1255,16
2,798,1285,24
2,792,1323,32
2,782,1362,32
2,760,1400,16
2,732,1435,16
2,699,1458,8
2,663,1485,0
2,624,1508,-8
2,577,1545,-39
2,504,1593,-24
2,441,1624,-16
2,392,1639,-16
2,342,1649,-16
2,289,1656,-24
2,244,1658,-16
2,195,1653,-16
2,149,1644,-24
2,109,1625,-24
2,51,1606,-39
2,-10,1582,-48
2,-62,1555,-56
2,-110,1524,-64
2,-136,1492,-72
2,-176,1461,-39
2,-228,1423,-32
2,-285,1382,-24
2,-337,1343,-8
2,-403,1309,16
2,-454,1266,24
2,-496,1226,24
2,-519,1176,32
2,-555,1136,32
2,-606,1108,24
2,-675,1091,24
2,-756,1057,16
2,-831,1028,8
2,-904,996,8
2,-964,968,24
2,-992,957,24
2,-1025,949,24
2,-1064,936,32
2,-1104,926,48
2,-1139,919,39
2,-1190,912,24
2,-1231,920,16
2,-1269,932,0
2,-1288,948,0
2,-1292,953,-8
2,-1286,959,-8
2,-1274,969,-8
2,-1266,971,-48
2,-1262,972,-8
2,-1257,971,-48
2,-1251,970,-48
2,-1243,968,-56
2,-1233,966,-64
2,-1220,965,-79
2,-1204,963,-79
2,-1186,959,-48
2,-1128,951,-39
2,-1069,937,-39
2,-1009,931,-16
2,-895,919,-8
2,-789,913,-16
2,-688,929,8
2,-598,941,0
2,-503,954,8
2,-413,966,0
2,-317,978,0
2,-224,982,0
2,-140,986,0
2,-48,986,24
2,42,984,32
2,130,972,39
2,211,960,48
2,288,953,48
2,359,952,56
2,427,949,48
2,509,961,48
2,583,971,24
2,639,978,24
2,703,978,0
2,746,980,8
2,776,975,0
2,799,966,-8
2,810,953,0
2,818,950,8
2,835,942,0
2,851,937,16
2,866,936,32
2,882,935,39
2,901,934,8
2,922,936,8
2,941,937,-8
2,959,934,-16
2,973,934,-32
2,984,927,-64
2,988,915,-64
2,984,903,-56
2,969,893,-32
2,945,885,-32
2,914,878,-32
2,883,874,-39
2,848,868,-48
2,780,858,-56
2,717,838,-64
2,654,824,-32
2,596,806,-32
2,522,800,-8
2,457,798,0
2,390,807,24
2,317,822,48
2,233,846,56
2,160,859,24
2,95,869,16
2,15,882,24
2,-66,893,24
2,-143,903,16
2,-212,896,39
2,-289,893,32
2,-366,882,39
2,-435,873,39
2,-507,863,48
2,-572,857,56
2,-628,867,64
2,-696,867,56
2,-761,878,56
2,-830,882,39
2,-892,888,32
2,-938,897,32
2,-970,912,32
2,-1009,911,24
2,-1059,886,16
2,-1100,866,8
2,-1130,843,0
2,-1167,817,-16
2,-1188,808,-8
2,-1198,800,-16
2,-1193,805,-24
2,-1189,805,-24
2,-1183,805,-16
2,-1179,808,-39
2,-1173,812,-39
2,-1164,815,-32
2,-1156,819,-16
2,-1147,820,-24
2,-1135,822,-16
2,-1126,825,-32
2,-1115,830,-39
2,-1100,837,24
2,-1084,845,-24
2,-1065,856,8
2,-1012,881,-32
2,-960,897,-39
2,-913,904,-64
2,-869,902,-88
2,-824,900,-56
2,-768,900,-39
2,-654,897,-24
2,-550,898,-16
2,-457,898,8
2,-367,903,16
2,-281,897,8
2,-181,905,32
2,-82,913,24
2,3,914,16
2,79,913,24
2,132,891,32
2,183,871,39
2,251,862,39
2,326,853,56
2,406,848,48
2,496,865,48
2,572,878,56
2,640,895,56
2,699,904,56
2,752,917,56
2,794,939,56
2,834,961,56
2,864,988,39
2,900,1008,56
2,929,1031,48
2,950,1058,39
2,966,1093,32
2,991,1128,32
2,1023,1160,24
2,1047,1193,16
2,1054,1226,16
2,1046,1254,0
2,1027,1263,0
2,1015,1271,-8
2,1001,1279,-8
2,983,1292,0
2,963,1309,0
2,926,1340,0
2,890,1348,0
2,869,1360,8
2,829,1391,16
2,796,1426,8
2,763,1469,16
2,731,1489,0
2,694,1505,8
2,655,1522,8
2,610,1538,-8
2,558,1555,-16
2,506,1573,-24
2,452,1576,-16
2,391,1591,-8
2,317,1614,-16
2,243,1633,-8
2,167,1652,0
2,86,1660,0
2,23,1662,-8
2,-45,1660,-24
2,-101,1657,-32
2,-136,1641,-39
2,-184,1614,-56
2,-232,1582,-72
2,-273,1552,-72
2,-294,1509,-64
2,-310,1467,-39
2,-303,1423,-39
2,-309,1381,-16
2,-343,1342,-8
2,-391,1306,8
2,-423,1275,8
2,-453,1245,16
2,-489,1217,16
2,-536,1203,8
2,-582,1184,16
2,-641,1152,16
2,-702,1122,8
2,-746,1098,24
2,-786,1070,24
2,-830,1041,24
2,-873,1016,24
2,-915,989,24
2,-960,958,32
2,-998,944,39
2,-1031,938,56
2,-1071,936,48
2,-1107,951,32
2,-1151,954,8
2,-1181,964,8
2,-1203,983,16
2,-1221,1005,8
2,-1236,1007,-24
2,-1244,1005,-32
2,-1244,1008,-8
2,-1241,1008,-39
2,-1230,1012,-16
2,-1224,1014,-32
2,-1218,1014,-48
2,-1208,1015,-48
2,-1198,1011,-72
2,-1186,1007,-72
2,-1171,1004,-72
2,-1155,999,-64
2,-1139,992,-48
2,-1122,985,-39
2,-1072,964,-39
2,-1017,950,-8
2,-958,944,8
2,-898,939,-8
2,-784,931,0
2,-672,935,0
2,-568,943,8
2,-461,956,8
2,-347,971,0
2,-248,980,0
2,-162,986,-8
2,-75,985,16
2,13,975,32
2,98,964,32
2,177,954,39
2,249,944,48
2,319,938,56
2,381,942,39
2,442,951,39
2,502,971,39
2,550,975,24
2,602,981,16
2,655,984,16
2,700,978,24
2,751,972,16
2,793,963,16
2,841,951,8
2,890,939,8
2,922,938,24
2,954,938,8
2,976,960,32
2,993,975,39
2,1003,979,32
2,1013,984,32
2,1016,999,56
2,1024,1009,-8
2,1042,1007,-39
2,1058,999,-39
2,1067,992,-56
2,1065,985,-48
2,1060,977,-48
2,1053,975,-32
2,1044,974,-32
2,1035,973,-39
2,1024,972,-48
2,1011,969,-56
2,996,966,-64
2,980,962,-56
2,962,958,-32
2,906,946,-24
2,846,938,-8
2,790,929,-16
2,672,924,24
2,553,934,32
2,441,949,32
2,339,960,24
2,247,961,16
2,160,957,16
2,85,946,16
2,-5,944,0
2,-94,943,8
2,-181,938,16
2,-270,932,24
2,-352,919,32
2,-429,903,39
2,-488,908,32
2,-548,895,56
2,-615,882,64
2,-687,874,56
2,-757,873,39
2,-825,874,32
2,-889,868,16
2,-935,868,16
2,-971,872,16
2,-1007,874,8
2,-1034,875,8
2,-1061,870,0
2,-1081,864,8
2,-1087,862,16
2,-1085,863,-24
2,-1082,868,-16
2,-1079,876,-16
2,-1078,879,-16
2,-1077,882,-24
2,-1072,883,-56
2,-1067,882,-39
2,-1062,882,-39
2,-1055,882,-24
2,-1047,882,-24
2,-1037,884,-8
2,-1024,885,8
2,-1012,889,24
2,-999,896,24
2,-984,902,8
2,-967,907,8
2,-911,932,8
2,-858,956,16
2,-807,974,16
2,-756,997,8
2,-656,1039,16
2,-554,1076,32
2,-453,1120,32
2,-353,1159,39
2,-264,1199,48
2,-174,1237,64
2,-92,1285,64
2,-15,1345,56
2,63,1407,39
2,132,1453,24
2,212,1502,16
2,283,1531,0
2,322,1517,-8
2,370,1509,-24
2,425,1492,-24
2,466,1469,-8
2,522,1454,-16
2,571,1440,0
2,611,1421,8
2,654,1407,8
2,690,1388,8
2,717,1364,0
2,748,1339,8
2,788,1320,0
2,821,1294,0
2,848,1269,-16
2,889,1250,-24
2,912,1238,-32
2,933,1225,-32
2,952,1194,-24
2,966,1153,-24
2,979,1108,-16
2,995,1066,-16
2,1016,1029,-24
2,1043,976,-24
2,1058,941,-16
2,1067,925,-16
2,1074,907,-24
2,1081,881,-32
2,1084,836,-56
2,1077,794,-48
2,1069,763,-56
2,1052,733,-72
2,1028,707,-56
2,983,683,-39
2,939,672,-56
2,887,659,-39
2,835,646,-39
2,781,633,-39
2,726,622,-48
2,674,611,-64
2,616,599,-39
2,553,599,-24
2,493,598,-16
2,436,596,0
2,381,603,16
2,327,617,39
2,270,631,39
2,203,654,64
2,135,687,48
2,57,722,48
2,-16,757,39
2,-80,786,32
2,-129,797,39
2,-174,803,39
2,-234,815,24
2,-298,816,48
2,-368,816,48
2,-449,814,56
2,-528,818,72
2,-613,825,79
2,-676,835,72
2,-723,834,64
2,-773,852,48
2,-823,872,39
2,-874,888,48
2,-925,899,48
2,-972,910,32
2,-1017,919,39
2,-1049,934,8
2,-1071,945,8
2,-1104,951,8
2,-1126,953,-24
2,-1150,949,-8
2,-1159,950,-24
2,-1168,947,-39
2,-1173,944,-56
2,-1175,942,-56
2,-1164,941,-56
2,-1158,940,-39
2,-1151,938,-39
2,-1141,936,-24
2,-1130,931,-24
2,-1119,930,-16
2,-1106,928,-16
2,-1091,927,-16
2,-1075,932,8
2,-1057,939,0
2,-1009,960,0
2,-959,973,8
2,-907,981,8
2,-847,994,16
2,-743,1038,0
2,-628,1092,24
2,-518,1147,32
2,-410,1196,39
2,-307,1239,48
2,-210,1277,56
2,-120,1325,64
2,-27,1385,56
2,50,1428,39
2,115,1452,24
2,172,1463,16
2,223,1463,0
2,273,1459,0
2,322,1453,0
2,380,1445,-24
2,435,1432,-16
2,479,1422,-8
2,533,1403,-8
2,581,1380,-8
2,611,1352,0
2,644,1329,0
2,688,1309,16
2,726,1289,8
2,750,1266,0
2,779,1245,8
2,813,1226,0
2,843,1202,-8
2,883,1178,-32
2,919,1152,-32
2,947,1131,-24
2,963,1111,-24
2,968,1095,-16
2,971,1078,-39
2,974,1064,-16
2,976,1053,-24
2,974,1037,-16
2,979,1015,-39
2,983,993,-32
2,989,949,-32
2,989,903,-39
2,980,882,-16
2,971,865,-32
2,961,845,-48
2,940,829,-8
2,910,820,-8
2,851,821,-16
2,797,823,-24
2,743,828,-32
2,684,828,-39
2,627,821,-56
2,561,816,-24
2,490,811,-8
2,414,812,0
2,337,814,16
2,266,818,24
2,196,824,39
2,133,833,39
2,77,845,32
2,24,858,32
2,-45,875,32
2,-122,888,24
2,-179,891,32
2,-242,889,24
2,-299,887,24
2,-363,884,16
2,-421,875,24
2,-477,868,24
2,-540,845,32
2,-597,832,39
2,-644,839,64
2,-705,840,48
2,-757,853,32
2,-799,873,32
2,-841,897,24
2,-892,902,-8
2,-929,885,-16
2,-956,885,-16
2,-975,870,-32
2,-980,875,-24
2,-979,879,-39
2,-974,888,-39
2,-968,894,-16
2,-960,898,-32
2,-950,898,-39
2,-942,895,-64
2,-931,892,-64
2,-918,889,-64
2,-903,887,-56
2,-885,883,-32
2,-865,880,-24
2,-801,870,-16
2,-737,863,0
2,-675,855,0
2,-562,843,8
2,-470,848,16
2,-368,855,24
2,-264,857,16
2,-150,861,24
2,-58,876,8
2,22,887,8
2,106,885,24
2,186,883,32
2,256,875,39
2,319,867,32
2,379,865,48
2,432,872,48
2,476,876,56
2,522,885,56
2,571,895,48
2,623,912,48
2,677,938,39
2,718,964,32
2,753,987,39
2,788,1005,48
2,825,1024,39
2,858,1046,24
2,887,1058,24
2,912,1073,16
2,929,1082,8
2,944,1093,24
2,979,1127,-8
2,1000,1163,-16
2,1002,1192,-8
2,987,1215,8
2,976,1225,0
2,959,1234,8
2,939,1245,16
2,921,1262,24
2,886,1299,32
2,861,1339,32
2,829,1380,24
2,797,1419,16
2,765,1440,8
2,727,1475,-8
2,685,1505,-16
2,637,1542,-16
2,590,1572,-16
2,547,1598,-8
2,499,1626,-8
2,445,1650,-8
2,404,1675,-8
2,352,1695,8
2,299,1702,-8
2,245,1707,-8
2,185,1710,-24
2,143,1702,-24
2,121,1681,-24
2,103,1655,-39
2,92,1625,-64
2,77,1585,-79
2,57,1547,-79
2,37,1500,-79
2,-5,1456,-48
2,-64,1415,-39
2,-120,1377,-32
2,-185,1338,-16
2,-249,1304,0
2,-303,1271,0
2,-354,1236,0
2,-401,1203,0
2,-445,1165,8
2,-491,1129,8
2,-535,1100,8
2,-574,1071,16
2,-627,1037,0
2,-690,1007,8
2,-761,970,16
2,-826,944,24
2,-876,917,32
2,-934,877,39
2,-979,852,48
2,-1018,838,24
2,-1032,844,32
2,-1052,854,0
2,-1064,869,-8
2,-1070,878,-16
2,-1076,887,-16
2,-1078,894,-24
2,-1073,907,8
2,-1061,924,-16
2,-1048,935,-32
2,-1037,935,-48
2,-1033,934,-32
2,-1026,933,-32
2,-1019,932,-24
2,-1008,929,-48
2,-996,926,-56
2,-979,925,-48
2,-926,927,-24
2,-873,924,-32
2,-774,915,-24
2,-666,923,16
2,-559,945,24
2,-455,968,32
2,-347,990,32
2,-248,1007,24
2,-164,1018,16
2,-80,1030,16
2,-4,1037,8
2,56,1033,8
2,117,1024,8
2,183,1015,8
2,249,1002,8
2,320,1000,16
2,387,995,24
2,450,987,24
2,534,980,32
2,601,972,39
2,658,966,48
2,713,971,56
2,758,958,32
2,795,950,16
2,825,954,24
2,855,962,24
2,891,958,16
2,913,961,8
2,935,960,-8
2,945,959,-8
2,957,953,-24
2,973,942,-24
2,977,928,-8
2,989,908,-24
2,1001,890,-24
2,1006,879,-8
2,1013,861,-32
2,1019,843,-8
2,1027,824,-24
2,1035,804,-8
2,1042,784,-32
2,1046,756,-32
2,1047,724,-48
2,1030,669,-56
2,1009,626,-64
2,970,594,-39
2,926,570,-48
2,879,552,-48
2,833,537,-48
2,790,517,-56
2,738,509,-39
2,682,505,-48
2,622,502,-56
2,561,500,-39
2,502,500,-24
2,439,507,8
2,372,512,24
2,304,529,39
2,233,553,56
2,163,583,64
2,93,608,48
2,23,625,39
2,-42,645,48
2,-106,661,56
2,-165,678,56
2,-207,706,24
2,-236,736,16
2,-271,764,39
2,-291,795,32
2,-308,827,39
2,-313,861,48
2,-302,906,48
2,-299,951,48
2,-297,1000,39
2,-294,1048,39
2,-277,1088,32
2,-252,1126,48
2,-230,1165,56
2,-200,1212,56
2,-168,1276,64
2,-140,1329,56
2,-115,1372,39
2,-89,1421,32
2,-56,1468,24
2,-15,1508,16
2,41,1531,8
2,87,1543,16
2,136,1546,8
2,197,1564,24
2,257,1576,24
2,296,1601,32
2,357,1635,39
2,418,1647,39
2,472,1659,32
2,526,1656,16
2,574,1656,8
2,635,1657,-8
2,683,1658,-16
2,716,1649,-32
2,732,1618,-48
2,751,1584,-56
2,764,1544,-48
2,781,1502,-32
2,791,1458,-16
2,808,1420,-16
2,828,1386,-8
2,849,1356,8
2,867,1319,0
2,892,1290,0
2,920,1264,8
2,958,1233,-8
2,991,1220,-16
2,1015,1204,-16
2,1040,1183,-24
2,1055,1157,-32
2,1056,1135,-48
2,1055,1119,-48
2,1046,1109,-39
2,1028,1102,-39
2,1010,1093,-56
2,989,1079,-56
2,962,1064,-56
2,901,1037,-56
2,833,1009,-39
2,767,980,-32
2,694,935,-56
2,627,894,-16
2,565,882,16
2,507,892,24
2,453,914,24
2,395,935,24
2,342,958,16
2,293,980,16
2,243,994,16
2,202,1002,8
2,165,1009,8
2,117,1016,0
2,82,1025,-8
2,42,1031,-8
2,-9,1042,-8
2,-52,1039,-8
2,-116,1028,-24
2,-185,1018,16
2,-246,998,8
2,-309,973,24
2,-375,953,32
2,-433,931,39
2,-488,919,48
2,-551,915,56
2,-610,911,64
2,-688,902,56
2,-752,908,48
2,-818,908,48
2,-865,923,32
2,-924,941,48
2,-977,938,32
2,-1018,939,32
2,-1071,930,39
2,-1111,917,32
2,-1165,886,56
2,-1203,871,32
2,-1231,843,32
2,-1274,823,32
2,-1335,839,48
2,-1372,867,32
2,-1397,886,32
2,-1408,913,0
2,-1413,934,-8
2,-1417,939,16
2,-1425,936,-16
2,-1424,931,-8
2,-1431,924,-8
2,-1437,922,-24
2,-1444,922,-32
2,-1442,922,-32
2,-1439,922,-24
2,-1435,919,-32
2,-1431,917,-64
2,-1427,914,-39
2,-1419,910,-39
2,-1410,907,-39
2,-1400,904,-39
2,-1387,902,-39
2,-1373,902,-32
2,-1358,907,-16
2,-1342,910,-32
2,-1292,926,-8
2,-1239,933,-16
2,-1186,940,-16
2,-1138,938,-16
2,-1084,944,-16
2,-969,950,0
2,-863,977,-8
2,-772,1004,8
2,-683,1029,8
2,-599,1077,39
2,-510,1116,48
2,-428,1157,64
2,-347,1213,56
2,-269,1248,56
2,-194,1288,39
2,-139,1312,32
2,-94,1341,32
2,-45,1383,16
2,4,1415,24
2,59,1435,16
2,111,1446,16
2,175,1448,8
2,243,1454,16
2,307,1471,16
2,372,1500,16
2,426,1524,24
2,473,1534,16
2,519,1538,8
2,563,1534,0
2,602,1525,0
2,636,1517,-8
2,686,1505,-32
2,717,1484,-32
2,750,1461,-39
2,764,1433,-32
2,773,1402,-24
2,784,1371,-8
2,803,1338,-16
2,817,1305,-8
2,832,1287,8
2,867,1259,-24
2,886,1241,0
2,901,1221,0
2,925,1182,-39
2,946,1150,-24
2,964,1114,-48
2,969,1088,-48
2,964,1064,-64
2,944,1049,-39
2,931,1036,-48
2,920,1015,-56
2,896,964,-56
2,859,933,-48
2,807,920,-56
2,761,904,-56
2,724,866,-56
2,681,827,-39
2,640,792,-32
2,600,765,-24
2,557,749,-8
2,495,749,24
2,435,767,32
2,373,792,24
2,316,809,16
2,268,814,16
2,217,824,8
2,154,840,16
2,87,857,16
2,11,874,16
2,-66,890,16
2,-140,901,24
2,-217,918,32
2,-277,924,24
2,-341,927,48
2,-407,917,64
2,-460,910,79
2,-514,924,64
2,-588,944,56
2,-655,968,48
2,-714,990,32
2,-760,1033,32
2,-804,1055,24
2,-853,1057,24
2,-883,1044,32
2,-929,1026,16
2,-967,1012,32
2,-999,1009,24
2,-1049,996,16
2,-1089,981,16
2,-1124,961,8
2,-1158,939,16
2,-1179,934,39
2,-1195,944,56
2,-1208,950,32
2,-1224,955,32
2,-1240,963,32
2,-1259,966,16
2,-1301,965,-8
2,-1333,966,-24
2,-1360,959,-39
2,-1366,956,-56
2,-1368,945,-56
2,-1361,940,-48
2,-1348,932,-48
2,-1340,933,-39
2,-1332,932,-56
2,-1324,931,-56
2,-1313,927,-64
2,-1299,922,-79
2,-1254,905,-56
2,-1206,889,-72
2,-1154,878,-24
2,-1048,872,-16
2,-949,871,-16
2,-858,879,0
2,-774,882,-8
2,-697,884,-8
2,-619,893,8
2,-536,926,8
2,-467,947,0
2,-406,966,0
2,-331,983,0
2,-258,997,0
2,-176,1003,8
2,-91,1008,24
2,-3,1013,39
2,76,1010,39
2,151,1007,48
2,216,1009,56
2,267,1017,64
2,327,1030,64
2,392,1047,48
2,456,1066,39
2,516,1094,39
2,579,1147,32
2,632,1188,24
2,673,1189,16
2,717,1188,8
2,765,1182,8
2,807,1171,8
2,844,1157,8
2,864,1152,16
2,892,1143,8
2,957,1119,32
2,974,1115,-8
2,995,1111,-16
2,1014,1108,-24
2,1028,1102,-39
2,1038,1092,-56
2,1040,1083,-64
2,1036,1071,-48
2,1030,1058,-48
2,1020,1042,-56
2,1004,1022,-64
2,981,1003,-64
2,950,987,-56
2,919,968,-64
2,851,936,-39
2,781,911,-32
2,710,894,-24
2,641,883,-16
2,574,881,0
2,508,886,16
2,444,896,16
2,444,896,16
2,319,908,16
2,242,921,8
2,166,931,8
2,68,946,0
2,-7,953,0
2,-78,950,8
2,-136,933,16
2,-202,917,32
2,-281,899,39
2,-356,884,48
2,-425,873,64
2,-483,864,72
2,-540,865,72
2,-604,875,56
2,-669,891,48
2,-724,901,32
2,-778,904,32
2,-816,911,32
2,-862,930,32
2,-907,945,32
2,-941,961,24
2,-978,961,32
2,-1008,965,24
2,-1047,964,16
2,-1092,943,24
2,-1116,914,24
2,-1158,880,32
2,-1199,870,48
2,-1238,874,39
2,-1264,900,24
2,-1279,929,16
2,-1289,958,8
2,-1304,980,0
2,-1325,992,-8
2,-1333,997,-16
2,-1336,1004,-8
2,-1335,1002,-48
2,-1328,1005,0
2,-1315,1006,-39
2,-1310,1005,-48
2,-1304,1002,-48
2,-1295,1000,-48
2,-1285,999,-48
2,-1273,999,-56
2,-1258,996,-39
2,-1207,989,-32
2,-1160,975,-48
2,-1114,962,-32
2,-1063,958,8
2,-964,965,16
2,-875,969,16
2,-789,975,16
2,-712,996,16
2,-637,1024,24
2,-563,1059,24
2,-494,1095,24
2,-423,1127,39
2,-347,1155,39
2,-269,1170,24
2,-189,1194,24
2,-108,1215,32
2,-31,1235,39
2,35,1262,39
2,107,1297,48
2,170,1340,48
2,227,1374,39
2,279,1399,16
2,323,1403,16
2,366,1417,8
2,418,1429,-8
2,481,1444,-24
2,535,1450,-39
2,560,1444,-16
2,574,1419,-16
2,576,1396,-8
2,577,1386,0
2,582,1379,0
2,591,1373,0
2,606,1366,-16
2,624,1354,-32
2,649,1336,-32
2,700,1302,-24
2,741,1268,-32
2,764,1239,-32
2,778,1211,-32
2,788,1178,-39
2,798,1138,-48
2,804,1093,-56
2,790,1054,-32
2,758,1026,-32
2,715,1003,-32
2,678,977,-32
2,636,955,-32
2,593,945,-39
2,544,935,-48
2,488,926,-39
2,429,915,-32
2,376,893,-32
2,319,891,-8
2,268,879,-8
2,207,865,16
2,150,848,24
2,83,844,48
2,15,851,56
2,-58,872,48
2,-140,905,39
2,-207,926,32
2,-269,941,24
2,-331,946,24
2,-391,949,24
2,-451,947,24
2,-511,942,32
2,-575,933,32
2,-633,921,39
2,-700,913,39
2,-775,892,39
2,-836,881,48
2,-887,876,56
2,-923,885,48
2,-956,896,39
2,-997,898,16
2,-1020,913,24
2,-1038,922,0
2,-1046,936,8
2,-1051,937,0
2,-1065,927,-32
2,-1077,925,-8
2,-1087,926,-24
2,-1090,929,-8
2,-1094,927,-24
2,-1096,933,-32
2,-1099,929,-48
2,-1099,924,-48
2,-1097,916,-64
2,-1092,909,-56
2,-1085,901,-39
2,-1077,892,-24
2,-1069,884,-24
2,-1060,877,-16
2,-1051,867,0
2,-1039,861,-16
2,-1023,858,-8
2,-1006,859,-8
2,-988,864,16
2,-933,875,0
2,-879,885,-8
2,-823,895,-16
2,-764,900,-16
2,-646,909,-16
2,-531,933,16
2,-425,972,16
2,-315,996,32
2,-210,1011,48
2,-111,1029,56
2,-19,1043,56
2,64,1053,39
2,143,1082,48
2,212,1103,8
2,294,1136,16
2,356,1155,48
2,408,1161,24
2,463,1162,16
2,520,1164,8
2,579,1167,8
2,631,1166,24
2,672,1174,16
2,696,1173,32
2,720,1173,39
2,762,1164,8
2,799,1169,32
2,826,1186,39
2,860,1195,16
2,909,1190,-24
2,956,1188,-8
2,990,1179,-24
2,1014,1163,-39
2,1020,1149,-39
2,1015,1144,-48
2,1007,1132,-48
2,994,1119,-48
2,973,1110,-39
2,944,1109,-24
2,907,1112,-32
2,864,1115,-32
2,780,1121,-48
2,699,1119,-48
2,615,1115,-32
2,540,1104,-32
2,488,1086,-32
2,429,1077,-8
2,360,1079,8
2,292,1080,24
2,227,1090,32
2,162,1091,24
2,104,1083,16
2,53,1073,8
2,-5,1066,16
2,-69,1065,16
2,-142,1072,16
2,-218,1073,16
2,-286,1062,24
2,-350,1042,32
2,-422,1025,32
2,-515,1021,39
2,-596,1010,48
2,-669,976,56
2,-727,956,64
2,-784,950,88
2,-839,953,88
2,-892,966,72
2,-935,988,39
2,-977,1010,32
2,-1016,1034,32
2,-1052,1048,24
2,-1097,1049,16
2,-1135,1059,16
2,-1177,1057,16
2,-1221,1051,16
2,-1267,1031,8
2,-1306,1019,24
2,-1347,996,8
2,-1378,967,0
2,-1403,936,-8
2,-1444,897,-24
2,-1482,872,-8
2,-1505,854,-16
2,-1511,852,-24
2,-1513,845,-16
2,-1517,832,-32
2,-1512,829,-32
2,-1493,837,-24
2,-1488,838,-48
2,-1483,837,-56
2,-1476,840,-39
2,-1466,845,-48
2,-1453,852,8
2,-1438,860,-39
2,-1424,867,-32
2,-1376,895,-8
2,-1330,915,-64
2,-1288,920,-56
2,-1241,918,-64
2,-1192,916,-56
2,-1094,902,-64
2,-998,890,-48
2,-907,894,-16
2,-807,901,-8
2,-711,912,16
2,-619,937,24
2,-529,973,24
2,-447,1002,8
2,-371,1017,8
2,-299,1026,8
2,-221,1046,8
2,-156,1055,0
2,-87,1058,0
2,-15,1057,8
2,65,1054,24
2,139,1054,16
2,206,1044,32
2,266,1035,39
2,324,1032,48
2,384,1032,56
2,447,1044,56
2,510,1062,39
2,577,1081,24
2,633,1088,16
2,676,1083,8
2,715,1074,0
2,748,1061,0
2,779,1046,0
2,807,1027,8
2,835,1016,8
2,862,1008,8
2,890,997,16
2,913,990,32
2,942,984,16
2,976,975,8
2,1009,963,-8
2,1040,957,-8
2,1062,952,-24
2,1075,946,-32
2,1077,944,-39
2,1073,942,-56
2,1069,931,-56
2,1062,914,-56
2,1054,881,-39
2,1041,852,-48
2,999,839,-39
2,974,836,-39
2,944,836,-48
2,910,835,-48
2,838,832,-56
2,772,820,-56
2,702,807,-32
2,631,795,-24
2,566,785,-24
2,504,784,-8
2,437,789,16
2,365,803,32
2,284,826,39
2,202,849,32
2,123,870,24
2,57,877,24
2,-10,893,24
2,-84,907,24
2,-166,915,24
2,-253,917,32
2,-338,911,39
2,-424,900,48
2,-502,888,48
2,-565,879,48
2,-627,878,56
2,-687,882,64
2,-753,893,72
2,-824,902,72
2,-897,907,56
2,-955,913,39
2,-1019,905,32
2,-1091,893,24
2,-1157,881,16
2,-1214,871,16
2,-1247,857,24
2,-1274,861,16
2,-1296,869,16
2,-1319,863,8
2,-1329,860,8
2,-1342,852,8
2,-1356,848,24
2,-1383,844,16
2,-1425,849,48
2,-1451,870,32
2,-1471,888,8
2,-1507,906,0
2,-1540,884,-8
2,-1552,878,-16
2,-1563,857,-32
2,-1567,839,-32
2,-1560,838,-32
2,-1548,828,-24
2,-1535,820,-24
2,-1524,801,-32
2,-1508,790,-39
2,-1480,804,-48
2,-1450,819,-56
2,-1413,839,-72
2,-1377,854,-64
2,-1307,865,-39
2,-1236,861,-56
2,-1163,854,-39
2,-1094,853,-16
2,-1022,858,-8
2,-951,872,-8
2,-884,910,8
2,-820,936,-8
2,-757,949,8
2,-695,968,8
2,-642,987,8
2,-577,1017,8
2,-506,1052,16
2,-425,1087,39
2,-338,1127,39
2,-253,1170,48
2,-169,1205,56
2,-89,1243,64
2,-17,1288,64
2,51,1310,39
2,118,1335,32
2,195,1365,24
2,253,1384,8
2,303,1403,8
2,349,1417,0
2,395,1418,0
2,439,1413,-8
2,485,1404,-8
2,532,1388,-8
2,575,1370,0
2,615,1355,0
2,657,1342,8
2,714,1324,8
2,759,1308,8
2,791,1290,8
2,818,1271,16
2,842,1255,16
2,883,1242,-16
2,926,1212,-32
2,958,1186,-24
2,975,1172,-39
2,998,1142,-39
2,1008,1116,-16
2,1021,1091,-32
2,1030,1068,-32
2,1031,1052,-24
2,1033,1039,-48
2,1029,1029,-48
2,1027,1011,-56
2,1022,990,-48
2,1014,971,-32
2,1006,945,-48
2,986,883,-56
2,967,819,-64
2,933,777,-39
2,892,741,-32
2,846,721,-32
2,797,712,-24
2,745,720,-24
2,702,720,-24
2,650,720,-16
2,600,717,-32
2,546,714,-24
2,492,714,-32
2,426,718,-8
2,354,726,8
2,284,733,16
2,216,740,24
2,140,751,48
2,69,765,48
2,5,772,48
2,-59,792,64
2,-115,814,48
2,-176,831,48
2,-235,846,39
2,-287,837,39
2,-354,840,39
2,-429,849,39
2,-506,862,39
2,-578,875,48
2,-653,878,56
2,-717,872,56
2,-780,866,56
2,-842,867,64
2,-895,872,72
2,-953,892,79
2,-1013,905,72
2,-1076,912,64
2,-1144,916,56
2,-1212,920,48
2,-1278,920,56
2,-1339,919,56
2,-1383,932,64
2,-1417,971,64
2,-1460,1006,56
2,-1509,1033,48
2,-1551,1078,8
2,-1597,1110,16
2,-1637,1141,24
2,-1682,1152,8
2,-1731,1119,8
2,-1793,1093,24
2,-1835,1072,24
2,-1843,1092,32
2,-1854,1105,24
2,-1863,1106,-16
2,-1900,1061,-16
2,-1974,967,16
2,-2001,970,-8
2,-2007,983,-24
2,-2007,980,-24
2,-2008,961,-16
2,-2004,944,-8
2,-1997,941,-24
2,-1992,943,-32
2,-1988,945,-16
2,-1985,943,-16
2,-1982,939,-24
2,-1982,930,-24
2,-1787,867,-32
2,-1768,866,-32
2,-1743,871,-39
2,-1713,881,-39
2,-1685,895,-48
2,-1625,910,-72
2,-1568,923,-72
2,-1497,923,-64
2,-1429,902,-56
2,-1356,881,-64
2,-1285,864,-48
2,-1211,847,-39
2,-1143,840,-32
2,-1080,834,-32
2,-1017,848,0
2,-958,854,-16
2,-895,878,0
2,-838,919,0
2,-778,951,-8
2,-718,968,0
2,-653,986,-8
2,-585,1004,0
2,-520,1022,8
2,-446,1050,24
2,-368,1075,32
2,-284,1100,39
2,-211,1124,48
2,-144,1156,56
2,-75,1188,48
2,-12,1227,48
2,44,1253,32
2,98,1282,24
2,150,1309,16
2,197,1341,8
2,238,1357,8
2,284,1366,0
2,333,1374,0
2,365,1371,8
2,407,1365,8
2,454,1350,8
2,502,1340,16
2,554,1330,16
2,603,1322,24
2,647,1312,24
2,681,1305,24
2,710,1303,16
2,741,1306,8
2,766,1303,16
2,789,1296,-8
2,807,1292,-24
2,846,1284,-24
2,870,1261,-24
2,900,1231,-32
2,918,1211,-16
2,937,1191,-16
2,961,1174,-16
2,980,1160,-8
2,988,1143,-24
2,1000,1108,-16
2,1016,1065,-24
2,1034,1022,-39
2,1039,986,-32
2,1038,974,-24
2,1031,970,-32
2,1018,958,-39
2,1001,940,-24
2,979,926,-24
2,932,906,-24
2,884,891,-32
2,836,877,-32
2,785,869,-39
2,738,863,-39
2,690,857,-48
2,641,847,-39
2,587,837,-24
2,532,833,-16
2,481,825,-8
2,436,810,0
2,390,807,16
2,333,824,39
2,282,832,32
2,226,845,24
2,172,861,32
2,117,873,24
2,59,889,8
2,17,901,0
2,-31,926,-8
2,-77,939,8
2,-123,953,8
2,-170,973,16
2,-205,991,8
2,-235,994,32
2,-256,997,24
2,-269,1003,32
2,-271,1010,39
2,-277,1020,56
2,-271,1033,32
2,-252,1049,24
2,-227,1066,32
2,-211,1090,72
2,-186,1115,48
2,-131,1158,48
2,-73,1196,39
2,-27,1238,32
2,5,1280,24
2,33,1321,24
2,48,1356,24
2,63,1392,16
2,89,1410,8
2,111,1411,-8
2,141,1410,-16
2,190,1397,8
2,247,1398,8
2,299,1392,8
2,346,1386,24
2,395,1381,32
2,445,1387,39
2,492,1385,24
2,537,1386,24
2,574,1384,16
2,599,1379,0
2,627,1373,-8
2,670,1362,-32
2,708,1341,-32
2,755,1318,-39
2,815,1287,-24
2,855,1245,-8
2,884,1213,-16
2,899,1189,0
2,908,1176,0
2,914,1163,8
2,918,1156,16
2,926,1147,16
2,939,1137,16
2,957,1125,8
2,978,1123,0
2,1007,1120,-16
2,1050,1107,-24
2,1078,1068,-56
2,1081,1017,-56
2,1076,987,-56
2,1068,950,-56
2,1049,929,-48
2,1033,911,-48
2,1023,900,-48
2,1015,889,-56
2,1004,884,-48
2,983,872,-64
2,933,849,-48
2,875,805,-56
2,811,756,-48
2,760,711,-56
2,709,677,-48
2,657,650,-32
2,608,633,-24
2,559,622,-8
2,511,615,0
2,463,617,24
2,415,627,39
2,359,647,56
2,311,665,24
2,264,684,24
2,199,710,32
2,143,728,16
2,86,748,16
2,19,768,8
2,-49,783,8
2,-116,793,16
2,-176,786,39
2,-231,776,32
2,-288,772,48
2,-348,781,56
2,-402,796,72
2,-461,813,79
2,-520,828,72
2,-561,858,48
2,-619,885,56
2,-678,891,39
2,-730,893,32
2,-770,915,48
2,-806,921,24
2,-849,925,24
2,-893,924,24
2,-938,921,24
2,-983,902,24
2,-1017,894,24
2,-1053,888,39
2,-1086,887,48
2,-1133,885,32
2,-1183,881,24
2,-1241,871,24
2,-1284,878,24
2,-1308,909,16
2,-1322,955,8
2,-1336,990,-32
2,-1343,1002,-8
2,-1355,1000,-16
2,-1354,994,-16
2,-1350,987,-32
2,-1348,985,-32
2,-1344,979,-24
2,-1339,975,-39
2,-1331,973,-39
2,-1321,973,-48
2,-1312,972,-56
2,-1299,968,-56
2,-1284,964,-39
2,-1268,961,-32
2,-1251,958,-24
2,-1234,954,-39
2,-1182,943,-24
2,-1130,936,-8
2,-1079,934,0
2,-1029,939,8
2,-978,951,16
2,-880,974,16
2,-791,981,8
2,-704,1007,16
2,-615,1034,0
2,-532,1063,16
2,-437,1113,16
2,-336,1161,32
2,-236,1200,39
2,-139,1233,39
2,-57,1259,48
2,27,1260,56
2,101,1273,56
2,171,1305,56
2,234,1335,39
2,290,1360,24
2,337,1377,16
2,394,1397,0
2,445,1402,0
2,490,1400,0
2,528,1396,-8
2,585,1388,-16
2,657,1375,-16
2,709,1362,0
2,739,1340,8
2,752,1319,16
2,774,1303,16
2,816,1291,8
2,852,1281,16
2,883,1268,24
2,923,1261,0
2,950,1261,-8
2,969,1255,-16
2,985,1243,-39
2,996,1224,-56
2,999,1206,-32
2,997,1191,-32
2,994,1176,-16
2,991,1159,-39
2,983,1146,-24
2,978,1130,-56
2,977,1102,-72
2,969,1068,-72
2,946,999,-72
2,899,929,-56
2,859,871,-56
2,798,819,-32
2,737,778,-24
2,675,749,-16
2,615,733,0
2,555,729,8
2,496,723,8
2,439,713,8
2,384,707,8
2,321,703,16
2,252,697,16
2,181,691,16
2,106,685,24
2,49,698,8
2,-8,725,24
2,-70,735,39
2,-127,736,39
2,-182,737,39
2,-232,742,56
2,-279,759,64
2,-347,777,72
2,-428,792,72
2,-491,810,56
2,-544,828,39
2,-589,841,24
2,-622,852,24
2,-656,867,39
2,-689,891,39
2,-731,909,39
2,-771,916,16
2,-834,917,32
2,-912,907,32
2,-986,894,32
2,-1067,874,32
2,-1126,867,48
2,-1157,876,56
2,-1175,889,39
2,-1183,895,32
2,-1189,906,24
2,-1193,918,16
2,-1205,931,8
2,-1215,948,-8
2,-1229,963,-16
2,-1243,970,-24
2,-1256,970,-39
2,-1263,965,-56
2,-1261,960,-32
2,-1258,957,-39
2,-1252,957,-32
2,-1243,960,-32
2,-1232,967,-48
2,-1222,972,-48
2,-1215,971,-64
2,-1205,971,-64
2,-1188,970,-48
2,-1168,969,-39
2,-1148,966,-48
2,-1086,960,-24
2,-1024,954,-16
2,-963,951,-8
2,-904,948,0
2,-793,947,0
2,-683,956,-16
2,-579,967,-24
2,-485,975,-24
2,-407,975,-32
2,-343,971,-39
2,-280,961,-56
2,-245,943,-32
2,-218,925,-32
2,-207,914,-32
2,-193,899,-39
2,-175,880,-48
2,-143,842,-48
2,-105,808,-48
2,-91,774,-72
2,-73,729,-64
2,-52,675,-56
2,-33,610,-48
2,-19,564,-39
2,-20,530,-24
2,-18,490,-24
2,-17,452,-24
2,-23,420,-16
