2,-75,1196,-16
2,-78,1197,-8
2,-79,1196,-8
2,-77,1194,-8
2,-72,1191,8
2,-65,1188,8
2,-56,1184,8
2,-50,1180,-16
2,-45,1175,-8
2,-37,1173,32
2,-27,1169,0
2,-13,1167,32
2,6,1167,32
2,73,1165,32
2,139,1164,32
2,260,1158,32
2,376,1151,32
2,483,1141,48
2,567,1125,48
2,637,1113,56
2,694,1110,56
2,730,1115,56
2,767,1119,64
2,785,1128,56
2,798,1151,24
2,805,1179,8
2,817,1208,32
2,831,1258,24
2,844,1302,39
2,859,1347,32
2,876,1400,16
2,878,1443,0
2,872,1469,8
2,856,1500,-32
2,827,1529,-56
2,787,1552,-56
2,738,1572,-48
2,686,1581,-48
2,629,1580,-48
2,570,1582,-56
2,519,1565,-56
2,468,1544,-56
2,409,1520,-56
2,360,1491,-72
2,313,1459,-72
2,245,1436,-72
2,177,1397,-72
2,103,1349,-64
2,27,1296,-48
2,-56,1241,-16
2,-126,1181,-8
2,-216,1127,48
2,-306,1082,64
2,-397,1045,79
2,-478,1018,64
2,-566,992,56
2,-670,956,48
2,-777,925,48
2,-877,900,39
2,-955,906,0
2,-1031,896,32
2,-1105,854,16
2,-1170,821,24
2,-1210,808,48
2,-1238,798,24
2,-1264,812,16
2,-1290,814,-32
2,-1322,806,-16
2,-1342,817,-16
2,-1344,814,-64
2,-1337,813,-79
2,-1323,811,-79
2,-1313,810,-39
2,-1302,809,-72
2,-1289,811,-32
2,-1273,812,-64
2,-1254,812,-72
2,-1232,812,-79
2,-1161,817,-48
2,-1090,815,-56
2,-941,830,-16
2,-805,825,-8
2,-670,808,16
2,-541,811,24
2,-418,824,24
2,-296,845,32
2,-169,873,48
2,-43,898,56
2,73,925,48
2,183,948,56
2,287,966,64
2,393,978,72
2,489,992,64
2,566,1012,72
2,631,1034,72
2,671,1065,56
2,711,1097,56
2,748,1150,32
2,775,1200,32
2,779,1238,8
2,789,1281,24
2,782,1317,16
2,773,1357,0
2,757,1399,-16
2,730,1438,-39
2,693,1468,-56
2,648,1484,-72
2,610,1476,-64
2,579,1450,-56
2,540,1428,-64
2,510,1394,-56
2,477,1371,-64
2,420,1350,-56
2,356,1325,-48
2,305,1293,-64
2,240,1259,-48
2,158,1224,-39
2,90,1186,-48
2,28,1148,-39
2,-30,1101,-32
2,-110,1053,16
2,-187,1010,24
2,-271,976,56
2,-362,943,88
2,-473,923,88
2,-583,906,72
2,-688,899,64
2,-782,884,79
2,-860,878,39
2,-937,878,56
2,-1012,876,56
2,-1074,865,16
2,-1142,860,16
2,-1185,869,8
2,-1210,874,8
2,-1232,869,-16
2,-1243,857,-16
2,-1243,847,-24
2,-1245,829,-56
2,-1242,819,-79
2,-1236,807,-72
2,-1221,806,-79
2,-1214,806,-64
2,-1200,807,-79
2,-1184,808,-64
2,-1124,817,-72
2,-1062,822,-79
2,-940,826,-72
2,-821,831,-56
2,-713,825,-64
2,-608,812,-56
2,-513,796,-48
2,-410,776,-16
2,-305,755,-16
2,-211,732,-16
2,-125,706,8
2,-28,680,39
2,63,656,32
2,147,639,32
2,228,618,39
2,302,591,56
2,382,561,56
2,473,528,48
2,548,489,72
2,632,466,64
2,710,448,39
2,781,433,56
2,842,417,48
2,891,420,39
2,1080,585,16
2,1077,599,24
2,1067,640,32
2,1057,681,24
2,1044,722,8
2,1028,763,16
2,991,840,8
2,952,914,8
2,910,980,8
2,867,1034,8
2,823,1091,0
2,770,1149,-8
2,723,1194,0
2,661,1243,-39
2,609,1278,-32
2,550,1313,-56
2,489,1325,-79
2,433,1309,-79
2,392,1265,-79
2,339,1224,-64
2,292,1185,-64
2,244,1146,-48
2,194,1109,-32
2,139,1079,-8
2,81,1049,-8
2,0,1025,8
2,-81,1003,8
2,-169,980,24
2,-263,955,32
2,-344,933,32
2,-427,908,48
2,-525,883,56
2,-618,873,39
2,-682,866,48
2,-761,850,56
2,-832,828,64
2,-901,801,39
2,-957,780,39
2,-999,772,39
2,-1031,775,32
2,-1069,765,0
2,-1109,762,-8
2,-1137,779,-8
2,-1154,793,-24
2,-1152,811,-24
2,-1150,809,-39
2,-1140,810,-48
2,-1134,810,-56
2,-1124,811,-64
2,-1113,811,-64
2,-1099,808,-64
2,-1083,805,-48
2,-1064,805,-8
2,-1004,815,8
2,-946,827,16
2,-827,867,39
2,-708,897,32
2,-591,928,39
2,-471,954,48
2,-354,982,56
2,-245,1019,56
2,-139,1067,32
2,-38,1113,39
2,63,1152,39
2,159,1180,32
2,249,1207,48
2,334,1222,48
2,420,1244,56
2,506,1261,32
2,579,1269,16
2,639,1265,8
2,688,1253,0
2,734,1231,-24
2,763,1203,-32
2,802,1168,-32
2,847,1129,-24
2,888,1087,-16
2,925,1045,-8
2,960,1003,-8
2,991,958,-16
2,1023,917,-24
2,1051,877,-32
2,1068,843,-39
2,1074,807,-56
2,1068,768,-72
2,1049,732,-56
2,1026,688,-72
2,999,645,-72
2,954,605,-64
2,896,568,-72
2,834,540,-64
2,770,517,-56
2,706,501,-39
2,640,496,-16
2,576,500,0
2,507,517,32
2,441,543,48
2,373,578,48
2,296,604,39
2,208,638,56
2,113,674,48
2,11,702,48
2,-96,720,79
2,-198,727,72
2,-306,736,88
2,-414,740,88
2,-509,747,104
2,-609,749,104
2,-711,755,88
2,-805,761,72
2,-893,764,96
2,-976,771,96
2,-1062,785,96
2,-1148,802,79
2,-1226,829,48
2,-1286,877,39
2,-1340,914,16
2,-1402,936,24
2,-1454,946,8
2,-1498,946,-16
2,-1536,938,-16
2,-1576,947,-8
2,-1626,938,-8
2,-1684,882,-16
2,-1727,830,-8
2,-1548,819,-72
2,-1508,823,-79
2,-1461,837,-88
2,-1363,861,-56
2,-1269,875,-56
2,-1167,884,-56
2,-1053,897,-48
2,-946,911,-39
2,-851,907,-39
2,-761,899,-24
2,-667,908,24
2,-571,929,32
2,-468,960,64
2,-357,987,96
2,-252,1021,79
2,-145,1065,88
2,-36,1115,96
2,71,1166,112
2,170,1227,119
2,262,1296,144
2,360,1371,136
2,456,1449,128
2,533,1520,88
2,599,1587,88
2,657,1671,119
2,709,1744,104
2,760,1808,72
2,806,1861,56
2,838,1923,39
2,868,1987,39
2,892,2034,48
2,905,2077,56
2,899,2121,64
2,889,2174,24
2,875,2219,16
2,855,2254,-8
2,830,2284,-24
2,799,2319,-16
2,769,2340,-24
2,736,2349,-39
2,701,2351,-39
2,662,2350,-32
2,621,2348,-32
2,577,2346,-39
2,539,2337,-56
2,505,2318,-48
2,450,2300,-24
2,402,2279,-39
2,356,2254,-64
2,314,2226,-64
2,275,2190,-96
2,240,2141,-112
2,223,2085,-104
2,211,2021,-88
2,209,1942,-144
2,191,1861,-112
2,167,1780,-112
2,144,1696,-104
2,119,1610,-88
2,93,1521,-88
2,46,1440,-48
2,-4,1364,-32
2,-70,1292,-24
2,-142,1224,-24
2,-219,1163,8
2,-284,1101,16
2,-359,1049,56
2,-438,1006,79
2,-542,964,88
2,-646,940,79
2,-728,928,39
2,-812,916,48
2,-892,897,39
2,-974,867,24
2,-1056,811,24
2,-1129,760,24
2,-1175,734,24
2,-1235,718,16
2,-1276,723,56
2,-1300,764,16
2,-1316,799,16
2,-1325,844,-8
2,-1334,866,-24
2,-1338,879,-16
2,-1340,879,-64
2,-1332,881,-39
2,-1316,881,-56
2,-1308,883,-48
2,-1275,895,-39
2,-1235,896,-64
2,-1190,891,-64
2,-1104,869,-79
2,-1010,847,-88
2,-920,815,-79
2,-816,797,-32
2,-716,778,-48
2,-616,763,-24
2,-504,760,8
2,-389,758,32
2,-274,758,16
2,-151,760,24
2,-35,760,39
2,66,753,39
2,172,749,24
2,279,743,39
2,385,731,48
2,485,712,56
2,574,692,56
2,653,669,56
2,736,635,48
2,809,608,32
2,868,582,24
2,928,557,-8
2,969,530,0
2,1007,503,-24
2,792,567,0
2,732,574,16
2,674,591,16
2,614,617,16
2,546,653,16
2,475,686,16
2,398,711,16
2,317,731,16
2,227,752,32
2,127,760,32
2,25,768,48
2,-75,784,48
2,-176,806,64
2,-274,816,88
2,-363,819,72
2,-456,817,72
2,-545,818,64
2,-621,823,72
2,-700,819,72
2,-793,818,64
2,-893,794,64
2,-999,772,64
2,-1086,765,48
2,-1162,776,56
2,-1250,779,56
2,-1314,784,72
2,-1383,772,32
2,-1449,756,16
2,-1499,757,48
2,-1543,804,0
2,-1568,847,0
2,-1587,863,-32
2,-1604,867,-56
2,-1603,854,-79
2,-1594,845,-112
2,-1587,842,-72
2,-1578,843,-39
2,-1565,840,-64
2,-1550,834,-72
2,-1532,829,-79
2,-1511,826,-88
2,-1444,819,-64
2,-1377,815,-39
2,-1245,818,-24
2,-1116,818,-8
2,-994,840,32
2,-872,865,16
2,-753,909,32
2,-631,949,24
2,-512,982,32
2,-393,1029,32
2,-279,1060,64
2,-164,1076,56
2,-50,1105,39
2,58,1132,48
2,154,1149,56
2,255,1176,48
2,352,1198,48
2,446,1219,39
2,528,1224,24
2,604,1225,24
2,671,1216,8
2,741,1200,-24
2,795,1166,-24
2,841,1135,-32
2,878,1105,-16
2,905,1070,-24
2,933,1032,-24
2,955,996,-16
2,974,968,-8
2,986,946,8
2,1004,912,-24
2,1027,875,-32
2,1049,834,-39
2,1059,793,-48
2,1058,752,-56
2,1050,711,-56
2,1036,674,-56
2,1014,634,-72
2,987,606,-72
2,942,573,-79
2,878,541,-79
2,804,515,-72
2,729,495,-48
2,651,485,-24
2,574,484,-8
2,502,490,8
2,430,510,48
2,355,540,64
2,273,575,64
2,186,614,56
2,98,650,64
2,4,677,64
2,-87,698,72
2,-183,715,64
2,-284,727,72
2,-377,738,72
2,-446,747,64
2,-503,755,88
2,-572,757,79
2,-672,723,72
2,-768,705,48
2,-839,709,39
2,-909,718,24
2,-985,708,0
2,-1062,686,-8
2,-1125,661,-16
2,-1165,648,16
2,-1201,664,-8
2,-1216,678,-16
2,-1216,704,-16
2,-1215,729,-24
2,-1211,765,-56
2,-1208,759,-56
2,-1200,755,-39
2,-1190,751,-48
2,-1185,748,-56
2,-1178,744,-64
2,-1166,741,-24
2,-1151,739,-8
2,-1102,740,-8
2,-1048,748,0
2,-939,780,24
2,-843,810,8
2,-758,839,8
2,-665,885,39
2,-566,941,56
2,-464,1004,64
2,-358,1058,64
2,-249,1089,88
2,-142,1106,88
2,-40,1138,79
2,54,1180,48
2,142,1216,32
2,234,1264,39
2,334,1316,16
2,427,1356,0
2,500,1372,0
2,549,1353,8
2,594,1343,0
2,644,1332,0
2,689,1318,8
2,734,1300,8
2,782,1278,-8
2,828,1250,-16
2,865,1224,-8
2,901,1195,-8
2,941,1153,-32
2,979,1109,-48
2,1010,1066,-48
2,1031,1027,-39
2,1039,988,-24
2,1050,950,-8
2,1066,898,-16
2,1084,868,8
2,1110,829,-8
2,1127,777,-8
2,1140,748,8
2,1150,712,-32
2,1153,667,-48
2,1144,616,-72
2,1124,573,-79
2,1082,536,-56
2,1041,502,-64
2,988,484,-56
2,931,471,-56
2,867,466,-56
2,804,462,-64
2,737,464,-39
2,671,472,-16
2,606,485,-8
2,541,504,8
2,479,528,24
2,415,557,48
2,336,598,72
2,253,645,56
2,164,692,56
2,77,744,56
2,-6,781,48
2,-97,810,39
2,-185,822,64
2,-278,834,56
2,-360,849,56
2,-441,859,64
2,-526,870,72
2,-595,888,79
2,-669,927,64
2,-756,955,64
2,-852,984,39
2,-943,989,56
2,-1015,976,48
2,-1084,946,32
2,-1148,906,32
2,-1205,869,24
2,-1268,844,24
2,-1323,812,16
2,-1366,799,16
2,-1413,772,16
2,-1442,766,39
2,-1456,781,16
2,-1471,784,-24
2,-1482,793,-16
2,-1486,814,-16
2,-1489,825,-64
2,-1489,816,-96
2,-1485,812,-56
2,-1478,811,-56
2,-1468,811,-32
2,-1457,807,-64
2,-1444,804,-64
2,-1428,805,-48
2,-1408,807,-72
2,-1387,809,-39
2,-1363,814,-24
2,-1293,829,-24
2,-1215,842,-24
2,-1064,881,8
2,-918,914,24
2,-787,968,39
2,-659,1029,32
2,-536,1066,16
2,-427,1091,32
2,-307,1128,32
2,-188,1165,24
2,-80,1183,48
2,34,1201,39
2,149,1222,48
2,248,1229,39
2,336,1223,39
2,418,1225,48
2,499,1231,32
2,573,1231,24
2,634,1228,16
2,686,1223,0
2,724,1210,-16
2,763,1195,-24
2,812,1166,-39
2,854,1128,-32
2,893,1081,-24
2,925,1042,-24
2,958,1006,-16
2,986,972,-8
2,1009,939,16
2,1032,895,0
2,1048,851,0
2,1077,801,-24
2,1106,751,-32
2,1127,712,-39
2,1138,674,-56
2,1134,638,-56
2,1115,606,-56
2,1085,577,-64
2,1057,554,-72
2,1023,534,-72
2,969,513,-72
2,903,493,-79
2,831,479,-56
2,760,470,-39
2,690,469,-24
2,620,477,-8
2,553,493,16
2,481,520,39
2,410,546,24
2,334,579,39
2,259,605,39
2,176,631,48
2,95,650,56
2,-5,671,56
2,-120,690,79
2,-236,707,79
2,-336,723,79
2,-423,740,88
2,-501,775,96
2,-575,793,112
2,-654,791,79
2,-750,793,72
2,-851,791,72
2,-943,806,79
2,-1040,809,56
2,-1135,822,72
2,-1226,825,48
2,-1317,809,39
2,-1377,793,39
2,-1440,749,48
2,-1491,722,72
2,-1770,851,-72
2,-1764,849,-64
2,-1756,847,-48
2,-1746,844,-48
2,-1735,843,-72
2,-1722,844,-79
2,-1705,844,-96
2,-1684,844,-104
2,-1621,842,-72
2,-1555,839,-56
2,-1424,828,-72
2,-1303,829,-24
2,-1184,835,-32
2,-1070,842,-32
2,-961,854,-24
2,-856,872,-8
2,-748,914,16
2,-638,973,16
2,-527,1029,16
2,-413,1061,39
2,-297,1079,32
2,-182,1100,48
2,-76,1098,64
2,30,1110,64
2,134,1143,64
2,228,1167,48
2,309,1191,39
2,372,1212,39
2,423,1232,32
2,470,1252,16
2,518,1269,8
2,566,1277,8
2,604,1273,-24
2,653,1264,0
2,703,1278,16
2,744,1303,16
2,778,1319,39
2,816,1329,16
2,846,1342,8
2,874,1360,-8
2,918,1365,-8
2,944,1355,-8
2,970,1334,-16
2,980,1313,-8
2,980,1311,-8
2,978,1308,0
2,984,1311,0
2,990,1312,16
2,993,1312,16
2,1000,1312,8
2,998,1309,8
2,999,1308,-8
2,999,1307,-8
2,1000,1306,-16
2,1001,1305,-32
2,1002,1303,-39
2,1001,1298,-48
2,999,1294,-48
2,997,1288,-39
2,995,1279,-56
2,991,1270,-56
2,979,1238,-72
2,960,1216,-48
2,940,1184,-88
2,916,1150,-72
2,885,1116,-56
2,818,1059,-32
2,751,1017,-24
2,681,989,8
2,611,974,16
2,545,969,8
2,480,972,16
2,420,959,8
2,359,955,16
2,297,963,24
2,224,971,56
2,154,980,56
2,95,991,56
2,42,1010,64
2,-2,1039,72
2,-20,1078,56
2,-24,1121,56
2,-34,1166,56
2,-27,1209,39
2,-13,1253,48
2,-1,1315,56
2,15,1360,56
2,38,1393,39
2,64,1438,48
2,93,1475,32
2,137,1514,24
2,185,1563,16
2,246,1605,16
2,304,1630,16
2,377,1666,24
2,441,1678,24
2,498,1674,24
2,553,1668,24
2,607,1662,32
2,657,1663,24
2,695,1667,16
2,750,1664,16
2,814,1653,0
2,862,1626,8
2,907,1600,8
2,940,1578,0
2,984,1572,0
2,1002,1562,-32
2,997,1547,-48
2,990,1543,-39
2,979,1537,-32
2,970,1533,-39
2,965,1533,-39
2,957,1533,-39
2,948,1534,-39
2,939,1533,-8
2,927,1532,-24
2,915,1533,-16
2,903,1533,-16
2,888,1533,-48
2,840,1530,-48
2,794,1523,-56
2,747,1514,-56
2,690,1504,-79
2,640,1485,-64
2,602,1468,-48
2,574,1447,-39
2,546,1419,-56
2,513,1388,-64
2,442,1326,-56
2,368,1265,-64
2,292,1203,-72
2,226,1142,-48
2,192,1088,0
2,199,1045,16
2,207,1008,8
2,216,976,0
2,252,955,39
2,282,937,32
2,320,919,56
2,369,913,56
2,420,901,79
2,481,892,88
2,554,888,88
2,615,904,72
2,670,931,72
2,711,970,72
2,749,1005,72
2,786,1037,64
2,824,1073,64
2,853,1125,56
2,882,1174,56
2,905,1219,24
2,921,1259,16
2,942,1298,16
2,957,1331,8
2,968,1373,-8
2,965,1404,-8
2,952,1423,-24
2,921,1442,-16
2,886,1466,-24
2,855,1478,-16
2,829,1495,-24
2,781,1514,-24
2,722,1532,-24
2,659,1548,-39
2,592,1556,-48
2,523,1558,-56
2,476,1554,-56
2,429,1537,-79
2,382,1510,-88
2,324,1476,-72
2,286,1434,-72
2,245,1388,-56
2,203,1341,-48
2,145,1299,-24
2,73,1259,-8
2,-3,1224,-8
2,-82,1189,-8
2,-142,1154,-8
2,-202,1118,8
2,-258,1083,8
2,-323,1047,16
2,-394,1006,39
2,-468,964,39
2,-560,926,56
2,-657,901,64
2,-750,885,72
2,-846,856,64
2,-919,841,48
2,-988,825,39
2,-1046,830,39
2,-1084,825,24
2,-1136,813,0
2,-1195,790,0
2,-1249,756,0
2,-1298,714,-8
2,-1355,690,-8
2,-1390,692,24
2,-1393,716,-8
2,-1384,745,-16
2,-1378,759,-24
2,-1375,764,-32
2,-1369,762,-56
2,-1365,762,-56
2,-1358,762,-56
2,-1348,763,-56
2,-1336,763,-56
2,-1323,764,-56
2,-1308,761,-64
2,-1290,759,-79
2,-1232,752,-88
2,-1172,744,-79
2,-1106,739,-48
2,-968,734,-39
2,-834,734,-24
2,-703,738,0
2,-574,745,16
2,-444,757,32
2,-321,768,24
2,-218,776,16
2,-111,784,39
2,-4,799,39
2,97,807,48
2,193,818,56
2,286,828,56
2,376,826,79
2,454,832,72
2,532,842,79
2,592,867,72
2,647,896,72
2,688,934,48
2,733,969,72
2,767,1012,56
2,810,1058,79
2,839,1113,56
2,859,1172,48
2,879,1234,32
2,877,1284,8
2,860,1319,0
2,839,1356,-8
2,810,1387,-8
2,777,1411,-8
2,740,1445,-8
2,698,1477,0
2,662,1482,8
2,627,1488,8
2,594,1495,0
2,542,1513,-32
2,506,1518,-24
2,451,1527,-48
2,410,1531,-48
2,389,1521,-56
2,352,1505,-88
2,336,1477,-72
2,301,1439,-64
2,251,1394,-56
2,177,1345,-39
2,121,1303,-39
2,54,1266,-16
2,2,1230,-24
2,-67,1196,0
2,-147,1166,8
2,-208,1136,0
2,-285,1109,24
2,-349,1084,24
2,-396,1055,39
2,-451,1023,64
2,-518,998,64
2,-593,988,56
2,-682,965,88
2,-778,946,88
2,-869,931,88
2,-955,912,64
2,-1047,906,64
2,-1125,885,39
2,-1182,881,32
2,-1239,881,39
2,-1286,883,39
2,-1342,890,0
2,-1408,876,0
2,-1481,854,0
2,-1531,842,8
2,-1570,831,8
2,-1604,821,8
2,-1611,834,24
2,-1617,833,-8
2,-1619,841,-16
2,-1617,851,-32
2,-1615,850,-39
2,-1613,847,-64
2,-1609,849,-56
2,-1604,852,-64
2,-1597,851,-64
2,-1587,853,-64
2,-1575,854,-56
2,-1560,853,-72
2,-1543,851,-79
2,-1523,849,-88
2,-1500,844,-79
2,-1430,829,-72
2,-1361,814,-64
2,-1231,795,-48
2,-1109,786,-24
2,-988,790,-8
2,-869,808,-8
2,-758,817,-16
2,-656,818,-8
2,-540,828,8
2,-416,847,16
2,-290,864,24
2,-169,876,32
2,-63,889,24
2,40,893,64
2,142,894,64
2,235,893,79
2,323,895,79
2,401,902,72
2,463,908,72
2,536,922,72
2,610,952,72
2,672,993,72
2,729,1040,64
2,790,1078,72
2,842,1121,39
2,879,1163,16
2,895,1207,-16
2,906,1254,8
2,902,1290,8
2,898,1317,8
2,891,1353,-8
2,869,1380,-8
2,841,1405,-8
2,811,1433,-8
2,776,1469,-8
2,735,1486,8
2,691,1515,-39
2,654,1530,-8
2,607,1543,-56
2,549,1546,-72
2,489,1539,-79
2,432,1518,-88
2,384,1493,-72
2,339,1465,-64
2,276,1430,-48
2,209,1392,-39
2,148,1353,-32
2,83,1312,-16
2,12,1274,-16
2,-48,1235,-16
2,-117,1197,-8
2,-185,1159,0
2,-230,1124,0
2,-287,1084,16
2,-362,1040,32
2,-448,997,48
2,-545,955,64
2,-627,939,64
2,-702,916,88
2,-792,881,96
2,-893,853,79
2,-1007,809,64
2,-1113,784,56
2,-1200,786,56
2,-1261,811,32
2,-1327,825,32
2,-1377,834,32
2,-1424,819,16
2,-1470,776,8
2,-1514,738,8
2,-1653,844,-64
2,-1645,843,-79
2,-1635,842,-79
2,-1623,837,-64
2,-1608,833,-56
2,-1557,830,-72
2,-1503,831,-88
2,-1385,838,-104
2,-1279,824,-79
2,-1179,808,-64
2,-1083,799,-56
2,-981,794,-39
2,-878,802,-16
2,-770,813,-8
2,-665,825,-16
2,-566,835,-16
2,-472,841,-16
2,-390,831,-24
2,-304,821,-24
2,-216,810,-16
2,-129,798,0
2,-26,788,39
2,76,776,56
2,176,763,72
2,273,755,72
2,360,752,56
2,434,760,64
2,507,774,64
2,579,790,72
2,647,810,72
2,706,837,72
2,760,869,64
2,810,899,56
2,866,927,56
2,905,960,0
2,925,997,0
2,957,1025,48
2,976,1060,48
2,975,1102,39
2,985,1150,24
2,1015,1210,24
2,1035,1283,24
2,1038,1342,24
2,1030,1379,32
2,1014,1412,16
2,1000,1462,0
2,977,1491,-16
2,944,1496,0
2,916,1502,-16
2,891,1513,-39
2,859,1523,-48
2,814,1534,-56
2,749,1544,-56
2,670,1554,-56
2,605,1546,-56
2,537,1535,-64
2,487,1517,-48
2,439,1494,-48
2,391,1472,-56
2,337,1451,-56
2,276,1427,-64
2,211,1397,-56
2,143,1356,-64
2,64,1305,-56
2,-15,1249,-39
2,-92,1195,-24
2,-168,1145,-8
2,-252,1096,16
2,-329,1052,39
2,-393,1007,64
2,-463,972,56
2,-534,943,56
2,-623,904,56
2,-696,882,64
2,-776,861,56
2,-859,843,56
2,-932,822,64
2,-978,812,56
2,-1037,794,48
2,-1112,777,48
2,-1183,763,64
2,-1238,763,72
2,-1282,780,72
2,-1312,813,48
2,-1337,854,48
2,-1372,878,16
2,-1410,890,-16
2,-1447,900,-32
2,-1471,908,-48
2,-1481,904,-56
2,-1485,887,-96
2,-1478,874,-64
2,-1465,857,-64
2,-1445,847,-64
2,-1418,839,-72
2,-1385,836,-72
2,-1347,827,-96
2,-1303,817,-88
2,-1212,802,-64
2,-1126,791,-56
2,-1036,785,-48
2,-947,779,-39
2,-862,780,-24
2,-773,793,-16
2,-686,803,-16
2,-598,815,-8
2,-503,833,0
2,-411,844,-8
2,-313,854,0
2,-215,858,16
2,-110,866,32
2,-3,870,64
2,104,873,64
2,200,884,72
2,285,904,72
2,361,928,72
2,431,953,64
2,512,983,72
2,596,1007,88
2,658,1041,72
2,702,1082,64
2,742,1126,48
2,776,1167,32
2,809,1207,32
2,846,1255,16
2,862,1292,-24
2,874,1332,-16
2,868,1358,8
2,855,1386,-8
2,838,1417,-24
2,815,1428,-8
2,805,1435,-16
2,787,1436,-24
2,763,1439,-16
2,714,1442,-16
2,669,1440,-16
2,611,1445,-56
2,543,1449,-64
2,480,1446,-72
2,423,1436,-79
2,378,1417,-79
2,325,1387,-64
2,294,1344,-64
2,272,1295,-56
2,249,1247,-48
2,222,1204,-32
2,181,1166,-16
2,115,1142,8
2,37,1124,8
2,-31,1106,8
2,-102,1085,16
2,-167,1059,16
2,-243,1032,32
2,-325,1002,48
2,-418,984,39
2,-509,983,39
2,-595,979,56
2,-666,976,64
2,-731,957,79
2,-806,949,64
2,-877,947,48
2,-957,943,48
2,-1037,936,39
2,-1117,922,24
2,-1169,909,24
2,-1228,888,8
2,-1281,864,8
2,-1310,853,16
2,-1343,855,8
2,-1371,877,8
2,-1401,891,-8
2,-1421,901,0
2,-1425,920,8
2,-1429,921,-24
2,-1428,921,-39
2,-1418,920,-48
2,-1415,918,-64
2,-1408,916,-79
2,-1400,912,-64
2,-1390,911,-64
2,-1379,908,-64
2,-1366,904,-64
2,-1349,898,-56
2,-1329,893,-64
2,-1265,878,-88
2,-1199,864,-72
2,-1068,841,-48
2,-945,825,-24
2,-828,830,8
2,-716,837,16
2,-605,849,16
2,-496,850,24
2,-391,852,24
2,-296,864,16
2,-203,886,16
2,-112,909,8
2,-21,930,16
2,66,941,32
2,141,942,32
2,212,940,39
2,286,938,48
2,357,946,56
2,420,968,64
2,480,996,64
2,539,1010,56
2,591,1040,56
2,633,1082,39
2,669,1128,48
2,698,1166,48
2,735,1204,64
2,758,1244,32
2,772,1282,24
2,787,1310,16
2,793,1346,-8
2,787,1386,-16
2,782,1401,-16
2,770,1417,-32
2,757,1426,-24
2,738,1431,-24
2,710,1425,-32
2,681,1423,-24
2,609,1428,-24
2,543,1435,-24
2,480,1444,-32
2,426,1453,-32
2,381,1458,-39
2,337,1453,-48
2,296,1439,-56
2,251,1406,-72
2,207,1370,-72
2,163,1330,-64
2,120,1299,-56
2,89,1264,-48
2,63,1231,-39
2,28,1180,0
2,-24,1137,8
2,-81,1103,24
2,-146,1075,24
2,-202,1049,16
2,-274,1029,32
2,-350,1013,39
2,-428,994,48
2,-503,982,48
2,-561,969,72
2,-620,956,79
2,-698,946,64
2,-758,945,56
2,-820,947,64
2,-890,961,72
2,-979,964,64
2,-1064,966,48
2,-1134,963,39
2,-1196,947,32
2,-1243,925,8
2,-1301,913,32
2,-1371,878,8
2,-1420,857,32
2,-1481,843,8
2,-1535,817,8
2,-1565,802,16
2,-1570,811,39
2,-1567,835,64
2,-1568,851,24
2,-1575,863,8
2,-1580,879,0
2,-1584,885,-24
2,-1592,879,-32
2,-1596,873,-48
2,-1594,872,-64
2,-1591,869,-72
2,-1585,862,-64
2,-1575,856,-48
2,-1563,855,-48
2,-1550,853,-56
2,-1535,851,-72
2,-1516,846,-79
2,-1494,842,-88
2,-1428,835,-72
2,-1359,828,-72
2,-1291,820,-64
2,-1158,811,-48
2,-1035,804,-39
2,-921,801,-39
2,-809,812,-16
2,-704,807,-16
2,-604,810,-16
2,-496,820,-16
2,-391,832,-24
2,-284,834,-16
2,-173,831,8
2,-81,814,8
2,1,796,32
2,88,777,56
2,177,766,64
2,262,769,64
2,347,779,64
2,431,794,64
2,515,813,72
2,588,820,79
2,662,823,96
2,732,847,64
2,787,877,56
2,833,908,39
2,870,936,39
2,903,963,39
2,912,1001,16
2,918,1034,39
2,924,1079,39
2,931,1128,24
2,918,1176,16
2,915,1225,24
2,901,1255,32
2,904,1299,32
2,900,1341,24
2,888,1381,0
2,865,1411,-8
2,848,1451,-8
2,824,1495,-24
2,803,1518,-16
2,784,1537,-39
2,741,1557,-56
2,700,1566,-48
2,645,1573,-48
2,604,1560,-48
2,567,1534,-48
2,535,1503,-48
2,494,1475,-39
2,441,1462,-56
2,374,1456,-48
2,325,1438,-48
2,268,1411,-56
2,204,1385,-64
2,153,1345,-72
2,93,1305,-64
2,21,1263,-39
2,-58,1217,-16
2,-123,1168,-16
2,-183,1113,8
2,-244,1065,32
2,-321,1031,48
2,-389,1001,39
2,-458,983,39
2,-544,988,39
2,-618,981,39
2,-676,971,48
2,-747,950,32
2,-822,929,32
2,-900,884,39
2,-971,853,39
2,-1027,828,32
2,-1075,809,39
2,-1123,782,56
2,-1177,766,24
2,-1220,777,24
2,-1266,772,-8
2,-1290,785,-8
2,-1304,807,-16
2,-1292,846,-8
2,-1285,861,-32
2,-1277,870,-56
2,-1266,875,-48
2,-1253,871,-56
2,-1239,864,-56
2,-1231,862,-56
2,-1221,859,-72
2,-1178,855,-72
2,-1131,849,-88
2,-1042,835,-88
2,-955,822,-56
2,-864,808,-39
2,-776,792,-39
2,-688,778,-16
2,-592,778,16
2,-496,782,8
2,-390,801,24
2,-274,823,16
2,-160,842,24
2,-64,855,16
2,25,860,16
2,109,855,16
2,207,849,24
2,288,845,24
2,367,829,39
2,433,822,39
2,489,813,56
2,552,794,64
2,619,775,56
2,700,761,48
2,774,741,24
2,840,726,24
2,894,700,16
2,943,671,-8
2,1002,639,-8
2,1060,605,-8
2,1091,565,0
2,789,383,-8
2,777,388,16
2,764,395,32
2,725,424,48
2,687,457,39
2,649,496,39
2,564,569,32
2,482,628,24
2,400,679,16
2,316,726,8
2,221,759,32
2,120,785,39
2,15,809,48
2,-81,844,48
2,-187,875,64
2,-288,888,79
2,-391,900,72
2,-508,927,56
2,-608,944,48
2,-694,951,39
2,-763,944,32
2,-835,928,24
2,-902,911,32
2,-966,907,24
2,-1025,891,16
2,-1070,862,16
2,-1104,844,24
2,-1145,817,24
2,-1170,802,16
2,-1184,802,8
2,-1190,815,0
2,-1188,833,-8
2,-1189,844,-32
2,-1190,849,-39
2,-1184,853,-39
2,-1181,852,-64
2,-1177,852,-39
2,-1171,851,-39
2,-1163,853,-32
2,-1154,852,-48
2,-1141,851,-56
2,-1127,854,-16
2,-1112,859,-16
2,-1057,872,-24
2,-1001,895,16
2,-888,944,16
2,-784,990,32
2,-680,1037,56
2,-592,1094,72
2,-511,1152,64
2,-426,1203,48
2,-340,1256,39
2,-250,1309,32
2,-163,1344,39
2,-75,1365,48
2,11,1381,32
2,111,1381,24
2,207,1397,32
2,296,1406,24
2,380,1423,39
2,451,1431,32
2,518,1446,24
2,588,1450,0
2,644,1444,0
2,689,1439,-8
2,727,1424,-32
2,766,1391,-39
2,813,1351,-32
2,869,1299,-24
2,917,1251,-24
2,959,1204,-16
2,993,1152,-8
2,1018,1106,0
2,1046,1063,0
2,1070,1024,-8
2,1090,992,-8
2,1115,963,-24
2,1131,939,-48
2,1147,896,-48
2,1157,855,-24
2,1162,817,-16
2,1154,778,-24
2,1148,736,-39
2,1136,692,-48
2,1121,658,-39
2,1104,621,-48
2,1084,585,-56
2,1056,554,-56
2,1019,518,-48
2,976,492,-32
2,932,477,-16
2,885,456,-32
2,839,449,-24
2,793,464,8
2,748,486,16
2,704,519,24
2,667,565,24
2,628,603,24
2,591,647,32
2,544,697,64
2,500,750,56
2,462,805,72
2,425,861,88
2,392,922,112
2,365,990,128
2,355,1068,112
2,340,1146,88
2,317,1224,88
2,295,1300,88
2,269,1381,79
2,253,1457,96
2,237,1532,104
2,232,1607,79
2,224,1679,72
2,228,1755,64
2,218,1843,104
2,219,1913,64
2,229,1971,79
2,249,2025,96
2,287,2078,79
2,340,2123,56
2,393,2175,48
2,457,2212,56
2,517,2261,64
2,582,2306,56
2,657,2355,64
2,734,2393,56
2,810,2419,24
2,907,2437,-8
2,982,2441,-8
2,1048,2450,-8
2,1082,2449,0
2,1131,2439,-24
2,1179,2414,-48
2,1237,2383,-32
2,1277,2347,-24
2,1303,2307,-48
2,1321,2265,-32
2,1318,2217,-8
2,1327,2179,-32
2,1341,2144,-56
2,1344,2116,-56
2,1348,2073,-48
2,1351,2023,-104
2,1354,1973,-56
2,1354,1924,-64
2,1339,1887,-72
2,1332,1837,-72
2,1336,1788,0
2,1313,1750,-32
2,1281,1723,-32
2,1249,1705,-48
2,1216,1684,-39
2,1185,1648,-56
2,1154,1614,-72
2,1125,1574,-88
2,1099,1521,-88
2,1065,1466,-79
2,1035,1407,-88
2,1001,1353,-72
2,965,1300,-79
2,916,1254,-79
2,875,1196,-104
2,835,1133,-104
2,787,1082,-72
2,729,1038,-64
2,663,1005,-56
2,584,975,-39
2,499,946,-39
2,418,916,-39
2,327,894,8
2,236,865,8
2,140,843,32
2,49,810,64
2,-47,787,79
2,-152,788,96
2,-237,805,79
2,-328,827,72
2,-425,848,72
2,-507,870,72
2,-601,889,64
2,-705,900,72
2,-793,900,128
2,-879,893,88
2,-971,886,72
2,-1068,875,72
2,-1155,878,72
2,-1233,895,88
2,-1302,920,96
2,-1370,948,88
2,-1437,972,56
2,-1510,987,72
2,-1573,1017,64
2,-1621,1053,72
2,-1668,1094,72
2,-1720,1136,88
2,-1782,1174,64
2,-1828,1224,56
2,-1861,1274,56
2,-1898,1307,32
2,-1920,1356,56
2,-1954,1406,48
2,-1985,1482,24
2,-2005,1550,8
2,-2018,1586,0
2,-2041,1574,-24
2,-2048,1563,8
2,-2038,1566,-8
2,-2036,1567,-39
2,-2036,1567,-48
2,-2034,1566,-39
2,-2031,1567,-24
2,-2027,1565,-32
2,-2018,1557,-32
2,-2012,1549,-39
2,-2007,1540,-39
2,-2002,1530,-48
2,-1997,1520,-48
2,-1991,1510,-48
2,-1984,1498,-39
2,-1976,1487,-56
2,-1968,1473,-64
2,-1959,1455,-72
2,-1924,1408,-88
2,-1886,1359,-104
2,-1841,1318,-88
2,-1761,1229,-79
2,-1693,1126,-79
2,-1620,1045,-79
2,-1536,999,-72
2,-1447,978,-79
2,-1364,946,-96
2,-1281,928,-72
2,-1195,908,-79
2,-1112,881,-39
2,-1032,862,-16
2,-950,858,8
2,-859,855,0
2,-772,854,0
2,-683,863,-8
2,-601,880,8
2,-516,909,16
2,-425,950,8
2,-327,985,8
2,-228,1014,16
2,-126,1030,24
2,-28,1035,24
2,69,1024,32
2,166,1013,48
2,261,1011,56
2,346,1009,48
2,431,1012,32
2,522,1030,32
2,587,1037,16
2,640,1032,16
2,696,1014,0
2,745,988,0
2,797,960,0
2,848,923,0
2,906,888,0
2,945,858,8
2,994,819,8
2,1039,800,0
2,1073,779,24
2,1117,751,0
2,1156,717,8
2,1188,681,-24
2,1206,648,-32
2,1214,623,-39
2,1205,593,-56
2,1189,572,-32
2,1181,570,-16
2,1171,564,-64
2,1151,561,-48
2,1121,555,-56
2,1066,532,-88
2,999,518,-48
2,929,514,-32
2,858,520,-16
2,791,532,-8
2,727,554,8
2,664,587,32
2,599,625,32
2,533,670,16
2,468,700,16
2,406,725,8
2,344,749,0
2,281,762,8
2,197,780,24
2,101,803,32
2,4,825,32
2,-90,830,64
2,-183,826,72
2,-277,830,79
2,-374,838,72
2,-466,835,56
2,-565,841,56
2,-674,842,56
2,-768,829,48
2,-855,818,39
2,-932,805,39
2,-1001,777,24
2,-1057,759,24
2,-1107,767,24
2,-1160,759,24
2,-1197,771,48
2,-1242,767,-8
2,-1274,784,8
2,-1305,776,-24
2,-1325,746,-39
2,-1340,729,-39
2,-1339,723,-48
2,-1335,707,-48
2,-1325,701,-48
2,-1303,708,-48
2,-1294,708,-48
2,-1282,708,-56
2,-1267,709,-56
2,-1216,713,-72
2,-1164,717,-79
2,-1111,720,-64
2,-1005,732,-32
2,-903,744,-32
2,-803,764,-8
2,-704,784,8
2,-603,804,24
2,-497,838,39
2,-394,868,24
2,-296,894,24
2,-199,922,32
2,-109,940,32
2,-21,954,32
2,69,971,24
2,159,983,39
2,251,997,39
2,342,1020,48
2,420,1023,48
2,497,1024,56
2,576,1025,56
2,649,1025,32
2,695,1012,32
2,738,1007,32
2,796,993,8
2,835,987,8
2,871,980,-8
2,918,966,-32
2,954,946,-16
2,974,923,-8
2,999,900,8
2,1022,879,8
2,1053,859,-8
2,1079,842,16
2,1106,820,0
2,1130,796,-8
2,1152,763,-24
2,1171,730,-24
2,1181,697,-32
2,1171,686,16
2,1157,687,16
2,1142,697,16
2,1126,712,24
2,1112,729,16
2,1099,752,24
2,1084,768,8
2,1066,787,8
2,1042,806,16
2,1013,830,16
2,957,894,39
2,901,956,39
2,848,1016,48
2,799,1074,56
2,752,1133,39
2,715,1186,32
2,676,1226,16
2,638,1265,0
2,595,1304,-24
2,535,1341,-39
2,473,1369,-39
2,416,1387,-39
2,383,1394,-24
2,361,1395,-24
2,336,1394,-39
2,289,1390,-56
2,224,1369,-64
2,177,1352,-39
2,144,1330,-32
2,108,1302,-64
2,78,1276,-56
2,54,1240,-56
2,29,1206,-56
2,7,1173,-56
2,8,1133,0
2,16,1108,-39
2,49,1071,8
2,104,1028,8
2,168,987,16
2,229,958,24
2,298,931,56
2,361,910,56
2,417,899,64
2,462,894,72
2,501,893,64
2,542,893,64
2,587,895,64
2,639,900,79
2,690,920,79
2,740,938,79
2,779,972,64
2,824,1000,72
2,866,1029,56
2,903,1068,39
2,918,1113,8
2,926,1154,32
2,933,1194,24
2,919,1249,24
2,909,1295,16
2,900,1338,8
2,886,1368,8
2,872,1391,8
2,862,1416,24
2,848,1442,16
2,827,1461,8
2,804,1491,-16
2,789,1511,-16
2,776,1524,-24
2,766,1531,-32
2,756,1530,-48
2,740,1526,-48
2,718,1520,-64
2,694,1508,-56
2,664,1495,-48
2,590,1477,-39
2,528,1454,-32
2,451,1440,-56
2,355,1420,-64
2,273,1397,-64
2,190,1373,-64
2,129,1337,-79
2,69,1297,-56
2,3,1246,-32
2,-62,1197,-16
2,-127,1153,0
2,-198,1112,16
2,-276,1078,32
2,-360,1048,48
2,-442,1018,39
2,-514,987,39
2,-603,965,39
2,-691,936,48
2,-750,910,72
2,-807,882,64
2,-866,856,79
2,-930,832,64
2,-989,823,48
2,-1045,826,56
2,-1101,833,64
2,-1164,845,56
2,-1209,869,32
2,-1257,888,48
2,-1301,900,16
2,-1353,912,16
2,-1386,924,-8
2,-1399,939,8
2,-1406,951,8
2,-1409,952,8
2,-1414,948,-8
2,-1419,938,-64
2,-1422,921,-72
2,-1419,908,-79
2,-1415,907,-79
2,-1409,904,-56
2,-1402,901,-56
2,-1393,899,-48
2,-1381,895,-48
2,-1367,895,-56
2,-1350,895,-32
2,-1332,894,-48
2,-1312,894,-39
2,-1247,899,-24
2,-1183,904,-32
2,-1117,913,-24
2,-994,919,-39
2,-875,921,-32
2,-753,929,-8
2,-631,947,8
2,-508,969,24
2,-391,1003,39
2,-276,1029,56
2,-164,1059,48
2,-58,1082,39
2,37,1102,32
2,139,1141,32
2,222,1164,24
2,282,1168,39
2,348,1173,16
2,415,1180,24
2,470,1183,16
2,521,1186,24
2,569,1192,24
2,595,1215,24
2,630,1231,24
2,663,1241,8
2,691,1246,0
2,708,1252,0
2,717,1256,-8
2,718,1253,16
2,716,1252,-16
2,717,1252,-24
2,717,1246,-8
2,718,1243,-16
2,716,1243,-8
2,715,1247,0
2,712,1248,-8
2,708,1248,0
2,704,1248,0
2,701,1249,-8
2,698,1249,-16
2,690,1249,16
2,683,1248,-16
2,674,1246,-8
2,667,1244,-24
2,658,1242,-16
2,651,1239,-16
2,643,1236,-8
2,635,1232,0
2,626,1230,8
2,618,1230,8
2,610,1231,0
2,599,1231,-8
2,591,1230,-8
2,584,1229,-16
2,577,1226,-16
2,570,1223,-24
2,563,1220,-8
2,556,1217,-8
2,551,1215,8
2,546,1213,16
2,538,1209,24
2,531,1205,0
2,524,1202,-16
2,519,1201,0
2,517,1202,-8
2,519,1203,-8
2,519,1202,0
2,519,1199,-16
2,518,1192,-16
2,521,1185,0
2,523,1175,8
2,528,1166,24
2,539,1160,39
2,552,1154,48
2,602,1137,48
2,646,1122,39
2,686,1107,39
2,752,1078,48
2,785,1065,72
2,823,1054,96
2,889,1054,32
2,948,1064,24
2,1002,1084,24
2,1044,1098,16
2,1078,1114,16
2,1106,1132,8
2,1120,1163,-8
2,1131,1191,0
2,1142,1218,-8
2,1139,1235,-16
2,1127,1242,-16
2,1110,1256,-8
2,1049,1278,-48
2,986,1293,0
2,954,1304,8
2,936,1313,24
2,903,1327,-56
2,860,1341,-56
2,831,1357,-72
2,787,1386,-88
2,730,1393,-72
2,683,1380,-64
2,623,1355,-56
2,552,1326,-48
2,465,1290,-39
2,368,1253,-24
2,272,1219,-16
2,174,1190,-8
2,94,1163,-16
2,13,1140,0
2,-71,1114,0
2,-165,1083,-8
2,-235,1047,8
2,-274,1010,8
2,-322,970,0
2,-374,947,39
2,-440,929,32
2,-497,918,39
2,-561,888,-16
2,-612,876,8
2,-647,879,16
2,-679,876,-16
2,-700,872,-8
2,-708,871,-32
2,-706,866,-32
2,-699,862,-48
2,-693,853,-56
2,-687,851,-8
2,-676,851,-16
2,-664,853,-24
2,-647,855,-8
2,-626,857,-16
2,-563,856,-24
2,-500,849,-8
2,-432,846,16
2,-296,834,39
2,-168,824,48
2,-47,817,64
2,72,824,72
2,184,837,64
2,276,844,56
2,370,838,72
2,459,834,79
2,544,841,79
2,623,869,56
2,693,897,56
2,754,924,48
2,806,949,48
2,857,970,48
2,893,998,56
2,907,1042,79
2,900,1089,48
2,901,1155,32
2,926,1214,24
2,953,1278,24
2,966,1331,24
2,986,1377,32
2,983,1415,24
2,964,1439,24
2,944,1456,8
2,927,1474,-16
2,899,1498,-48
2,868,1508,-39
2,819,1519,-56
2,769,1528,-56
2,719,1531,-56
2,664,1524,-56
2,609,1513,-48
2,545,1502,-48
2,485,1487,-39
2,434,1470,-48
2,363,1447,-64
2,281,1424,-64
2,210,1394,-72
2,140,1355,-72
2,67,1309,-48
2,20,1258,-64
2,-38,1209,-16
2,-103,1170,0
2,-155,1130,8
2,-226,1094,56
2,-292,1065,48
2,-370,1041,48
2,-438,1020,48
2,-503,1001,48
2,-555,983,56
2,-606,959,64
2,-677,936,48
2,-759,919,64
2,-853,902,39
2,-939,909,48
2,-1027,901,39
2,-1094,893,56
2,-1169,866,32
2,-1239,841,16
2,-1293,844,8
2,-1347,829,-16
2,-1388,833,-16
2,-1401,877,-16
2,-1399,907,-39
2,-1395,924,-48
2,-1387,922,-56
2,-1371,919,-56
2,-1364,919,-56
2,-1354,918,-56
2,-1341,915,-72
2,-1299,905,-79
2,-1252,892,-79
2,-1202,879,-72
2,-1104,858,-56
2,-1009,852,-24
2,-924,849,-24
2,-833,854,-16
2,-725,875,-8
2,-623,897,-8
2,-540,906,8
2,-452,918,-8
2,-361,926,-16
2,-256,930,-8
2,-165,923,-16
2,-70,917,16
2,18,907,24
2,101,885,56
2,193,876,64
2,280,880,72
2,359,890,64
2,439,893,64
2,510,910,56
2,577,939,56
2,644,952,64
2,704,982,48
2,756,1016,48
2,782,1051,56
2,819,1080,48
2,866,1108,56
2,912,1136,48
2,958,1141,24
2,1003,1161,88
2,1041,1168,16
2,1069,1165,-8
2,1082,1155,-8
2,1087,1148,-16
2,1093,1139,-24
2,1101,1131,-24
2,1109,1115,-48
2,1111,1096,-64
2,1110,1074,-64
2,1106,1045,-56
2,1111,1013,-16
2,1128,949,-24
2,1145,897,8
2,1166,852,0
2,1197,798,-16
2,1213,748,-24
2,1215,694,-64
2,1206,644,-64
2,1192,603,-64
2,1167,577,-48
2,1140,555,-56
2,1112,537,-72
2,1083,516,-48
2,1040,514,-39
2,984,520,-56
2,921,526,-64
2,854,532,-39
2,788,535,-39
2,722,539,-24
2,658,559,8
2,593,588,24
2,526,622,48
2,457,666,39
2,391,722,32
2,325,764,24
2,261,792,24
2,199,791,16
2,127,801,16
2,40,821,24
2,-57,847,39
2,-157,857,48
2,-257,858,56
2,-348,861,64
2,-436,861,79
2,-517,854,88
2,-614,845,72
2,-708,854,56
2,-798,867,56
2,-868,875,39
2,-931,881,64
2,-1004,871,39
2,-1084,860,39
2,-1175,840,39
2,-1242,831,24
2,-1301,819,39
2,-1349,825,48
2,-1389,827,48
2,-1420,835,39
2,-1450,849,16
2,-1483,874,0
2,-1517,887,-8
2,-1540,907,-8
2,-1547,917,-32
2,-1552,907,-79
2,-1547,901,-56
2,-1542,900,-56
2,-1535,897,-56
2,-1527,890,-56
2,-1518,885,-56
2,-1508,877,-72
2,-1495,870,-72
2,-1478,865,-112
2,-1454,862,-119
2,-1429,863,-64
2,-1356,865,-56
2,-1285,866,-39
2,-1213,870,-24
2,-1064,885,-16
2,-927,906,-32
2,-808,911,-16
2,-690,919,-24
2,-571,924,-16
2,-455,923,-24
2,-349,908,-24
2,-250,886,-8
2,-147,868,16
2,-46,847,48
2,56,829,56
2,154,814,72
2,249,808,56
2,346,808,56
2,435,804,64
2,513,818,64
2,592,841,64
2,675,851,104
2,742,870,48
2,803,882,64
2,856,907,16
2,893,931,0
2,917,962,-8
2,930,993,24
2,957,1029,39
2,993,1061,39
2,1031,1100,32
2,1042,1135,24
2,1040,1173,24
2,1030,1216,32
2,1014,1262,32
2,1020,1300,32
2,1020,1340,16
2,1014,1375,16
2,1011,1406,0
2,1004,1440,-16
2,988,1466,-24
2,959,1496,-48
2,920,1517,-39
2,869,1537,-48
2,823,1540,-48
2,771,1542,-48
2,728,1534,-48
2,665,1531,-48
2,604,1522,-48
2,557,1503,-39
2,507,1484,-56
2,444,1469,-64
2,387,1447,-56
2,329,1423,-56
2,264,1388,-72
2,198,1346,-72
2,120,1301,-48
2,38,1258,-24
2,-46,1217,0
2,-130,1175,16
2,-219,1138,32
2,-305,1100,56
2,-403,1065,48
2,-491,1040,39
2,-570,1028,39
2,-635,1012,32
2,-708,992,39
2,-788,972,39
2,-854,949,56
2,-932,915,39
2,-994,894,24
2,-1051,874,24
2,-1094,858,32
2,-1135,850,39
2,-1180,823,32
2,-1214,813,24
2,-1233,819,24
2,-1259,829,0
2,-1278,843,-8
2,-1285,845,-32
2,-1289,846,-24
2,-1288,853,-48
2,-1283,849,-72
2,-1279,850,-64
2,-1273,849,-48
2,-1266,849,-56
2,-1256,848,-64
2,-1244,846,-56
2,-1230,844,-72
2,-1213,842,-72
2,-1190,839,-56
2,-1160,835,-24
2,-1062,823,-16
2,-901,805,-39
2,-782,802,-24
2,-679,806,-32
2,-586,810,0
2,-494,817,0
2,-399,822,0
2,-319,817,-8
2,-235,810,-8
2,-136,806,8
2,-46,792,8
2,44,783,32
2,137,771,64
2,226,757,64
2,308,753,72
2,389,758,79
2,464,765,64
2,529,779,72
2,590,794,64
2,653,815,72
2,707,850,56
2,749,894,64
2,789,942,64
2,820,995,48
2,851,1051,48
2,870,1099,16
2,871,1143,-32
2,865,1187,-8
2,841,1222,16
2,817,1255,16
2,802,1292,8
2,801,1346,8
2,788,1389,8
2,755,1431,16
2,719,1460,8
2,681,1486,-8
2,655,1502,-8
2,627,1525,-32
2,598,1535,-39
2,573,1541,-48
2,527,1537,-88
2,483,1517,-88
2,429,1488,-72
2,372,1453,-56
2,332,1403,-72
2,281,1364,-39
2,219,1328,-24
2,149,1297,-16
2,86,1267,-16
2,44,1225,-8
2,-13,1187,-8
2,-89,1150,8
2,-142,1119,8
2,-201,1087,24
2,-281,1063,24
2,-357,1033,56
2,-452,1004,64
2,-551,979,72
2,-644,961,79
2,-713,969,79
2,-778,1007,104
2,-843,1035,56
2,-925,1045,48
2,-1010,1028,39
2,-1092,1001,48
2,-1171,985,24
2,-1229,969,39
2,-1292,953,16
2,-1331,946,8
2,-1341,958,24
2,-1357,962,32
2,-1370,963,56
2,-1391,956,8
2,-1434,947,24
2,-1472,956,-8
2,-1501,962,-16
2,-1528,956,-39
2,-1561,924,-88
2,-1581,901,-64
2,-1574,888,-88
2,-1560,884,-56
2,-1540,872,-72
2,-1516,849,-72
2,-1491,823,-72
2,-1439,776,-88
2,-1378,752,-96
2,-1308,742,-79
2,-1234,735,-72
2,-1149,734,-72
2,-1069,729,-72
2,-985,720,-48
2,-901,716,-39
2,-817,714,-32
2,-731,716,-32
2,-644,726,-24
2,-551,740,-24
2,-454,753,-32
2,-358,752,-39
2,-264,744,-24
2,-170,728,-8
2,-93,713,-16
2,-9,691,8
2,74,663,24
2,137,639,24
2,193,615,16
2,267,591,32
2,349,567,48
2,425,544,39
2,476,511,39
2,544,481,39
2,614,459,56
2,680,435,56
2,745,414,56
2,798,397,32
2,1162,677,32
2,1160,692,16
2,1150,732,32
2,1151,771,24
2,1142,812,16
2,1128,858,24
2,1108,907,24
2,1058,1003,24
2,1003,1077,24
2,964,1148,16
2,928,1203,8
2,895,1253,-8
2,852,1308,-32
2,796,1359,-39
2,736,1398,-56
2,676,1421,-56
2,611,1432,-56
2,554,1437,-56
2,508,1431,-56
2,470,1413,-56
2,453,1382,-48
2,421,1351,-48
2,378,1323,-56
2,310,1296,-48
2,231,1270,-48
2,148,1244,-48
2,91,1210,-56
2,46,1168,-48
2,7,1123,-39
2,-49,1084,-8
2,-124,1050,8
2,-198,1015,32
2,-279,984,56
2,-361,954,79
2,-457,926,72
2,-556,908,64
2,-663,893,64
2,-753,884,64
2,-816,887,64
2,-879,884,72
2,-959,872,56
2,-1031,883,56
2,-1110,887,48
2,-1176,876,48
2,-1228,871,56
2,-1279,857,56
2,-1333,839,72
2,-1391,839,48
2,-1447,838,16
2,-1491,853,16
2,-1519,889,32
2,-1540,935,-16
2,-1557,978,-8
2,-1570,1014,-16
2,-1577,1024,-32
2,-1576,1021,-48
2,-1573,1014,-56
2,-1569,1013,-56
2,-1564,1014,-56
2,-1559,1012,-88
2,-1550,1005,-96
2,-1537,997,-79
2,-1523,989,-72
2,-1507,981,-56
2,-1488,972,-56
2,-1429,957,-72
2,-1366,943,-56
2,-1243,918,-56
2,-1132,900,-48
2,-1025,889,-64
2,-937,878,-64
2,-838,856,-79
2,-738,832,-64
2,-635,814,-48
2,-524,798,-24
2,-434,774,-39
2,-327,754,16
2,-216,739,32
2,-123,721,24
2,-25,710,48
2,67,700,32
2,163,694,48
2,248,684,56
2,332,680,56
2,416,680,56
2,493,672,79
2,567,672,64
2,634,682,48
2,689,696,48
2,721,726,32
2,750,766,48
2,790,793,56
2,831,819,39
2,865,839,32
2,901,856,32
2,931,877,39
2,962,895,48
2,981,925,48
2,988,963,24
2,994,1016,24
2,996,1065,0
2,981,1099,-8
2,957,1120,0
2,932,1140,0
2,905,1163,0
2,877,1197,-16
2,842,1234,-16
2,807,1270,-24
2,767,1294,-24
2,726,1310,-16
2,683,1321,-8
2,623,1339,-48
2,551,1357,-56
2,480,1367,-64
2,414,1366,-72
2,350,1354,-79
2,282,1327,-72
2,210,1290,-48
2,140,1253,-39
2,73,1219,-24
2,13,1187,-8
2,-44,1156,8
2,-84,1118,0
2,-121,1081,-8
2,-155,1047,-8
2,-202,1020,16
2,-261,996,39
2,-321,976,48
2,-360,967,-8
2,-383,965,-8
2,-373,972,-48
2,-368,974,-16
2,-365,973,-16
2,-361,972,-16
2,-354,972,-16
2,-343,968,-8
2,-329,966,-8
2,-314,965,16
2,-296,967,24
2,-276,971,39
2,-254,976,48
2,-186,987,39
2,-119,995,32
2,-53,1000,32
2,66,1004,39
2,179,1000,39
2,303,1003,32
2,416,1013,32
2,522,1016,32
2,637,1036,24
2,728,1046,32
2,795,1040,24
2,844,1029,8
2,881,1011,8
2,911,995,0
2,939,982,-8
2,955,972,-24
2,959,967,-32
2,957,963,-39
2,952,963,-48
2,950,964,-48
2,946,966,-32
2,937,966,-48
2,929,968,-32
2,917,969,-24
2,900,970,-16
2,881,968,-24
2,833,968,-48
2,786,967,-48
2,736,966,-16
2,683,963,-16
2,627,962,8
2,530,961,0
2,438,967,48
2,355,982,32
2,281,999,16
2,227,1028,48
2,190,1067,56
2,166,1108,56
2,158,1148,64
2,158,1194,56
2,167,1242,48
2,176,1292,48
2,203,1324,48
2,241,1351,48
2,278,1390,64
2,337,1433,56
2,383,1469,39
2,421,1491,16
2,454,1504,8
2,472,1506,16
2,495,1507,8
2,525,1499,-8
2,563,1491,-16
2,618,1481,-24
2,663,1468,-16
2,714,1457,-24
2,755,1431,-16
2,792,1400,-16
2,825,1367,-8
2,858,1334,-8
2,878,1304,0
2,898,1278,-24
2,924,1248,-39
2,947,1208,-56
2,957,1165,-64
2,963,1119,-32
2,961,1088,-24
2,959,1050,-64
2,951,999,-64
2,939,949,-79
2,916,918,-64
2,882,888,-64
2,842,854,-56
2,798,812,-72
2,756,781,-32
2,707,763,-16
2,651,760,8
2,596,754,-8
2,534,761,8
2,469,779,8
2,404,794,8
2,320,825,8
2,244,840,0
2,188,848,8
2,139,846,16
2,89,842,16
2,30,844,8
2,-22,850,32
2,-62,862,48
2,-97,876,32
2,-151,886,0
2,-213,889,-8
2,-250,900,8
2,-282,907,-24
2,-309,907,-32
2,-317,907,0
2,-317,904,-24
2,-307,909,8
2,-301,909,-8
2,-293,909,-8
2,-281,911,16
2,-267,911,8
2,-249,913,24
2,-229,915,32
2,-206,918,39
2,-139,925,56
2,-75,932,56
2,-13,939,64
2,50,945,48
2,173,956,32
2,280,973,32
2,374,991,24
2,457,1011,8
2,523,1026,8
2,578,1031,8
2,631,1026,16
2,673,1023,24
2,704,1021,32
2,722,1023,32
2,743,1026,32
2,771,1030,48
2,827,1034,8
2,883,1050,0
2,925,1061,-8
2,958,1061,-8
2,967,1045,0
2,956,1032,16
2,944,1025,8
2,939,1019,-8
2,927,1007,-24
2,925,1012,-32
2,926,1015,-39
2,923,1018,-56
2,918,1021,-56
2,909,1024,-48
2,893,1026,-32
2,877,1025,-48
2,829,1022,-32
2,779,1021,-39
2,721,1021,-16
2,613,1022,-16
2,520,1022,-24
2,418,1032,-16
2,321,1033,-24
2,231,1028,-24
2,149,1020,8
2,73,986,16
2,-22,953,48
2,-116,944,56
2,-216,936,79
2,-330,933,72
2,-427,931,64
2,-512,935,56
2,-593,942,64
2,-690,938,56
2,-765,927,72
2,-854,911,56
2,-936,891,56
2,-1027,863,56
2,-1111,853,48
2,-1184,834,48
2,-1235,836,64
2,-1281,844,64
2,-1335,843,32
2,-1373,859,24
2,-1398,887,24
2,-1419,925,8
2,-1447,942,-24
2,-1458,975,24
2,-1468,984,-56
2,-1467,985,-48
2,-1461,981,-39
2,-1449,979,-56
2,-1444,975,-64
2,-1437,968,-79
2,-1427,962,-88
2,-1412,960,-88
2,-1396,957,-64
2,-1344,941,-88
2,-1299,912,-56
2,-1251,889,-24
2,-1195,878,-32
2,-1079,865,-32
2,-967,878,-8
2,-863,893,-16
2,-767,899,-16
2,-658,920,-16
2,-557,931,-16
2,-458,941,-16
2,-363,945,0
2,-257,954,24
2,-159,960,16
2,-59,959,48
2,41,961,56
2,142,968,79
2,241,982,64
2,332,997,56
2,429,1022,64
2,525,1040,72
2,606,1060,64
2,674,1079,72
2,739,1088,72
2,778,1094,64
2,824,1111,56
2,877,1140,56
2,931,1163,39
2,978,1189,32
2,1013,1215,24
2,1045,1239,8
2,1086,1254,0
2,1109,1263,-8
2,1130,1265,-24
2,1139,1261,-39
2,1146,1259,-64
2,1143,1255,-48
2,1138,1239,-72
2,1137,1232,-32
2,1134,1222,-39
2,1131,1189,-48
2,1130,1157,-8
2,1127,1128,8
2,1125,1102,-8
2,1126,1079,-16
2,1131,1048,-39
2,1131,1015,-39
2,1129,991,-32
2,1125,973,-24
2,1118,950,-64
2,1098,926,-32
2,1069,908,-24
2,1043,890,-48
2,1013,884,-16
2,980,874,-39
2,912,862,-39
2,837,858,-39
2,753,859,-39
2,662,868,-24
2,571,874,-16
2,484,875,-8
2,396,883,0
2,308,881,24
2,224,885,32
2,141,892,32
2,52,898,32
2,-46,906,39
2,-142,910,39
2,-241,914,32
2,-338,913,39
2,-425,902,56
2,-513,894,56
2,-591,881,56
2,-662,868,64
2,-736,863,64
2,-811,847,72
2,-882,847,72
2,-957,866,64
2,-1029,887,48
2,-1106,887,39
2,-1168,903,39
2,-1214,922,24
2,-1250,930,24
2,-1283,926,24
2,-1324,898,8
2,-1372,863,8
2,-1401,819,16
2,-1428,796,32
2,-1469,774,-8
2,-1492,764,-8
2,-1513,741,-32
2,-1522,737,-32
2,-1524,736,-39
2,-1515,746,-56
2,-1511,748,-56
2,-1503,751,-56
2,-1494,754,-56
2,-1482,758,-56
2,-1469,759,-72
2,-1454,759,-79
2,-1437,759,-96
2,-1419,755,-72
2,-1360,743,-64
2,-1298,737,-64
2,-1234,737,-32
2,-1102,746,-24
2,-980,757,-16
2,-865,782,0
2,-754,814,-8
2,-647,850,0
2,-535,888,-8
2,-416,915,-8
2,-305,926,-8
2,-201,930,8
2,-108,921,16
2,-20,906,39
2,66,909,39
2,159,914,72
2,243,925,64
2,319,936,64
2,390,944,64
2,456,956,64
2,516,982,64
2,569,1015,64
2,611,1053,64
2,643,1095,64
2,681,1131,72
2,723,1170,48
2,753,1215,16
2,775,1259,16
2,782,1299,0
2,775,1323,0
2,764,1355,-16
2,745,1379,-8
2,737,1414,-8
2,712,1440,-16
2,680,1443,-8
2,631,1459,-16
2,586,1475,-8
2,536,1492,-24
2,475,1510,-39
2,433,1514,-24
2,404,1507,-39
2,377,1494,-56
2,334,1482,-79
2,280,1476,-96
2,230,1450,-79
2,198,1398,-72
2,176,1337,-79
2,147,1278,-56
2,96,1228,-16
2,27,1191,-8
2,-69,1161,-8
2,-170,1132,-8
2,-262,1103,8
2,-360,1081,8
2,-431,1055,24
2,-482,1018,32
2,-540,980,32
2,-604,951,48
2,-667,933,56
2,-719,931,64
2,-786,919,88
2,-857,910,88
2,-913,903,72
2,-984,889,64
2,-1051,868,39
2,-1122,854,48
2,-1195,834,48
2,-1264,813,48
2,-1326,817,39
2,-1363,848,32
2,-1407,870,24
2,-1447,873,24
2,-1506,876,32
2,-1562,871,24
2,-1601,879,24
2,-1629,894,24
2,-1641,933,0
2,-1658,962,-8
2,-1676,972,-24
2,-1683,985,-24
2,-1680,981,-64
2,-1671,973,-64
2,-1666,969,-64
2,-1659,965,-64
2,-1650,959,-56
2,-1636,954,-64
2,-1622,948,-79
2,-1605,944,-79
2,-1584,942,-96
2,-1526,935,-79
2,-1467,918,-88
2,-1406,898,-64
2,-1287,864,-64
2,-1174,842,-32
2,-1063,833,-8
2,-957,841,-8
2,-859,844,-32
2,-761,861,-8
2,-676,863,-8
2,-581,868,-16
2,-478,878,-24
2,-378,876,-16
2,-283,878,0
2,-183,878,16
2,-83,881,32
2,16,882,56
2,121,890,72
2,225,903,72
2,310,914,56
2,386,925,56
2,469,942,56
2,549,956,48
2,618,968,39
2,681,979,39
2,734,994,32
2,788,1007,32
2,833,1005,16
2,883,1003,24
2,928,999,32
2,975,1000,32
2,1014,997,16
2,1045,996,16
2,1061,990,8
2,1074,982,0
2,1081,975,-8
2,1091,965,-16
2,1102,950,-32
2,1117,925,-32
2,1159,869,-24
2,1181,826,-16
2,1199,786,0
2,1208,752,8
2,1213,729,24
2,1216,725,39
2,1223,715,24
2,1235,698,0
2,1249,675,-8
2,1259,643,-8
2,1262,625,-24
2,1256,612,8
2,1248,607,24
2,1238,615,32
2,1234,620,39
2,1230,629,39
2,1228,638,32
2,1225,647,24
2,1221,656,24
2,1212,669,39
2,1204,683,48
2,1181,731,64
2,1153,785,79
2,1130,845,88
2,1094,958,96
2,1074,1075,104
2,1073,1192,96
2,1067,1293,64
2,1073,1404,88
2,1072,1502,79
2,1064,1586,72
2,1056,1661,72
2,1048,1732,56
2,1054,1802,39
2,1038,1882,24
2,1018,1941,24
2,988,1997,16
2,961,2047,24
2,938,2103,16
2,922,2155,32
2,887,2214,-8
2,842,2247,16
2,810,2261,8
2,783,2283,-8
2,763,2285,-24
2,733,2287,-56
2,698,2274,-64
2,655,2262,-88
2,624,2240,-64
2,601,2211,-48
2,571,2176,-64
2,536,2141,-72
2,497,2103,-79
2,455,2063,-88
2,407,2019,-96
2,380,1975,-56
2,351,1914,-128
2,323,1838,-119
2,290,1760,-119
2,243,1675,-119
2,202,1586,-112
2,158,1500,-88
2,122,1412,-88
2,85,1333,-64
2,26,1263,-16
2,-50,1201,0
2,-131,1149,16
2,-205,1102,8
2,-274,1057,16
2,-348,1018,32
2,-414,985,39
2,-489,946,32
2,-569,908,32
2,-650,864,32
2,-709,819,24
2,-759,779,32
2,-805,755,39
2,-867,723,24
2,-943,673,8
2,-1011,635,32
2,-1039,656,24
2,-1064,668,-24
2,-1076,695,-16
2,-1079,730,-24
2,-1077,745,-39
2,-1068,753,-56
2,-1053,756,-64
2,-1033,758,-56
2,-1025,758,-56
2,-1014,758,-39
2,-976,758,-48
2,-933,763,-48
2,-884,767,-56
2,-782,775,-39
2,-682,782,-24
2,-583,790,-8
2,-485,792,0
2,-387,791,24
2,-294,792,39
2,-198,811,39
2,-107,816,24
2,-22,811,24
2,56,814,39
2,132,819,39
2,207,819,39
2,297,823,24
2,389,828,32
2,467,831,32
2,536,825,24
2,588,827,32
2,633,824,48
2,677,820,72
2,736,814,24
2,796,805,64
2,857,815,39
2,917,823,39
2,972,831,32
2,1018,837,24
2,1054,841,8
2,1073,859,24
2,1074,876,24
2,1072,886,16
2,1078,888,0
2,1082,899,-16
2,1077,915,-16
2,1065,928,-32
2,1045,947,-39
2,1020,960,-48
2,989,973,-39
2,956,978,-56
2,891,984,-39
2,828,986,-39
2,763,988,-24
2,690,1001,-24
2,619,1013,-32
2,543,1023,-32
2,464,1030,-32
2,396,1028,-39
2,333,1017,-48
2,257,1007,-32
2,179,996,-16
2,92,981,8
2,5,967,16
2,-81,951,32
2,-172,938,48
2,-263,929,64
2,-334,906,56
2,-415,897,48
2,-502,893,48
2,-591,893,39
2,-675,890,39
2,-744,889,48
2,-818,875,39
2,-890,859,48
2,-961,830,39
2,-1019,804,32
2,-1079,764,39
2,-1131,742,56
2,-1179,737,24
2,-1219,750,16
2,-1257,746,-16
2,-1282,762,0
2,-1291,787,-16
2,-1296,798,-39
2,-1292,802,-48
2,-1283,805,-64
2,-1278,803,-39
2,-1272,800,-39
2,-1264,800,-56
2,-1252,800,-72
2,-1238,803,-64
2,-1221,806,-64
2,-1168,815,-48
2,-1110,827,-32
2,-1050,841,-16
2,-930,871,-16
2,-820,897,0
2,-713,924,24
2,-608,949,16
2,-509,967,8
2,-418,983,16
2,-322,1006,16
2,-238,1019,24
2,-157,1031,32
2,-71,1039,32
2,20,1044,32
2,110,1051,32
2,197,1052,39
2,277,1056,48
2,350,1068,56
2,420,1077,64
2,483,1093,56
2,533,1116,48
2,573,1141,48
2,599,1170,56
2,624,1201,24
2,652,1231,16
2,678,1254,0
2,687,1286,24
2,681,1326,8
2,681,1347,-39
2,667,1343,-32
2,659,1333,-56
2,654,1329,-72
2,647,1323,-72
2,638,1316,-64
2,605,1294,-48
2,565,1273,-39
2,526,1252,-39
2,448,1224,-16
2,368,1196,-8
2,277,1174,-8
2,183,1150,-8
2,100,1120,0
2,31,1084,-16
2,-46,1050,0
2,-112,1003,8
2,-171,970,8
2,-239,940,16
2,-313,910,16
2,-380,890,24
2,-437,873,16
2,-489,858,8
2,-539,850,8
2,-576,847,-8
2,-605,841,-24
2,-632,820,-39
2,-645,806,-48
2,-637,802,-32
2,-621,802,-24
2,-615,803,-8
2,-605,807,16
2,-590,811,56
2,-573,818,48
2,-553,825,32
2,-493,849,39
2,-422,868,39
2,-301,915,39
2,-182,952,48
2,-68,990,72
2,19,1025,32
2,106,1068,64
2,190,1113,72
2,258,1163,48
2,314,1215,56
2,364,1262,56
2,401,1308,32
2,441,1353,32
2,490,1390,39
2,550,1409,39
2,615,1432,16
2,677,1444,24
2,731,1447,16
2,781,1449,0
2,814,1449,-8
2,860,1433,-32
2,913,1420,-48
2,951,1398,-48
2,969,1384,-32
2,978,1365,-39
2,975,1354,-32
2,969,1343,-39
2,964,1324,-64
2,961,1306,-72
2,955,1281,-64
2,935,1242,-56
2,920,1212,-72
2,883,1146,-56
2,845,1078,-56
2,798,1027,-32
2,745,992,-24
2,690,970,-24
2,635,956,-32
2,582,956,-32
2,530,946,-32
2,473,932,-39
2,420,908,-32
2,369,882,-24
2,323,864,-16