3,-55,1315,-8
3,-54,1316,-16
3,-52,1317,-24
3,-50,1316,-8
3,-48,1314,-8
3,-49,1312,-8
3,-49,1310,-56
3,-48,1308,-8
3,-45,1306,16
3,-46,1305,8
3,-46,1306,48
3,-45,1307,16
3,-45,1308,-16
3,-42,1310,-8
3,-40,1311,-8
3,-39,1312,-8
3,-38,1311,-8
3,-38,1311,-8
3,-38,1310,-16
3,-36,1308,-16
3,-34,1307,-8
3,-34,1305,24
3,-35,1302,39
3,-35,1300,-16
3,-37,1298,-16
3,-36,1297,8
3,-34,1296,24
3,-30,1298,24
3,-25,1302,16
3,-21,1305,-8
3,-21,1307,8
3,-20,1308,0
3,-19,1308,0
3,-21,1309,-8
3,-20,1309,-16
3,-19,1311,-24
3,-18,1311,-24
3,-18,1310,-16
3,-16,1308,8
3,-16,1305,-16
3,-16,1302,-39
3,-18,1299,-16
3,-20,1296,-8
3,-17,1295,16
3,-16,1294,39
3,-18,1295,16
3,-19,1296,-8
3,-20,1297,0
3,-20,1298,8
3,-20,1299,0
3,-21,1299,-8
3,-25,1298,-16
3,-29,1296,-32
3,-31,1293,-24
3,-33,1290,0
3,-35,1287,16
3,-38,1284,-8
3,-39,1282,56
3,-41,1280,0
3,-43,1278,8
3,-43,1276,32
3,-43,1276,48
3,-43,1277,16
3,-43,1278,-16
3,-44,1278,8
3,-45,1279,16
3,-45,1281,8
3,-44,1283,8
3,-44,1285,0
3,-43,1287,-8
3,-43,1289,-24
3,-43,1289,-24
3,-40,1289,8
3,-42,1289,8
3,-43,1289,-56
3,-45,1287,-16
3,-47,1285,8
3,-51,1282,24
3,-52,1282,39
3,-53,1283,39
3,-58,1285,8
3,-59,1288,-16
3,-60,1290,-8
3,-58,1292,16
3,-56,1295,8
3,-56,1298,8
3,-57,1299,-8
3,-57,1300,-16
3,-61,1299,-24
3,-64,1298,16
3,-65,1298,0
3,-65,1298,-32
3,-65,1298,0
3,-64,1299,8
3,-67,1301,24
3,-70,1304,48
3,-72,1308,48
3,-74,1313,16
3,-76,1317,8
3,-77,1321,8
3,-78,1325,8
3,-78,1328,-8
3,-79,1332,0
3,-81,1334,-16
3,-85,1336,-32
3,-86,1337,-16
3,-87,1337,32
3,-87,1338,-24
3,-90,1339,8
3,-92,1340,-8
3,-94,1341,8
3,-97,1343,24
3,-98,1344,-16
3,-98,1345,0
3,-97,1346,0
3,-96,1347,0
3,-94,1348,8
3,-91,1349,0
3,-90,1351,8
3,-89,1353,16
3,-90,1355,-8
3,-91,1357,24
3,-97,1359,-16
3,-101,1360,-16
3,-103,1360,0
3,-104,1361,16
3,-102,1363,48
3,-100,1365,24
3,-99,1368,16
3,-98,1370,-8
3,-97,1372,8
3,-94,1375,16
3,-93,1377,8
3,-90,1380,8
3,-90,1383,-8
3,-85,1384,-8
3,-84,1385,-24
3,-84,1386,16
3,-84,1388,-39
3,-85,1390,-16
3,-84,1390,-8
3,-84,1390,8
3,-84,1391,39
3,-88,1393,24
3,-97,1395,8
3,-103,1397,-16
3,-105,1399,8
3,-110,1401,0
3,-111,1403,0
3,-115,1405,8
3,-115,1407,-8
3,-119,1408,-16
3,-123,1409,-16
3,-124,1410,0
3,-123,1411,-32
3,-122,1412,-32
3,-121,1413,8
3,-122,1415,24
3,-121,1417,48
3,-120,1421,48
3,-120,1426,24
3,-119,1430,8
3,-116,1434,8
3,-115,1438,0
3,-115,1443,0
3,-113,1447,0
3,-111,1451,-8
3,-109,1455,-8
3,-109,1458,-16
3,-108,1460,-32
3,-107,1461,-8
3,-109,1460,0
3,-109,1460,-24
3,-109,1459,-24
3,-107,1459,0
3,-106,1459,8
3,-102,1460,-8
3,-98,1461,0
3,-94,1462,-16
3,-92,1461,-24
3,-93,1456,-16
3,-94,1452,-8
3,-97,1446,-8
3,-98,1441,8
3,-99,1437,16
3,-96,1436,8
3,-92,1437,8
3,-89,1439,24
3,-88,1441,8
3,-87,1444,24
3,-87,1448,32
3,-87,1452,48
3,-88,1455,-8
3,-89,1457,-24
3,-89,1459,-8
3,-89,1461,-8
3,-90,1464,16
3,-90,1465,-16
3,-91,1467,16
3,-92,1467,8
3,-92,1466,-32
3,-92,1465,-96
3,-92,1464,-32
3,-93,1463,-32
3,-95,1462,-8
3,-95,1459,-39
3,-95,1456,-8
3,-95,1454,-16
3,-92,1452,-8
3,-87,1450,-16
3,-81,1449,-16
3,-76,1446,-24
3,-74,1441,-24
3,-74,1433,-8
3,-73,1426,24
3,-73,1419,39
3,-77,1415,16
3,-81,1411,-24
3,-81,1409,8
3,-83,1407,24
3,-85,1406,39
3,-85,1407,39
3,-86,1408,16
3,-85,1409,-16
3,-84,1411,0
3,-81,1412,0
3,-76,1413,-16
3,-72,1413,-8
3,-71,1412,0
3,-71,1411,8
3,-70,1410,-8
3,-71,1409,48
3,-71,1408,-24
3,-72,1407,8
3,-74,1407,-16
3,-75,1407,24
3,-73,1407,-16
3,-68,1406,-8
3,-64,1405,0
3,-60,1405,0
3,-59,1405,0
3,-59,1405,-8
3,-60,1404,-8
3,-60,1403,16
3,-59,1403,8
3,-58,1402,-24
3,-57,1401,-39
3,-53,1402,-16
3,-51,1402,16
3,-50,1403,8
3,-48,1405,32
3,-48,1407,-8
3,-46,1409,-32
3,-48,1411,8
3,-50,1415,0
3,-53,1417,-8
3,-53,1418,8
3,-53,1418,-24
3,-52,1417,16
3,-49,1417,8
3,-48,1417,-16
3,-48,1417,-24
3,-48,1418,16
3,-52,1419,16
3,-57,1421,24
3,-59,1424,8
3,-60,1427,0
3,-60,1430,-8
3,-56,1432,0
3,-54,1433,-8
3,-53,1435,-8
3,-56,1437,-8
3,-57,1438,-32
3,-57,1437,-16
3,-57,1436,-8
3,-56,1435,-8
3,-54,1434,24
3,-51,1433,-8
3,-51,1433,-8
3,-53,1433,8
3,-54,1433,8
3,-55,1434,24
3,-55,1436,32
3,-53,1437,8
3,-53,1439,8
3,-54,1441,-8
3,-55,1441,-16
3,-56,1441,-16
3,-58,1440,-16
3,-60,1441,-24
3,-61,1440,-8
3,-59,1440,32
3,-57,1439,16
3,-56,1440,16
3,-55,1440,-32
3,-56,1439,0
3,-58,1439,8
3,-60,1439,24
3,-61,1439,24
3,-65,1439,8
3,-72,1440,-8
3,-79,1440,8
3,-85,1440,-8
3,-86,1439,-16
3,-83,1439,-16
3,-84,1439,-16
3,-85,1440,0
3,-84,1442,16
3,-84,1442,-39
3,-83,1442,-32
3,-82,1441,8
3,-81,1440,16
3,-79,1441,39
3,-77,1442,8
3,-74,1444,-8
3,-70,1448,8
3,-67,1450,8
3,-67,1452,8
3,-64,1453,-8
3,-63,1455,-8
3,-62,1455,-16
3,-59,1457,-8
3,-54,1458,-8
3,-51,1458,16
3,-48,1459,-48
3,-47,1459,-56
3,-46,1459,-8
3,-46,1458,24
3,-46,1459,32
3,-46,1460,24
3,-45,1461,-24
3,-44,1462,8
3,-41,1464,0
3,-37,1467,0
3,-35,1469,0
3,-36,1471,-8
3,-38,1472,0
3,-40,1473,-16
3,-40,1474,8
3,-38,1475,24
3,-37,1475,-16
3,-36,1474,-48
3,-34,1474,-16
3,-29,1474,-16
3,-26,1474,32
3,-26,1476,24
3,-26,1476,-16
3,-26,1477,32
3,-28,1478,-8
3,-26,1479,8
3,-24,1479,-8
3,-22,1479,0
3,-20,1478,-24
3,-21,1476,-16
3,-22,1474,8
3,-23,1473,8
3,-23,1472,-24
3,-23,1470,-39
3,-25,1468,0
3,-28,1467,-8
3,-32,1467,24
3,-33,1467,-16
3,-33,1468,-8
3,-32,1470,72
3,-32,1472,0
3,-35,1471,0
3,-35,1470,0
3,-36,1470,-8
3,-36,1470,0
3,-36,1470,8
3,-33,1470,32
3,-34,1470,0
3,-34,1469,-8
3,-35,1468,-56
3,-35,1467,-16
3,-31,1464,8
3,-28,1463,48
3,-27,1463,0
3,-23,1464,8
3,-21,1464,-8
3,-24,1465,0
3,-25,1466,8
3,-26,1466,-8
3,-27,1467,-16
3,-31,1466,-24
3,-35,1465,-16
3,-37,1463,0
3,-36,1462,16
3,-34,1461,-24
3,-32,1460,-56
3,-31,1458,-32
3,-34,1457,0
3,-35,1456,24
3,-36,1455,24
3,-38,1454,0
3,-39,1453,-8
3,-39,1453,0
3,-39,1453,8
3,-39,1453,8
3,-40,1454,0
3,-40,1455,0
3,-38,1455,-16
3,-36,1454,-16
3,-35,1453,-8
3,-34,1452,16
3,-35,1451,-16
3,-33,1450,-39
3,-32,1449,-8
3,-31,1447,16
3,-31,1447,39
3,-32,1447,32
3,-31,1447,-8
3,-32,1447,-8
3,-33,1447,-8
3,-35,1447,8
3,-35,1446,0
3,-35,1447,0
3,-31,1446,-16
3,-30,1445,-24
3,-29,1443,-16
3,-29,1442,24
3,-29,1440,8
3,-31,1439,-8
3,-32,1437,-24
3,-35,1436,0
3,-38,1434,16
3,-40,1434,48
3,-42,1434,16
3,-46,1434,8
3,-49,1433,8
3,-49,1433,8
3,-51,1433,8
3,-57,1433,-8
3,-61,1433,-8
3,-62,1432,-16
3,-62,1430,-16
3,-61,1429,16
3,-61,1428,48
3,-64,1426,16
3,-69,1426,16
3,-71,1426,-8
3,-70,1426,24
3,-69,1427,16
3,-67,1427,8
3,-65,1427,-16
3,-64,1428,-8
3,-67,1427,-8
3,-70,1427,0
3,-73,1427,-16
3,-77,1426,-8
3,-77,1425,-16
3,-77,1425,8
3,-76,1423,16
3,-79,1422,8
3,-82,1421,-64
3,-83,1420,-16
3,-81,1419,8
3,-78,1419,24
3,-76,1420,16
3,-75,1420,-8
3,-74,1420,-8
3,-76,1419,-16
3,-76,1418,8
3,-75,1417,0
3,-71,1415,-8
3,-68,1414,-8
3,-65,1413,-32
3,-64,1412,-16
3,-62,1412,32
3,-60,1411,8
3,-58,1411,8
3,-56,1410,-32
3,-57,1410,8
3,-63,1411,16
3,-68,1411,0
3,-69,1411,8
3,-69,1412,-8
3,-68,1413,8
3,-66,1414,-8
3,-61,1414,0
3,-56,1415,0
3,-53,1416,0
3,-45,1416,-8
3,-39,1416,0
3,-36,1416,-16
3,-36,1415,-8
3,-35,1414,16
3,-36,1414,8
3,-36,1414,-32
3,-39,1415,16
3,-41,1415,16
3,-48,1415,0
3,-56,1415,0
3,-60,1416,8
3,-60,1417,8
3,-59,1418,-8
3,-58,1418,16
3,-56,1419,8
3,-54,1420,0
3,-56,1420,0
3,-59,1421,-8
3,-59,1422,0
3,-59,1424,0
3,-57,1424,24
3,-56,1425,8
3,-54,1425,-8
3,-53,1426,-24
3,-54,1426,16
3,-53,1426,0
3,-52,1427,32
3,-53,1428,16
3,-56,1429,-8
3,-57,1429,-8
3,-55,1429,8
3,-53,1430,8
3,-52,1431,0
3,-49,1433,0
3,-49,1434,0
3,-49,1435,-8
3,-50,1436,-8
3,-51,1437,-8
3,-51,1437,-24
3,-51,1436,-16
3,-49,1435,16
3,-47,1434,8
3,-47,1434,24
3,-50,1433,-39
3,-51,1433,16
3,-54,1433,16
3,-56,1433,48
3,-56,1433,16
3,-56,1434,-8
3,-58,1434,-8
3,-62,1434,-8
3,-64,1434,0
3,-64,1434,8
3,-64,1434,0
3,-62,1433,-16
3,-62,1433,-8
3,-66,1431,0
3,-67,1430,-8
3,-70,1429,-8
3,-72,1427,-16
3,-73,1426,-24
3,-72,1425,8
3,-72,1425,8
3,-72,1424,39
3,-74,1423,48
3,-74,1422,-8
3,-76,1421,16
3,-77,1420,-16
3,-78,1421,24
3,-76,1423,-8
3,-74,1424,0
3,-73,1425,0
3,-72,1427,8
3,-70,1428,0
3,-68,1428,-16
3,-68,1427,-24
3,-68,1426,-16
3,-66,1425,8
3,-65,1423,8
3,-66,1421,-32
3,-64,1417,-24
3,-62,1415,-8
3,-61,1415,16
3,-60,1415,24
3,-58,1414,16
3,-55,1414,-16
3,-54,1414,0
3,-55,1415,8
3,-54,1416,-16
3,-52,1418,8
3,-51,1419,0
3,-51,1420,-24
3,-50,1419,-24
3,-48,1418,8
3,-50,1418,-8
3,-53,1418,8
3,-54,1417,-24
3,-53,1416,8
3,-52,1415,32
3,-51,1413,-8
3,-54,1412,16
3,-56,1411,-8
3,-58,1412,-8
3,-58,1412,8
3,-62,1412,0
3,-63,1413,8
3,-61,1414,-8
3,-62,1415,-24
3,-62,1415,-16
3,-64,1414,-24
3,-63,1410,-16
3,-60,1406,16
3,-60,1403,-16
3,-62,1402,-39
3,-64,1402,0
3,-64,1401,-8
3,-64,1402,39
3,-67,1405,8
3,-68,1407,-32
3,-69,1409,16
3,-70,1410,16
3,-70,1410,32
3,-70,1412,8
3,-68,1414,-8
3,-65,1415,-16
3,-65,1416,8
3,-64,1419,8
3,-63,1422,39
3,-62,1424,0
3,-60,1426,-39
3,-59,1427,-24
3,-57,1427,0
3,-56,1428,32
3,-55,1428,-16
3,-53,1430,-8
3,-50,1429,-48
3,-47,1429,-16
3,-44,1430,-8
3,-42,1432,24
3,-40,1433,8
3,-39,1433,16
3,-40,1431,-39
3,-45,1430,-24
3,-47,1427,0
3,-46,1426,24
3,-47,1423,-16
3,-46,1419,-56
3,-42,1415,-24
3,-38,1411,-8
3,-34,1406,16
3,-31,1401,-16
3,-30,1395,-39
3,-27,1388,-24
3,-25,1381,8
3,-23,1375,39
3,-20,1369,8
3,-17,1363,-24
3,-13,1357,-39
3,-11,1352,0
3,-11,1347,24
3,-11,1344,48
3,-9,1340,8
3,-9,1336,-24
3,-8,1332,0
3,-8,1328,16
3,-10,1326,48
3,-8,1325,32
3,-8,1323,-16
3,-8,1322,-16
3,-7,1320,16
3,-6,1320,39
3,-6,1321,48
3,-6,1322,8
3,-7,1324,-8
3,-6,1327,8
3,-6,1329,32
3,-4,1331,32
3,-3,1334,16
3,-2,1337,0
3,-4,1340,8
3,-4,1343,0
3,-4,1346,0
3,-4,1349,0
3,-4,1351,-8
3,-4,1354,0
3,-3,1357,0
3,-2,1359,-8
3,-2,1361,-8
3,-4,1362,-16
3,-5,1362,-16
3,-3,1363,8
3,-3,1364,24
3,-5,1365,-8
3,-8,1367,-32
3,-7,1368,0
3,-5,1371,8
3,-1,1374,24
3,-1,1377,8
3,-2,1380,0
3,-4,1384,8
3,-7,1387,-8
3,-12,1390,0
3,-17,1392,-8
3,-19,1393,-8
3,-21,1394,0
3,-20,1398,0
3,-23,1402,-8
3,-21,1405,-8
3,-22,1406,8
3,-20,1407,0
3,-18,1407,16
3,-20,1408,8
3,-26,1409,0
3,-30,1409,-16
3,-34,1409,8
3,-37,1410,0
3,-39,1411,8
3,-41,1412,0
3,-42,1413,-8
3,-45,1414,0
3,-49,1414,-8
3,-49,1412,-32
3,-51,1411,-24
3,-52,1410,-8
3,-52,1409,16
3,-55,1409,-8
3,-56,1408,-56
3,-58,1407,-16
3,-59,1405,8
3,-59,1405,39
3,-61,1405,16
3,-62,1405,-16
3,-64,1404,8
3,-65,1403,0
3,-66,1403,8
3,-63,1403,8
3,-55,1403,-8
3,-51,1403,0
3,-46,1402,-16
3,-45,1401,-16
3,-44,1401,0
3,-41,1402,8
3,-39,1402,-8
3,-39,1402,-39
3,-40,1402,0
3,-38,1403,32
3,-38,1404,48
3,-38,1405,16
3,-41,1407,16
3,-42,1410,8
3,-46,1411,-8
3,-47,1413,0
3,-47,1414,-8
3,-46,1414,-8
3,-48,1414,-24
3,-47,1415,-24
3,-45,1415,-32
3,-44,1413,-24
3,-44,1411,8
3,-48,1411,24
3,-50,1410,-8
3,-47,1409,-32
3,-48,1408,-8
3,-52,1408,16
3,-56,1408,24
3,-55,1409,0
3,-53,1410,-8
3,-50,1411,0
3,-49,1412,8
3,-46,1413,8
3,-46,1415,8
3,-50,1416,-8
3,-51,1415,-16
3,-51,1414,-24
3,-53,1413,-8
3,-53,1413,8
3,-53,1413,16
3,-54,1413,24
3,-53,1413,-32
3,-54,1412,0
3,-54,1411,24
3,-53,1412,32
3,-53,1413,16
3,-52,1414,0
3,-49,1416,8
3,-45,1417,-8
3,-44,1417,-8
3,-47,1418,0
3,-55,1417,-8
3,-62,1416,-16
3,-66,1415,-24
3,-66,1413,-8
3,-66,1412,16
3,-64,1411,0
3,-62,1410,-32
3,-62,1408,-39
3,-61,1409,24
3,-56,1409,8
3,-51,1410,32
3,-49,1410,16
3,-49,1411,-8
3,-54,1411,0
3,-57,1411,8
3,-59,1414,0
3,-63,1417,0
3,-64,1418,0
3,-63,1420,-8
3,-63,1421,-24
3,-60,1420,-16
3,-60,1419,-24
3,-59,1416,8
3,-59,1413,32
3,-64,1412,16
3,-66,1410,-56
3,-67,1409,0
3,-66,1409,16
3,-64,1409,39
3,-63,1411,24
3,-64,1412,16
3,-64,1412,16
3,-64,1414,0
3,-64,1415,0
3,-60,1416,0
3,-58,1418,-8
3,-56,1419,-8
3,-55,1419,-8
3,-56,1419,-16
3,-57,1418,-24
3,-57,1416,8
3,-56,1415,16
3,-57,1414,-8
3,-57,1413,-39
3,-60,1412,8
3,-66,1412,24
3,-71,1413,39
3,-76,1414,-8
3,-80,1415,8
3,-80,1417,0
3,-81,1418,0
3,-81,1420,16
3,-82,1423,0
3,-82,1425,0
3,-82,1427,-8
3,-83,1428,-24
3,-84,1428,-24
3,-84,1426,-16
3,-80,1426,8
3,-77,1425,0
3,-77,1424,-24
3,-78,1423,-24
3,-84,1422,0
3,-89,1422,16
3,-91,1422,32
3,-92,1423,8
3,-90,1423,-24
3,-90,1422,0
3,-89,1422,8
3,-92,1422,0
3,-93,1422,0
3,-92,1422,0
3,-91,1421,-16
3,-90,1421,0
3,-86,1420,-16
3,-84,1419,-16
3,-88,1417,24
3,-89,1415,24
3,-90,1414,0
3,-90,1413,-8
3,-89,1413,16
3,-89,1413,16
3,-85,1414,39
3,-84,1415,32
3,-83,1416,8
3,-83,1417,8
3,-83,1418,0
3,-80,1419,8
3,-80,1419,0
3,-79,1420,0
3,-80,1420,-8
3,-80,1420,-8
3,-80,1420,-8
3,-80,1419,-24
3,-81,1418,0
3,-82,1417,8
3,-80,1417,8
3,-80,1417,8
3,-81,1416,8
3,-79,1416,16
3,-72,1416,24
3,-68,1417,56
3,-66,1420,48
3,-66,1424,-8
3,-67,1427,8
3,-67,1430,8
3,-67,1433,16
3,-68,1436,0
3,-69,1439,-8
3,-71,1441,-16
3,-72,1442,-24
3,-75,1442,-39
3,-79,1442,-8
3,-81,1442,8
3,-82,1441,39
3,-84,1440,-104
3,-82,1440,-8
3,-84,1439,8
3,-86,1440,0
3,-87,1441,32
3,-87,1442,0
3,-87,1443,-8
3,-87,1443,8
3,-88,1445,16
3,-90,1447,16
3,-94,1447,0
3,-94,1448,0
3,-95,1449,0
3,-93,1450,0
3,-92,1450,-8
3,-93,1447,-32
3,-95,1443,8
3,-97,1439,48
3,-97,1437,-64
3,-94,1436,8
3,-89,1436,0
3,-87,1436,39
3,-85,1436,24
3,-85,1437,-8
3,-82,1437,-8
3,-83,1439,8
3,-83,1440,16
3,-82,1442,8
3,-81,1444,0
3,-81,1444,-8
3,-80,1444,-16
3,-81,1443,-24
3,-81,1439,-32
3,-79,1434,-8
3,-78,1431,0
3,-76,1428,-32
3,-76,1425,-48
3,-76,1422,-16
3,-76,1419,-8
3,-77,1417,8
3,-77,1413,-24
3,-78,1412,-24
3,-78,1409,-16
3,-76,1406,0
3,-72,1403,0
3,-72,1400,0
3,-71,1397,8
3,-70,1395,8
3,-69,1394,-8
3,-72,1391,-24
3,-73,1389,-8
3,-74,1386,24
3,-75,1384,0
3,-75,1381,-24
3,-76,1379,8
3,-80,1376,8
3,-84,1374,24
3,-86,1373,56
3,-86,1373,8
3,-87,1373,0
3,-87,1374,8
3,-86,1374,8
3,-86,1374,0
3,-88,1375,0
3,-90,1376,0
3,-89,1377,0
3,-91,1378,0
3,-95,1379,-8
3,-99,1377,-8
3,-102,1376,0
3,-102,1373,16
3,-102,1370,-24
3,-102,1366,-8
3,-102,1363,8
3,-102,1361,48
3,-102,1360,16
3,-101,1359,-16
3,-99,1358,0
3,-96,1356,8
3,-89,1355,8
3,-84,1355,16
3,-82,1355,-8
3,-80,1355,8
3,-79,1354,-8
3,-80,1352,-16
3,-83,1352,-8
3,-86,1352,16
3,-89,1352,24
3,-90,1352,-32
3,-88,1353,-16
3,-86,1354,24
3,-84,1354,8
3,-83,1354,0
3,-83,1356,16
3,-85,1358,8
3,-85,1361,8
3,-88,1365,8
3,-88,1368,8
3,-87,1371,16
3,-86,1375,8
3,-88,1378,-16
3,-94,1380,-24
3,-101,1382,-16
3,-104,1387,0
3,-103,1390,0
3,-104,1393,0
3,-103,1395,-16
3,-101,1397,8
3,-100,1399,-8
3,-101,1401,-8
3,-101,1402,0
3,-103,1403,8
3,-104,1405,0
3,-109,1407,0
3,-113,1408,0
3,-117,1408,0
3,-120,1408,-8
3,-123,1409,-16
3,-123,1410,-16
3,-124,1411,-24
3,-123,1411,-8
3,-121,1409,-8
3,-118,1407,-16
3,-116,1404,-8
3,-113,1401,8
3,-110,1400,0
3,-107,1399,-24
3,-105,1399,-39
3,-101,1398,8
3,-97,1398,8
3,-95,1398,0
3,-93,1399,-8
3,-90,1400,8
3,-89,1400,-16
3,-90,1399,-16
3,-88,1399,0
3,-85,1399,-8
3,-84,1399,-8
3,-82,1398,-16
3,-79,1396,-24
3,-78,1393,-8
3,-78,1391,16
3,-76,1389,16
3,-76,1388,64
3,-80,1387,16
3,-86,1387,8
3,-90,1388,39
3,-94,1388,-8
3,-95,1388,0
3,-95,1388,0
3,-99,1390,8
3,-102,1391,8
3,-100,1392,-16
3,-100,1393,-8
3,-95,1392,-8
3,-93,1392,-16
3,-92,1390,-24
3,-93,1389,-32
3,-95,1387,16
3,-99,1387,32
3,-103,1387,-16
3,-104,1386,-24
3,-104,1384,-8
3,-106,1383,16
3,-106,1383,0
3,-110,1383,39
3,-112,1384,16
3,-112,1385,0
3,-114,1387,8
3,-113,1388,8
3,-112,1390,8
3,-112,1392,8
3,-113,1394,-8
3,-115,1395,-16
3,-119,1396,-16
3,-121,1397,-16
3,-122,1397,-32
3,-121,1396,-24
3,-119,1396,16
3,-116,1396,16
3,-114,1396,8
3,-112,1396,-64
3,-112,1396,0
3,-111,1395,24
3,-110,1395,39
3,-111,1396,8
3,-110,1396,-16
3,-110,1397,-8
3,-110,1397,-8
3,-109,1396,-16
3,-109,1396,-8
3,-108,1394,-16
3,-108,1392,-16
3,-108,1389,-24
3,-107,1388,16
3,-103,1386,16
3,-102,1384,32
3,-100,1383,39
3,-100,1382,-16
3,-103,1382,16
3,-106,1382,24
3,-109,1382,-8
3,-113,1381,0
3,-117,1381,0
3,-119,1381,-8
3,-121,1381,0
3,-123,1384,-16
3,-127,1386,0
3,-130,1387,0
3,-133,1386,-8
3,-138,1385,0
3,-142,1384,-16
3,-145,1383,-16
3,-144,1381,-16
3,-144,1377,0
3,-146,1373,16
3,-146,1373,-16
3,-146,1375,-32
3,-148,1376,8
3,-149,1378,16
3,-152,1377,0
3,-153,1377,8
3,-152,1377,-8
3,-154,1377,16
3,-154,1378,8
3,-151,1379,8
3,-151,1379,0
3,-150,1379,-8
3,-145,1380,-8
3,-139,1381,-24
3,-135,1382,-8
3,-134,1382,16
3,-134,1381,16
3,-133,1380,8
3,-134,1378,-16
3,-134,1376,0
3,-133,1375,32
3,-136,1372,-16
3,-137,1369,0
3,-138,1367,8
3,-139,1365,0
3,-139,1364,8
3,-137,1362,0
3,-136,1361,8
3,-136,1361,-8
3,-135,1361,-8
3,-130,1360,-24
3,-124,1357,-16
3,-118,1354,16
3,-116,1349,16
3,-115,1346,-32
3,-115,1342,-32
3,-115,1340,8
3,-115,1337,32
3,-114,1337,32
3,-110,1336,0
3,-108,1336,-24
3,-106,1336,-8
3,-105,1336,8
3,-104,1335,0
3,-101,1334,8
3,-102,1334,-8
3,-104,1333,-16
3,-105,1331,-16
3,-105,1330,16
3,-102,1329,16
3,-99,1327,0
3,-100,1327,-48
3,-99,1326,-16
3,-96,1326,8
3,-92,1326,16
3,-92,1327,24
3,-93,1328,-16
3,-95,1328,-16
3,-98,1329,-8
3,-101,1330,8
3,-104,1331,0
3,-111,1331,-8
3,-114,1331,-24
3,-114,1328,-16
3,-112,1326,16
3,-111,1323,16
3,-108,1320,-8
3,-106,1318,-56
3,-106,1316,0
3,-105,1314,16
3,-105,1313,16
3,-105,1313,16
3,-107,1313,8
3,-110,1313,-8
3,-112,1314,0
3,-110,1315,8
3,-108,1316,0
3,-105,1316,-8
3,-103,1315,0
3,-105,1313,-8
3,-106,1312,0
3,-107,1311,-32
3,-107,1310,-24
3,-105,1311,8
3,-105,1312,8
3,-103,1312,39
3,-102,1312,-16
3,-106,1313,0
3,-109,1312,0
3,-113,1311,-8
3,-117,1310,-8
3,-123,1307,-16
3,-132,1303,-24
3,-138,1300,-8
3,-138,1299,8
3,-136,1300,16
3,-137,1301,48
3,-138,1302,-16
3,-138,1303,8
3,-140,1304,24
3,-142,1306,39
3,-143,1310,48
3,-146,1315,8
3,-149,1319,-8
3,-153,1323,0
3,-154,1327,8
3,-157,1330,-8
3,-160,1332,-8
3,-160,1333,-24
3,-160,1334,-24
3,-160,1335,-16
3,-160,1335,16
3,-159,1336,-8
3,-159,1337,-32
3,-158,1336,-48
3,-158,1334,-8
3,-158,1333,8
3,-158,1333,48
3,-160,1334,-8
3,-159,1335,-8
3,-160,1335,-16
3,-160,1336,-16
3,-161,1336,0
3,-163,1336,0
3,-164,1334,-8
3,-164,1332,-8
3,-164,1330,-24
3,-163,1328,8
3,-162,1326,0
3,-161,1324,-16
3,-160,1322,-48
3,-159,1319,-8
3,-160,1316,8
3,-160,1314,39
3,-161,1314,56
3,-160,1314,8
3,-159,1314,8
3,-157,1315,8
3,-155,1315,16
3,-154,1315,8
3,-154,1315,0
3,-154,1316,-8
3,-154,1316,-16
3,-153,1315,-16
3,-151,1315,16
3,-152,1313,16
3,-149,1312,0
3,-150,1311,24
3,-151,1310,8
3,-152,1310,0
3,-153,1312,39
3,-156,1313,32
3,-159,1315,0
3,-161,1316,8
3,-162,1317,0
3,-164,1320,16
3,-166,1322,8
3,-165,1325,0
3,-164,1326,-8
3,-165,1328,-8
3,-166,1329,-8
3,-167,1329,-8
3,-170,1329,16
3,-173,1331,16
3,-173,1333,24
3,-172,1334,24
3,-171,1336,-8
3,-171,1338,8
3,-173,1340,48
3,-176,1343,39
3,-179,1345,8
3,-183,1348,24
3,-187,1351,16
3,-187,1355,8
3,-188,1358,-8
3,-189,1361,-8
3,-192,1364,-24
3,-194,1367,-24
3,-195,1369,-24
3,-197,1369,-39
3,-201,1368,-16
3,-204,1366,0
3,-203,1365,-24
3,-204,1364,24
3,-205,1361,-24
3,-205,1358,-32
3,-205,1355,8
3,-204,1351,-24
3,-204,1346,-8
3,-205,1341,-32
3,-204,1337,-8
3,-202,1334,0
3,-201,1331,0
3,-199,1327,-8
3,-196,1323,-16
3,-195,1318,-8
3,-195,1312,-32
3,-193,1306,-16
3,-191,1301,8
3,-189,1295,16
3,-188,1289,0
3,-188,1285,0
3,-188,1281,-16
3,-189,1277,8
3,-190,1276,48
3,-190,1276,39
3,-189,1276,0
3,-187,1274,8
3,-189,1272,16
3,-192,1269,0
3,-193,1268,8
3,-192,1268,0
3,-192,1266,0
3,-190,1265,-8
3,-186,1263,-24
3,-185,1260,-24
3,-181,1258,8
3,-178,1255,16
3,-175,1251,32
3,-174,1248,-32
3,-173,1244,-8
3,-171,1243,8
3,-169,1242,39
3,-166,1243,56
3,-164,1243,8
3,-163,1243,0
3,-162,1243,-8
3,-163,1243,0
3,-161,1245,8
3,-160,1245,0
3,-159,1246,-8
3,-158,1245,-8
3,-154,1244,-16
3,-149,1242,-24
3,-147,1240,-8
3,-144,1237,16
3,-141,1234,-16
3,-141,1232,64
3,-141,1230,-16
3,-143,1230,16
3,-148,1230,39
3,-151,1231,32
3,-154,1231,8
3,-154,1233,-16
3,-153,1234,0
3,-149,1236,8
3,-147,1239,0
3,-145,1240,-8
3,-146,1240,-16
3,-146,1240,-32
3,-148,1238,-32
3,-147,1235,16
3,-145,1235,24
3,-144,1235,-8
3,-145,1235,-56
3,-146,1234,0
3,-147,1235,16
3,-153,1235,-8
3,-156,1237,32
3,-157,1238,24
3,-158,1240,0
3,-160,1239,8
3,-163,1239,-8
3,-165,1238,-8
3,-166,1239,0
3,-166,1239,-8
3,-168,1238,-24
3,-168,1233,-48
3,-167,1230,-16
3,-170,1225,16
3,-171,1220,48
3,-172,1219,-16
3,-173,1219,48
3,-174,1219,8
3,-175,1220,8
3,-173,1223,48
3,-174,1226,24
3,-175,1228,0
3,-177,1230,-8
3,-179,1233,8
3,-182,1235,8
3,-185,1236,8
3,-189,1237,0
3,-191,1239,0
3,-191,1239,-32
3,-192,1237,-32
3,-192,1233,-16
3,-191,1231,8
3,-189,1229,39
3,-188,1228,48
3,-186,1229,48
3,-186,1228,-8
3,-190,1226,-8
3,-197,1223,8
3,-201,1220,-16
3,-205,1216,-16
3,-206,1213,-16
3,-209,1209,-16
3,-211,1205,0
3,-212,1201,-8
3,-213,1198,-16
3,-210,1195,-24
3,-201,1192,-16
3,-191,1188,8
3,-184,1186,16
3,-177,1184,24
3,-173,1182,-24
3,-167,1182,-8
3,-164,1179,8
3,-161,1176,8
3,-156,1173,0
3,-149,1169,-16
3,-143,1165,-24
3,-136,1160,-8
3,-130,1156,8
3,-122,1154,-8
3,-113,1153,-8
3,-101,1153,-16
3,-90,1153,-8
3,-81,1150,-8
3,-72,1146,-8
3,-64,1141,-8
3,-54,1138,-16
3,-46,1134,8
3,-38,1130,0
3,-32,1127,0
3,-28,1125,24
3,-25,1123,16
3,-21,1124,16
3,-20,1126,56
3,-18,1128,8
3,-18,1131,8
3,-18,1133,0
3,-17,1136,8
3,-15,1139,8
3,-12,1143,8
3,-11,1146,8
3,-10,1149,8
3,-11,1152,8
3,-10,1155,0
3,-11,1159,0
3,-8,1164,-8
3,-2,1168,-8
3,0,1171,-8
3,-1,1173,-8
3,-5,1175,-16
3,-9,1175,-24
3,-12,1174,-24
3,-16,1171,0
3,-17,1169,16
3,-17,1167,-16
3,-18,1167,-16
3,-19,1167,0
3,-18,1169,24
3,-18,1171,48
3,-19,1173,8
3,-20,1176,-16
3,-20,1178,-8
3,-19,1180,8
3,-17,1182,8
3,-16,1184,0
3,-14,1186,8
3,-10,1189,0
3,-7,1190,-16
3,-3,1191,-24
3,-2,1191,-24
3,0,1191,-16
3,-2,1188,-16
3,-3,1186,16
3,-2,1185,-24
3,-4,1185,24
3,-5,1186,0
3,-7,1188,24
3,-8,1191,56
3,-11,1195,16
3,-18,1198,24
3,-28,1202,16
3,-35,1205,16
3,-41,1209,16
3,-44,1213,8
3,-44,1218,0
3,-47,1222,-8
3,-50,1226,0
3,-54,1231,-8
3,-56,1234,-16
3,-57,1234,-8
3,-55,1234,-8
3,-52,1234,0
3,-52,1233,16
3,-51,1231,-16
3,-49,1229,-39
3,-48,1226,8
3,-47,1225,32
3,-46,1226,39
3,-46,1229,24
3,-47,1233,8
3,-50,1234,16
3,-52,1231,0
3,-53,1229,0
3,-50,1230,8
3,-48,1232,0
3,-47,1234,-8
3,-48,1236,-16
3,-49,1236,-24
3,-49,1236,-24
3,-49,1237,8
3,-48,1239,-8
3,-47,1240,-24
3,-47,1240,0
3,-47,1241,16
3,-48,1243,39
3,-49,1244,24
3,-49,1247,24
3,-49,1249,16
3,-47,1253,16
3,-49,1257,16
3,-48,1261,24
3,-44,1266,8
3,-44,1270,0
3,-49,1274,-8
3,-53,1277,-16
3,-55,1277,-32
3,-58,1275,-39
3,-61,1273,-24
3,-61,1271,16
3,-61,1271,8
3,-60,1272,-16
3,-60,1273,-24
3,-64,1276,16
3,-65,1279,32
3,-65,1282,48
3,-63,1285,32
3,-62,1288,8
3,-60,1290,8
3,-53,1289,8
3,-44,1287,16
3,-36,1285,8
3,-33,1287,0
3,-33,1289,-16
3,-36,1291,-8
3,-37,1294,-8
3,-39,1298,-16
3,-39,1301,-16
3,-41,1303,8
3,-39,1307,24
3,-38,1311,-8
3,-39,1314,-16
3,-40,1314,32
3,-40,1315,8
3,-39,1317,32
3,-39,1321,39
3,-40,1325,0
3,-41,1328,0
3,-43,1331,16
3,-46,1335,8
3,-51,1339,8
3,-56,1345,0
3,-57,1350,-16
3,-60,1355,-16
3,-62,1358,-16
3,-64,1360,-32
3,-66,1360,-39
3,-67,1361,-8
3,-72,1358,8
3,-75,1356,-16
3,-76,1355,-39
3,-78,1354,-32
3,-79,1354,0
3,-81,1354,24
3,-79,1355,8
3,-79,1357,0
3,-82,1356,16
3,-84,1356,-8
3,-84,1357,8
3,-86,1357,8
3,-90,1356,-8
3,-93,1355,0
3,-97,1353,-8
3,-100,1352,-8
3,-102,1351,-24
3,-102,1349,-16
3,-102,1347,-16
3,-101,1345,8
3,-100,1343,16
3,-99,1341,-16
3,-99,1340,8
3,-99,1338,-16
3,-98,1336,8
3,-99,1336,24
3,-99,1336,39
3,-100,1336,8
3,-100,1336,8
3,-98,1334,-8
3,-97,1332,8
3,-97,1330,8
3,-96,1330,8
3,-93,1330,8
3,-92,1331,8
3,-93,1331,-8
3,-96,1330,-32
3,-98,1325,-32
3,-97,1322,8
3,-94,1321,0
3,-94,1322,16
3,-92,1322,0
3,-91,1323,16
3,-89,1323,39
3,-87,1325,48
3,-85,1328,0
3,-82,1330,-32
3,-79,1332,-8
3,-74,1334,24
3,-71,1336,48
3,-66,1340,56
3,-63,1344,16
3,-64,1349,-8
3,-65,1353,-64
3,-66,1356,-48
3,-62,1357,-16
3,-55,1358,-8
3,-52,1360,32
3,-49,1363,-8
3,-48,1365,-48
3,-48,1366,-32
3,-47,1367,-24
3,-44,1368,-8
3,-42,1369,-8
3,-40,1369,-24
3,-42,1370,-39
3,-42,1369,-24
3,-44,1369,-16
3,-45,1368,24
3,-48,1368,-8
3,-51,1366,-48
3,-50,1365,-16
3,-51,1363,16
3,-52,1360,-32
3,-52,1357,-16
3,-53,1355,-32
3,-52,1353,-16
3,-50,1348,16
3,-50,1344,-32
3,-48,1339,-8
3,-44,1336,-16
3,-43,1333,-32
3,-42,1330,-16
3,-43,1326,16
3,-45,1325,32
3,-48,1324,-16
3,-50,1321,-39
3,-51,1317,-16
3,-51,1314,16
3,-50,1312,16
3,-43,1308,-8
3,-38,1306,0
3,-39,1303,-24
3,-40,1300,8
3,-42,1297,32
3,-43,1296,39
3,-44,1295,-16
3,-44,1294,-48
3,-45,1290,-16
3,-45,1287,8
3,-44,1285,0
3,-40,1283,-8
3,-35,1281,-16
3,-34,1279,-48
3,-34,1276,0
3,-35,1272,24
3,-37,1271,48
3,-37,1270,0
3,-37,1267,-24
3,-37,1265,-16
3,-39,1262,16
3,-41,1261,48
3,-41,1260,8
3,-42,1259,-24
3,-44,1258,-39
3,-47,1257,-8
3,-49,1256,32
3,-52,1254,-16
3,-55,1252,16
3,-58,1250,-48
3,-60,1248,-16
3,-62,1246,16
3,-64,1244,16
3,-65,1242,-16
3,-68,1240,24
3,-71,1238,-8
3,-74,1235,24
3,-73,1233,8
3,-73,1230,-8
3,-74,1228,-32
3,-75,1225,-16
3,-76,1221,16
3,-79,1218,-32
3,-81,1214,-8
3,-84,1212,48
3,-86,1210,0
3,-87,1209,24
3,-90,1209,-8
3,-92,1209,8
3,-93,1210,-24
3,-95,1211,8
3,-95,1212,32
3,-95,1215,48
3,-94,1219,8
3,-93,1222,32
3,-91,1225,-16
3,-89,1227,16
3,-85,1230,32
3,-81,1234,16
3,-75,1237,-8
3,-70,1241,-32
3,-66,1243,0
3,-61,1242,16
3,-57,1243,16
3,-57,1245,24
3,-57,1246,-32
3,-56,1248,8
3,-56,1249,24
3,-57,1251,-16
3,-57,1254,-24
3,-58,1254,-16
3,-59,1254,8
3,-59,1255,24
3,-60,1255,0
3,-62,1255,-39
3,-64,1255,-16
3,-66,1255,-8
3,-67,1256,32
3,-69,1256,8
3,-72,1257,0
3,-75,1257,-16
3,-76,1257,16
3,-79,1258,39
3,-84,1259,8
3,-87,1261,-48
3,-90,1263,-16
3,-89,1264,-8
3,-90,1265,24
3,-92,1266,32
3,-93,1266,-48
3,-95,1266,-16
3,-95,1266,8
3,-96,1266,24
3,-96,1267,16
3,-96,1267,-48
3,-97,1267,16
3,-97,1268,8
3,-96,1267,24
3,-93,1266,0
3,-91,1267,-16
3,-89,1266,-8
3,-86,1267,24
3,-84,1269,56
3,-80,1271,-8
3,-78,1272,-48
3,-77,1273,-8
3,-76,1273,16
3,-75,1274,39
3,-75,1274,-8
3,-73,1275,-39
3,-72,1277,0
3,-70,1278,16
3,-71,1281,39
3,-69,1283,-8
3,-69,1284,-64
3,-71,1284,-16
3,-73,1283,8
3,-74,1283,32
3,-74,1283,-8
3,-75,1282,-39
3,-75,1280,-8
3,-75,1278,8
3,-75,1278,39
3,-76,1278,-8
3,-74,1277,-32
3,-73,1275,-39
3,-72,1273,0
3,-71,1272,24
3,-68,1270,16
3,-65,1267,-24
3,-64,1265,-24
3,-63,1262,-8
3,-63,1260,0
3,-62,1259,39
3,-65,1258,0
3,-67,1257,-48
3,-68,1255,-24
3,-72,1253,16
3,-73,1251,39
3,-74,1251,16
3,-75,1250,-24
3,-75,1249,-32
3,-73,1248,8
3,-72,1247,32
3,-73,1247,39
3,-71,1247,-8
3,-69,1247,-32
3,-68,1246,-8
3,-67,1245,24
3,-66,1246,39
3,-66,1246,0
3,-67,1247,-56
3,-67,1247,-16
3,-65,1246,0
3,-63,1246,39
3,-62,1246,-8
3,-61,1245,-39
3,-56,1245,-24
3,-55,1247,-16
3,-55,1246,24
3,-56,1245,-8
3,-57,1242,-32
3,-57,1238,-16
3,-56,1235,8
3,-57,1232,16
3,-57,1230,0
3,-57,1229,-24
3,-57,1227,-8
3,-56,1225,8
3,-56,1223,39
3,-57,1223,32
3,-59,1222,-24
3,-62,1220,-24
3,-63,1218,16
3,-65,1217,39
3,-68,1216,-8
3,-71,1215,24
3,-73,1214,-24
3,-75,1213,0
3,-77,1211,32
3,-78,1211,0
3,-78,1210,-32
3,-79,1209,-8
3,-80,1207,8
3,-80,1206,32
3,-81,1205,-16
3,-82,1204,-32
3,-83,1202,-39
3,-82,1199,-8
3,-82,1196,24
3,-83,1194,24
3,-81,1192,-32
3,-82,1189,0
3,-82,1185,-16
3,-84,1180,-48
3,-86,1174,-39
3,-86,1169,-16
3,-87,1164,32
3,-89,1160,8
3,-88,1155,16
3,-88,1150,-24
3,-92,1145,8
3,-94,1141,16
3,-96,1138,16
3,-95,1135,32
3,-96,1132,-16
3,-96,1129,8
3,-98,1127,-16
3,-98,1126,0
3,-96,1126,16
3,-96,1125,-24
3,-97,1124,0
3,-98,1124,-16
3,-99,1125,-8
3,-98,1128,8
3,-100,1132,16
3,-100,1134,8
3,-99,1136,-39
3,-97,1137,-16
3,-96,1137,24
3,-96,1139,48
3,-96,1141,8
3,-96,1143,-8
3,-94,1146,-16
3,-93,1149,16
3,-93,1152,48
3,-88,1156,16
3,-87,1160,-16
3,-89,1163,-16
3,-90,1166,8
3,-90,1170,39
3,-89,1176,64
3,-90,1181,8
3,-92,1186,-8
3,-90,1191,16
3,-89,1195,8
3,-88,1200,8
3,-89,1202,-8
3,-90,1204,-16
3,-91,1206,-8
3,-90,1208,16
3,-90,1211,-8
3,-91,1215,16
3,-92,1217,-8
3,-95,1219,0
3,-96,1222,32
3,-98,1225,0
3,-99,1228,-8
3,-96,1231,0
3,-95,1234,0
3,-88,1237,-16
3,-84,1240,-16
3,-82,1242,-24
3,-80,1243,-8
3,-79,1243,0
3,-79,1242,16
3,-76,1243,8
3,-74,1243,-48
3,-73,1243,-8
3,-71,1244,24
3,-68,1245,32
3,-68,1247,0
3,-70,1247,-8
3,-70,1248,-8
3,-67,1249,-8
3,-65,1249,-32
3,-63,1247,-24
3,-61,1246,8
3,-60,1244,8
3,-59,1243,-8
3,-59,1243,79
3,-60,1243,-16
3,-61,1244,16
3,-60,1246,48
3,-59,1249,0
3,-60,1252,8
3,-61,1255,0
3,-63,1257,-8
3,-66,1259,-16
3,-67,1260,-24
3,-68,1261,-24
3,-69,1261,-24
3,-70,1259,-24
3,-70,1255,24
3,-70,1253,-16
3,-69,1253,-48
3,-67,1254,0
3,-66,1256,32
3,-65,1259,32
3,-66,1260,16
3,-65,1263,0
3,-65,1265,-8
3,-66,1265,-16
3,-67,1266,-16
3,-68,1268,-16
3,-68,1267,-39
3,-70,1266,-32
3,-69,1265,-16
3,-66,1263,8
3,-64,1262,16
3,-63,1262,16
3,-66,1262,-24
3,-69,1262,8
3,-70,1264,32
3,-74,1263,-16
3,-79,1262,0
3,-81,1263,-8
3,-82,1264,8
3,-80,1265,8
3,-81,1266,-16
3,-84,1266,-8
3,-85,1265,-16
3,-86,1263,-32
3,-85,1262,8
3,-85,1259,24
3,-84,1258,8
3,-84,1257,-16
3,-85,1257,-16
3,-86,1258,16
3,-87,1261,48
3,-89,1264,24
3,-92,1267,-8
3,-94,1270,-8
3,-96,1273,16
3,-98,1276,8
3,-99,1279,0
3,-99,1282,0
3,-101,1284,-8
3,-102,1286,-16
3,-104,1287,8
3,-105,1289,16
3,-105,1291,0
3,-105,1292,-16
3,-105,1292,-24
3,-106,1293,8
3,-107,1295,32
3,-108,1298,16
3,-108,1301,-16
3,-109,1303,-8
3,-107,1305,8
3,-106,1307,0
3,-105,1308,0
3,-104,1310,8
3,-102,1312,-8
3,-103,1313,-16
3,-104,1312,-16
3,-103,1310,-24
3,-104,1308,-16
3,-105,1306,-24
3,-104,1301,-24
3,-101,1295,-39
3,-98,1290,-39
3,-97,1284,-32
3,-100,1278,-24
3,-105,1271,-24
3,-107,1264,-16
3,-106,1259,-8
3,-107,1253,0
3,-106,1247,-32
3,-101,1243,-16
3,-99,1237,8
3,-100,1232,32
3,-102,1227,24
3,-105,1223,16
3,-108,1219,8
3,-109,1216,24
3,-110,1215,32
3,-107,1215,32
3,-107,1215,8
3,-109,1216,16
3,-108,1218,0
3,-108,1220,-8
3,-105,1220,8
3,-103,1220,0
3,-100,1219,0
3,-98,1218,-8
3,-98,1217,16
3,-99,1216,-32
3,-102,1215,-24
3,-105,1214,8
3,-105,1214,-16
3,-102,1214,16
3,-98,1216,-8
3,-92,1219,32
3,-89,1222,-8
3,-88,1224,8
3,-87,1227,-16
3,-83,1229,0
3,-81,1229,8
3,-83,1229,-16
3,-84,1229,-24
3,-87,1228,-39
3,-91,1224,-16
3,-93,1221,16
3,-92,1220,-8
3,-92,1221,48
3,-91,1223,8
3,-90,1226,32
3,-86,1231,32
3,-85,1236,0
3,-86,1239,-16
3,-85,1241,0
3,-84,1243,-8
3,-87,1244,-24
3,-89,1244,0
3,-90,1245,0
3,-91,1247,24
3,-91,1249,0
3,-91,1252,-16
3,-91,1254,-8
3,-91,1257,32
3,-93,1260,56
3,-94,1264,8
3,-95,1269,-8
3,-92,1278,8
3,-91,1286,16
3,-95,1292,0
3,-100,1297,0
3,-105,1301,-24
3,-110,1304,-32
3,-113,1305,-16
3,-112,1308,0
3,-114,1308,8
3,-115,1310,-8
3,-119,1311,16
3,-120,1313,-39
3,-120,1314,0
3,-118,1316,8
3,-119,1319,16
3,-117,1322,-24
3,-114,1325,24
3,-113,1327,0
3,-111,1330,32
3,-110,1332,8
3,-105,1335,-16
3,-101,1336,-16
3,-97,1337,8
3,-94,1338,0
3,-91,1340,32
3,-89,1343,-16
3,-87,1345,-16
3,-84,1346,0
3,-83,1347,16
3,-81,1348,24
3,-77,1349,-8
3,-73,1350,-24
3,-70,1351,0
3,-68,1352,16
3,-66,1354,8
3,-65,1355,-16
3,-62,1357,-32
3,-59,1357,0
3,-57,1358,8
3,-54,1358,24
3,-52,1358,16
3,-50,1358,16
3,-49,1358,0
3,-48,1358,24
3,-46,1358,0
3,-45,1358,16
3,-43,1358,8
3,-42,1359,0
3,-40,1359,32
3,-41,1359,0
3,-41,1358,8
3,-40,1357,-16
3,-42,1356,8
3,-42,1354,-24
3,-41,1353,-8
3,-39,1352,-8
3,-36,1350,-16
3,-36,1348,0
3,-38,1347,-8
3,-39,1346,-16
3,-39,1345,16
3,-39,1345,0
3,-40,1345,24
3,-43,1344,8
3,-45,1342,-8
3,-46,1341,0
3,-46,1341,24
3,-45,1341,39
3,-43,1341,-8
3,-42,1341,-16
3,-42,1341,8
3,-42,1341,24
3,-40,1342,24
3,-39,1344,-24
3,-38,1344,-8
3,-37,1345,16
3,-34,1347,16
3,-33,1348,-8
3,-33,1348,-24
3,-33,1348,-8
3,-33,1349,24
3,-33,1350,-8
3,-34,1351,-39
3,-33,1351,-24
3,-29,1352,-16
3,-26,1353,24
3,-26,1355,8
3,-25,1356,-32
3,-26,1356,-8
3,-27,1357,24
3,-28,1358,32
3,-29,1359,-16
3,-31,1360,-24
3,-32,1360,8
3,-35,1361,32
3,-39,1362,16
3,-41,1363,-24
3,-42,1363,-8
3,-42,1365,24
3,-41,1367,39
3,-41,1370,8
3,-40,1371,-24
3,-38,1372,0
3,-37,1374,24
3,-39,1375,24
3,-43,1377,-8
3,-46,1378,-16
3,-46,1380,8
3,-46,1383,24
3,-46,1387,24
3,-46,1390,0
3,-44,1394,0
3,-43,1396,39
3,-42,1401,24
3,-43,1406,0
3,-45,1410,-8
3,-48,1413,16
3,-49,1416,39
3,-50,1420,24
3,-50,1426,-16
3,-50,1430,-24
3,-49,1434,8
3,-48,1439,32
3,-46,1443,-8
3,-46,1449,0
3,-44,1454,-8
3,-43,1459,-24
3,-42,1463,24
3,-42,1467,-16
3,-44,1470,-8
3,-45,1471,-8
3,-43,1472,16
3,-43,1474,8
3,-44,1475,-16
3,-46,1475,-32
3,-46,1474,8
3,-45,1474,24
3,-41,1475,8
3,-39,1474,-32
3,-38,1473,0
3,-37,1472,16
3,-37,1471,32
3,-38,1471,-16
3,-38,1469,-16
3,-38,1469,8
3,-38,1469,24
3,-39,1469,0
3,-39,1468,-16
3,-39,1468,16
3,-38,1468,32
3,-38,1469,39
3,-38,1469,0
3,-37,1468,-16
3,-35,1468,8
3,-33,1469,32
3,-32,1471,16
3,-32,1473,24
3,-33,1473,-16
3,-33,1474,-8
3,-32,1475,24
3,-34,1475,-16
3,-36,1475,-32
3,-39,1475,-8
3,-41,1474,-16
3,-41,1475,24
3,-40,1474,-24
3,-38,1474,8
3,-38,1473,-8
3,-37,1472,8
3,-35,1471,24
3,-32,1469,-16
3,-29,1466,-39
3,-24,1465,-16
3,-19,1463,16
3,-16,1461,0
3,-15,1459,8
3,-14,1457,-24
3,-12,1454,8
3,-9,1452,24
3,-7,1449,-16
3,-4,1447,-16
3,-2,1444,-8
3,0,1441,16
3,2,1439,32
3,0,1437,-16
3,0,1434,-39
3,1,1432,-8
3,1,1429,24
3,2,1427,-16
3,3,1424,-24
3,5,1421,-32
3,8,1417,8
3,8,1413,24
3,9,1410,-16
3,9,1405,-32
3,9,1400,-24
3,8,1395,8
3,9,1391,-8
3,7,1387,0
3,5,1382,-8
3,4,1379,16
3,4,1376,32
3,3,1374,32
3,0,1372,-8
3,0,1370,-24
3,-1,1369,16
3,-4,1370,32
3,-8,1371,16
3,-12,1372,-8
3,-15,1373,-8
3,-19,1373,8
3,-24,1373,24
3,-26,1374,0
3,-28,1374,-16
3,-29,1374,-16
3,-30,1373,8
3,-29,1372,8
3,-27,1371,-16
3,-27,1370,-16
3,-28,1366,-16
3,-30,1364,8
3,-31,1362,0
3,-33,1360,-8
3,-33,1359,-24
3,-34,1358,-8
3,-36,1358,8
3,-38,1356,-16
3,-42,1354,0
3,-46,1353,0
3,-48,1351,-16
3,-50,1351,16
3,-51,1351,24
3,-52,1351,-16
3,-50,1351,-8
3,-49,1349,8
3,-50,1349,16
3,-52,1349,16
3,-54,1350,8
3,-56,1352,8
3,-57,1353,8
3,-59,1355,8
3,-62,1357,8
3,-65,1358,0
3,-68,1359,-8
3,-73,1360,-8
3,-76,1361,-24
3,-76,1360,-16
3,-74,1354,-16
3,-72,1347,-16
3,-67,1338,-8
3,-62,1332,-8
3,-62,1330,8
3,-66,1330,8
3,-69,1331,0
3,-67,1330,0
3,-64,1329,0
3,-62,1329,8
3,-62,1329,0
3,-60,1328,0
3,-59,1327,0
3,-56,1326,-24
3,-54,1323,-16
3,-51,1320,-16
3,-50,1316,-24
3,-49,1312,-16
3,-49,1308,-24
3,-48,1305,8
3,-47,1301,0
3,-43,1297,-8
3,-39,1294,0
3,-32,1291,8
3,-28,1288,16
3,-26,1286,39
3,-27,1283,-24
3,-27,1280,-24
3,-28,1276,24
3,-27,1273,39
3,-30,1271,-8
3,-32,1268,-32
3,-33,1264,-16
3,-34,1262,8
3,-34,1259,24
3,-34,1256,-24
3,-33,1253,-24
3,-33,1250,-16
3,-35,1246,-32
3,-36,1241,-16
3,-36,1237,-24
3,-38,1233,8
3,-40,1229,-16
3,-41,1225,24
3,-43,1222,-8
3,-45,1218,16
3,-47,1213,0
3,-49,1208,-16
3,-51,1203,-16
3,-54,1197,8
3,-56,1193,0
3,-57,1188,-8
3,-60,1184,-16
3,-62,1179,-8
3,-65,1174,16
3,-66,1170,0
3,-66,1167,24
3,-65,1165,16
3,-65,1164,-8
3,-65,1161,32
3,-65,1159,8
3,-66,1157,8
3,-67,1156,39
3,-68,1156,-24
3,-67,1154,-16
3,-69,1152,16
3,-69,1151,16
3,-70,1150,-8
3,-71,1150,-39
3,-72,1149,-16
3,-74,1148,0
3,-75,1146,16
3,-76,1145,-16
3,-78,1143,16
3,-77,1142,-8
3,-77,1141,16
3,-75,1140,8
3,-75,1139,-24
3,-75,1138,-32
3,-73,1137,8
3,-72,1136,39
3,-71,1135,-8
3,-70,1133,-24
3,-70,1133,-16
3,-70,1132,24
3,-71,1132,24
3,-70,1132,8
3,-69,1133,8
3,-68,1133,0
3,-69,1133,32
3,-68,1133,-8
3,-68,1132,-16
3,-69,1132,-16
3,-71,1131,16
3,-72,1133,24
3,-70,1134,8
3,-71,1135,-16
3,-71,1135,-16
3,-70,1136,16
3,-66,1136,8
3,-65,1135,-16
3,-66,1135,-16
3,-67,1134,0
3,-69,1135,8
3,-70,1136,8
3,-72,1136,-32
3,-73,1136,-32
3,-74,1136,8
3,-76,1136,24
3,-78,1135,-16
3,-79,1135,-32
3,-81,1134,0
3,-82,1135,0
3,-85,1134,16
3,-83,1134,-16
3,-83,1133,-32
3,-82,1132,-8
3,-81,1132,8
3,-82,1131,32
3,-81,1130,-8
3,-82,1129,-16
3,-82,1129,8
3,-82,1128,16
3,-83,1126,8
3,-84,1125,-24
3,-85,1124,-16
3,-86,1124,24
3,-87,1123,32
3,-88,1122,8
3,-88,1121,-32
3,-89,1121,0
3,-89,1122,24
3,-88,1122,8
3,-87,1122,-16
3,-86,1121,-8
3,-87,1120,8
3,-87,1120,24
3,-86,1120,-8
3,-87,1120,-8
3,-87,1120,8
3,-86,1122,24
3,-85,1123,24
3,-83,1125,-8
3,-82,1127,-8
3,-80,1128,8
3,-79,1130,32
3,-80,1132,32
3,-80,1135,0
3,-81,1137,-8
3,-82,1139,8
3,-81,1140,16
3,-80,1140,-8
3,-79,1140,-32
3,-79,1140,16
3,-81,1139,-8
3,-81,1140,16
3,-82,1141,0
3,-84,1142,32
3,-86,1143,8
3,-88,1144,-8
3,-89,1146,8
3,-89,1147,16
3,-88,1148,-8
3,-86,1150,0
3,-85,1152,39
3,-83,1155,-8
3,-80,1158,0
3,-79,1160,0
3,-77,1162,-8
3,-77,1163,-24
3,-77,1163,0
3,-75,1163,-39
3,-76,1163,-8
3,-76,1163,-24
3,-76,1163,-32
3,-74,1162,-8
3,-72,1161,-8
3,-69,1161,-8
3,-66,1161,16
3,-64,1162,8
3,-63,1164,0
3,-60,1164,-8
3,-59,1164,0
3,-56,1165,16
3,-52,1165,8
3,-49,1165,-24
3,-46,1165,0
3,-45,1165,16
3,-43,1166,16
3,-42,1168,-8
3,-43,1170,-39
3,-42,1170,-16
3,-40,1170,8
3,-40,1170,-8
3,-38,1170,0
3,-37,1170,-16
3,-36,1170,16
3,-36,1170,16
3,-37,1170,-8
3,-38,1170,24
3,-40,1170,8
3,-41,1169,24
3,-42,1168,24
3,-43,1168,-8
3,-44,1168,8
3,-42,1169,39
3,-44,1170,39
3,-45,1173,8
3,-44,1177,8
3,-44,1182,8
3,-44,1186,0
3,-45,1190,16
3,-45,1194,8
3,-45,1198,-24
3,-44,1202,0
3,-42,1206,8
3,-43,1209,-8
3,-42,1212,-16
3,-42,1215,-8
3,-42,1219,8
3,-41,1222,24
3,-40,1225,0
3,-39,1229,-24
3,-37,1232,-8
3,-31,1235,-8
3,-29,1237,16
3,-33,1241,-16
3,-38,1243,-24
3,-41,1245,-8
3,-45,1246,-24
3,-45,1246,32
3,-45,1246,-16
3,-45,1246,-8
3,-44,1246,-16
3,-45,1245,-8
3,-43,1243,-16
3,-43,1241,-8
3,-44,1237,0
3,-47,1235,8
3,-48,1233,16
3,-49,1233,16
3,-51,1234,16
3,-52,1236,8
3,-56,1237,16
3,-60,1238,8
3,-63,1238,8
3,-63,1236,8
3,-62,1239,16
3,-61,1242,8
3,-61,1245,0
3,-62,1248,8
3,-65,1249,8
3,-68,1250,0
3,-70,1252,-8
3,-69,1256,-8
3,-70,1259,0
3,-74,1265,0
3,-81,1267,-8
3,-84,1269,-8
3,-87,1270,-16
3,-91,1272,0
3,-95,1274,0
3,-96,1274,-16
3,-96,1274,0
3,-93,1275,16
3,-90,1274,-16
3,-89,1275,-16
3,-93,1275,0
3,-94,1274,8
3,-93,1274,0
3,-92,1273,-24
3,-90,1271,-8
3,-86,1269,24
3,-80,1269,16
3,-77,1270,-16
3,-75,1271,-16
3,-74,1272,24
3,-77,1274,39
3,-80,1276,0
3,-82,1277,-32
3,-82,1278,8
3,-79,1279,0
3,-78,1282,8
3,-75,1284,-24
3,-74,1286,0
3,-76,1286,-8
3,-76,1284,-8
3,-75,1281,-16
3,-74,1278,0
3,-73,1275,0
3,-73,1273,-8
3,-73,1272,24
3,-71,1271,8
3,-69,1270,-8
3,-68,1268,16
3,-68,1266,-8
3,-67,1264,16
3,-66,1261,-16
3,-66,1259,16
3,-66,1256,0
3,-68,1253,-16
3,-69,1250,0
3,-68,1247,-24
3,-65,1244,-32
3,-64,1241,-8
3,-65,1238,8
3,-66,1235,0
3,-65,1233,-24
3,-64,1230,0
3,-62,1227,8
3,-59,1225,32
3,-58,1224,-8
3,-55,1222,-8
3,-53,1220,16
3,-51,1219,16
3,-51,1216,-8
3,-51,1214,8
3,-51,1213,16
3,-50,1213,16
3,-51,1213,8
3,-51,1212,-8
3,-50,1211,-8
3,-48,1212,39
3,-49,1214,16
3,-51,1217,0
3,-53,1219,-8
3,-55,1221,16
3,-57,1224,32
3,-58,1226,8
3,-57,1228,0
3,-55,1229,-8
3,-53,1229,16
3,-55,1229,24
3,-55,1232,0
3,-54,1234,0
3,-58,1235,8
3,-60,1236,-16
3,-59,1237,8
3,-59,1238,-16
3,-61,1242,8
3,-63,1248,24
3,-63,1253,24
3,-59,1256,0
3,-57,1259,-8
3,-56,1260,-8
3,-56,1263,32
3,-57,1265,32
3,-59,1267,-16
3,-61,1270,16
3,-61,1272,-8
3,-60,1273,16
3,-61,1274,-16
3,-63,1275,-16
3,-66,1277,0
3,-67,1278,16
3,-66,1278,0
3,-64,1277,8
3,-63,1277,-32
3,-62,1277,16
3,-61,1275,-24
3,-61,1272,-8
3,-62,1270,16
3,-63,1268,8
3,-64,1267,32
3,-64,1266,0
3,-62,1264,-8
3,-60,1263,-16
3,-59,1263,8
3,-58,1264,16
3,-56,1264,8
3,-54,1264,-16
3,-51,1264,0
3,-51,1264,8
3,-52,1265,16
3,-51,1266,0
3,-50,1266,16
3,-50,1267,8
3,-48,1268,24
3,-48,1270,0
3,-49,1270,8
3,-51,1271,8
3,-51,1273,16
3,-51,1276,39
3,-50,1280,16
3,-46,1283,-24
3,-43,1285,-8
3,-38,1289,-8
3,-33,1294,24
3,-28,1297,8
3,-27,1298,24
3,-29,1300,0
3,-32,1301,-16
3,-32,1302,8
3,-29,1302,-8
3,-27,1302,-48
3,-28,1303,0
3,-30,1304,-8
3,-30,1305,32
3,-29,1304,-32
3,-29,1303,-8
3,-31,1303,0
3,-33,1302,-8
3,-36,1301,-8
3,-39,1301,-24
3,-41,1301,-24
3,-41,1301,-8
3,-44,1301,8
3,-43,1301,0
3,-45,1300,8
3,-48,1299,8
3,-52,1298,24
3,-57,1297,8
3,-60,1296,0
3,-62,1295,8
3,-65,1294,16
3,-68,1295,16
3,-70,1297,32
3,-71,1299,16
3,-72,1301,16
3,-74,1304,0
3,-75,1306,8
3,-72,1307,8
3,-68,1306,8
3,-62,1307,8
3,-56,1307,8
3,-50,1310,-8
3,-46,1312,-8
3,-44,1316,-16
3,-46,1319,-8
3,-51,1321,0
3,-57,1322,-8
3,-63,1324,-16
3,-69,1325,-24
3,-74,1325,-32
3,-82,1322,-32
3,-85,1317,-48
3,-88,1311,-56
3,-88,1303,-64
3,-87,1295,-56
3,-86,1285,-48
3,-83,1274,-32
3,-81,1264,-24
3,-78,1253,-8
3,-77,1243,-8
3,-76,1233,-8
3,-79,1224,-8
3,-82,1215,0
3,-83,1206,0
3,-85,1199,0
3,-83,1192,-24
3,-83,1185,24
3,-83,1180,32
3,-87,1176,39
3,-90,1172,16
3,-91,1168,8
3,-91,1166,32
3,-94,1165,32
3,-97,1163,48
3,-99,1163,8
3,-100,1163,48
3,-100,1164,16
3,-100,1164,-8
3,-100,1164,-16
3,-99,1165,-24
3,-98,1166,24
3,-97,1167,8
3,-93,1170,24
3,-90,1171,-8
3,-88,1171,8
3,-82,1174,-24
3,-79,1175,0
3,-76,1178,8
3,-77,1182,8
3,-76,1185,0
3,-72,1189,-24
3,-70,1192,-8
3,-71,1193,24
3,-75,1195,-8
3,-79,1196,8
3,-79,1198,-8
3,-79,1198,-24
3,-80,1197,-16
3,-80,1196,-32
3,-80,1195,-16
3,-81,1195,0
3,-82,1195,32
3,-83,1194,-8
3,-84,1193,-8
3,-85,1193,16
3,-84,1194,32
3,-84,1195,16
3,-86,1197,-8
3,-87,1199,24
3,-87,1200,16
3,-88,1201,24
3,-88,1203,16
3,-88,1205,-16
3,-88,1207,24
3,-88,1209,8
3,-89,1213,8
3,-91,1216,16
3,-92,1220,0
3,-94,1224,-8
3,-95,1227,0
3,-97,1231,24
3,-98,1235,39
3,-101,1241,0
3,-101,1245,-48
3,-101,1245,-8
3,-102,1244,-8
3,-103,1246,16
3,-104,1248,0
3,-103,1248,8
3,-103,1249,-8
3,-104,1251,16
3,-105,1254,39
3,-104,1254,16
3,-104,1255,-8
3,-108,1256,32
3,-109,1259,0
3,-110,1263,0
3,-110,1266,-8
3,-110,1269,0
3,-110,1274,32
3,-109,1276,-8
3,-109,1277,-8
3,-109,1281,-16
3,-107,1283,-16
3,-106,1285,16
3,-105,1287,8
3,-103,1286,0
3,-101,1283,-8
3,-100,1281,0
3,-100,1282,-8
3,-100,1284,-8
3,-100,1287,8
3,-99,1289,0
3,-99,1291,0
3,-100,1292,8
3,-102,1293,-32
3,-104,1294,-16
3,-106,1294,8
3,-107,1294,8
3,-107,1294,-24
3,-108,1293,8
3,-108,1291,-8
3,-109,1288,-24
3,-108,1286,-8
3,-109,1283,8
3,-111,1282,-8
3,-112,1281,8
3,-113,1278,8
3,-115,1274,-24
3,-114,1270,-24
3,-114,1266,16
3,-113,1261,-16
3,-111,1257,-8
3,-110,1253,16
3,-111,1250,8
3,-111,1246,-8
3,-112,1243,8
3,-112,1241,-8
3,-111,1239,0
3,-109,1237,32
3,-108,1236,16
3,-108,1234,8
3,-107,1232,0
3,-107,1231,8
3,-105,1231,39
3,-104,1231,-8
3,-100,1230,-16
3,-97,1231,8
3,-95,1231,16
3,-95,1231,-16
3,-95,1230,8
3,-95,1230,39
3,-94,1232,16
3,-92,1234,8
3,-91,1235,-8
3,-92,1237,16
3,-93,1239,-16
3,-90,1243,8
3,-87,1248,39
3,-86,1254,39
3,-85,1259,8
3,-82,1264,-8
3,-77,1269,8
3,-73,1275,24
3,-68,1281,48
3,-65,1287,24
3,-63,1293,0
3,-63,1299,0
3,-62,1304,-8
3,-62,1310,8
3,-61,1315,-16
3,-61,1319,-8
3,-61,1322,-16
3,-61,1326,0
3,-62,1329,-8
3,-63,1330,-16
3,-65,1332,-16
3,-69,1333,-8
3,-73,1334,-8
3,-76,1336,-8
3,-74,1337,0
3,-70,1338,0
3,-67,1339,0
3,-66,1339,-8
3,-64,1339,-8
3,-62,1339,-8
3,-62,1338,-16
3,-61,1336,-24
3,-61,1333,-16
3,-60,1329,-24
3,-57,1324,-24
3,-56,1319,-32
3,-55,1314,0
3,-54,1312,16
3,-55,1309,32
3,-56,1307,-8
3,-56,1305,0
3,-57,1304,32
3,-58,1304,48
3,-55,1305,0
3,-53,1305,-24
3,-50,1304,-8
3,-48,1304,32
3,-48,1305,16
3,-48,1306,-8
3,-48,1306,-8
3,-48,1306,16
3,-47,1308,39
3,-48,1310,16
3,-49,1313,16
3,-49,1315,-16
3,-49,1317,0
3,-49,1320,48
3,-52,1323,16
3,-54,1325,24
3,-55,1328,24
3,-54,1331,39
3,-56,1335,0
3,-58,1340,-8
3,-59,1344,8
3,-60,1347,0
3,-61,1350,16
3,-62,1353,-8
3,-60,1355,-16
3,-53,1358,-16
3,-47,1362,24
3,-45,1364,0
3,-44,1367,-16
3,-44,1368,-8
3,-45,1369,-16
3,-45,1371,24
3,-45,1372,-16
3,-44,1373,-16
3,-42,1376,0
3,-39,1379,24
3,-37,1382,8
3,-35,1385,-8
3,-32,1389,0
3,-26,1391,-8
3,-20,1393,8
3,-16,1395,-8
3,-12,1397,-16
3,-12,1398,0
3,-13,1400,8
3,-12,1402,8
3,-11,1406,-16
3,-9,1409,16
3,-8,1412,24
3,-7,1415,32
3,-3,1419,8
3,-2,1422,-8
3,-3,1425,0
3,-4,1427,16
3,-5,1429,8
3,-6,1432,-8
3,-7,1433,-16
3,-4,1435,8
3,-2,1436,0
3,0,1437,-24
3,1,1438,-24
3,4,1438,-16
3,5,1438,8
3,4,1437,-24
3,5,1436,-8
3,5,1435,-8
3,6,1433,-24
3,4,1430,-24
3,4,1427,-16
3,3,1424,-8
3,1,1421,-24
3,0,1418,-8
3,-4,1413,8
3,-4,1408,-24
3,-6,1402,-16
3,-9,1397,24
3,-12,1393,-16
3,-14,1389,-16
3,-14,1385,0
3,-15,1381,24
3,-15,1378,0
3,-14,1374,-16
3,-13,1371,0
3,-15,1369,32
3,-18,1368,48
3,-23,1368,-8
3,-25,1368,16
3,-25,1368,32
3,-26,1369,8
3,-26,1369,-39
3,-25,1369,-8
3,-24,1369,32
3,-24,1370,8
3,-23,1372,-8
3,-21,1371,-32
3,-20,1371,8
3,-19,1371,32
3,-21,1371,8
3,-23,1371,16
3,-25,1371,0
3,-26,1371,16
3,-27,1370,0
3,-29,1370,16
3,-30,1371,-8
3,-31,1372,32
3,-30,1373,16
3,-32,1375,-8
3,-33,1376,16
3,-35,1378,8
3,-37,1380,0
3,-40,1381,0
3,-40,1383,8
3,-42,1385,0
3,-43,1387,24
3,-45,1388,-8
3,-45,1389,-39
3,-46,1390,-8
3,-46,1391,24
3,-47,1391,-8
3,-48,1391,0
3,-49,1391,-8
3,-50,1391,8
3,-51,1391,0
3,-50,1391,8
3,-49,1391,-39
3,-48,1390,8
3,-48,1390,-24
3,-50,1390,-8
3,-53,1390,24
3,-54,1389,-16
3,-54,1389,24
3,-55,1388,16
3,-54,1388,0
3,-53,1387,-39
3,-52,1386,0
3,-52,1384,8
3,-52,1383,24
3,-51,1381,-16
3,-50,1380,-8
3,-49,1380,24
3,-49,1379,32
3,-50,1380,16
3,-50,1380,24
3,-54,1379,16
3,-56,1380,0
3,-57,1380,0
3,-57,1382,-24
3,-55,1383,-8
3,-54,1384,16
3,-53,1386,16
3,-53,1387,-16
3,-52,1387,-32
3,-49,1388,-8
3,-47,1389,16
3,-45,1389,-8
3,-44,1388,-24
3,-43,1387,-16
3,-41,1386,8
3,-40,1385,24
3,-39,1384,-8
3,-39,1383,-32
3,-40,1381,0
3,-40,1380,0
3,-38,1378,8
3,-36,1377,-16
3,-34,1377,-24
3,-33,1376,0
3,-34,1375,-8
3,-32,1374,0
3,-32,1374,16
3,-31,1373,0
3,-30,1373,24
3,-30,1375,8
3,-27,1375,-16
3,-25,1374,-32
3,-25,1374,8
3,-26,1374,24
3,-25,1375,8
3,-24,1374,-32
3,-22,1373,-8
3,-21,1372,8
3,-20,1372,0
3,-22,1371,-32
3,-23,1370,-24
3,-24,1369,8
3,-24,1368,24
3,-25,1368,0
3,-26,1367,-16
3,-28,1365,8
3,-30,1365,39
3,-34,1367,24
3,-35,1369,16
3,-36,1371,0
3,-37,1371,32
3,-36,1373,48
3,-37,1375,16
3,-38,1377,-24
3,-37,1378,16
3,-36,1381,48
3,-37,1385,8
3,-41,1389,-16
3,-43,1391,0
3,-45,1394,16
3,-45,1397,16
3,-46,1400,0
3,-47,1403,0
3,-48,1406,-24
3,-48,1409,0
3,-47,1413,32
3,-50,1415,-8
3,-56,1417,-8
3,-58,1419,0
3,-59,1420,24
3,-59,1422,0
3,-57,1424,-16
3,-56,1425,-32
3,-56,1427,8
3,-56,1429,32
3,-59,1430,-8
3,-61,1431,-8
3,-64,1431,0
3,-64,1433,32
3,-65,1434,0
3,-65,1434,-16
3,-66,1435,-8
3,-67,1434,8
3,-67,1434,24
3,-70,1434,-8
3,-71,1433,0
3,-73,1433,0
3,-75,1433,8
3,-76,1433,0
3,-77,1432,8
3,-77,1431,-24
3,-74,1431,0
3,-73,1431,24
3,-72,1432,16
3,-71,1432,8
3,-74,1433,0
3,-76,1434,32
3,-77,1434,8
3,-78,1434,8
3,-78,1436,-32
3,-79,1439,0
3,-79,1441,24
3,-79,1444,16
3,-81,1445,8
3,-82,1445,-24
3,-82,1445,0
3,-82,1446,32
3,-82,1446,0
3,-82,1446,-32
3,-81,1447,0
3,-82,1448,8
3,-82,1449,32
3,-82,1450,0
3,-83,1450,-32
3,-83,1452,8
3,-83,1453,0
3,-84,1454,-8
3,-85,1455,0
3,-85,1456,-8
3,-86,1457,24
3,-85,1458,-8
3,-87,1458,-8
3,-88,1459,-8
3,-88,1459,8
3,-89,1459,8
3,-88,1459,-16
3,-86,1457,-39
3,-86,1456,0
3,-89,1454,-8
3,-91,1452,-8
3,-93,1449,24
3,-95,1446,8
3,-96,1443,-8
3,-98,1439,-16
3,-98,1437,-8
3,-98,1435,16
3,-101,1435,8
3,-102,1434,24
3,-103,1433,16
3,-104,1431,16
3,-104,1429,-16
3,-102,1427,-8
3,-101,1426,-8
3,-98,1426,8
3,-96,1425,16
3,-94,1424,-8
3,-93,1423,-8
3,-94,1422,24
3,-96,1421,16
3,-95,1420,24
3,-94,1420,24
3,-95,1420,16
3,-95,1421,39
3,-93,1422,8
3,-91,1424,8
3,-94,1424,8
3,-95,1426,39
3,-94,1429,8
3,-94,1431,16
3,-93,1432,-24
3,-92,1433,0
3,-89,1434,8
3,-86,1436,-8
3,-85,1438,0
3,-83,1438,-8
3,-81,1439,8
3,-80,1439,16
3,-78,1440,-16
3,-76,1440,-24
3,-75,1440,-8
3,-74,1441,16
3,-72,1441,0
3,-71,1440,-16
3,-69,1439,-8
3,-67,1436,-16
3,-66,1434,-8
3,-64,1433,24
3,-63,1431,8
3,-63,1428,0
3,-63,1425,-16
3,-62,1423,-8
3,-60,1421,8
3,-59,1419,-8
3,-58,1416,-24
3,-56,1414,-16
3,-55,1412,8
3,-53,1410,-8
3,-52,1409,-39
3,-54,1406,-16
3,-55,1403,-24
3,-52,1402,32
3,-49,1399,8
3,-46,1397,8
3,-46,1395,16
3,-46,1393,16
3,-47,1390,0
3,-48,1387,8
3,-50,1385,0
3,-51,1384,16
3,-52,1385,24
3,-53,1384,8
3,-52,1383,-16
3,-51,1382,-16
3,-52,1382,8
3,-52,1383,8
3,-51,1383,0
3,-51,1385,16
3,-50,1385,0
3,-48,1388,24
3,-47,1388,24
3,-49,1389,-16
3,-50,1388,-24
3,-50,1388,-8
3,-49,1388,-8
3,-48,1388,0
3,-47,1387,-8
3,-48,1387,-24
3,-52,1388,0
3,-55,1388,16
3,-57,1388,0
3,-56,1386,-16
3,-54,1385,-8
3,-52,1384,8
3,-50,1383,8
3,-46,1382,0
3,-44,1382,16
3,-43,1382,16
3,-43,1381,24
3,-45,1375,-39
3,-48,1368,-8
3,-52,1364,-39
3,-55,1362,16
3,-56,1363,39
3,-58,1362,-8
3,-59,1362,-16
3,-60,1361,-8
3,-59,1357,8
3,-58,1355,32
3,-57,1354,-16
3,-54,1354,-8
3,-53,1354,8
3,-51,1355,32
3,-48,1356,16
3,-48,1357,-8
3,-46,1358,-8
3,-44,1360,24
3,-43,1362,39
3,-41,1364,-8
3,-39,1365,-32
3,-39,1365,-8
3,-39,1365,16
3,-43,1367,-16
3,-45,1368,-32
3,-47,1368,-48
3,-47,1367,-8
3,-47,1366,-24
3,-48,1365,-16
3,-51,1364,-8
3,-54,1363,0
3,-57,1359,-32
3,-57,1354,-8
3,-56,1353,0
3,-55,1353,8
3,-54,1354,24
3,-55,1354,-8
3,-57,1355,-8
3,-63,1358,32
3,-67,1360,0
3,-69,1362,-8
3,-71,1363,0
3,-70,1363,0
3,-69,1363,-32
3,-65,1363,-16
3,-64,1362,-8
3,-62,1363,8
3,-62,1364,0
3,-63,1365,0
3,-62,1366,32
3,-60,1363,-24
3,-57,1362,8
3,-55,1362,-16
3,-53,1362,-8
3,-52,1363,48
3,-54,1363,32
3,-58,1366,16
3,-63,1368,16
3,-64,1370,39
3,-63,1368,-8
3,-61,1368,8
3,-60,1369,-24
3,-60,1369,8
3,-60,1370,-16
3,-62,1371,-8
3,-63,1372,-39
3,-62,1373,8
3,-60,1374,24
3,-62,1378,0
3,-61,1379,-24
3,-60,1378,-32
3,-58,1376,0
3,-55,1374,-24
3,-51,1370,-16
3,-46,1367,24
3,-41,1364,0
3,-38,1362,-8
3,-35,1360,24
3,-34,1358,8
3,-34,1357,24
3,-34,1353,0
3,-36,1350,-16
3,-36,1346,8
3,-36,1343,24
3,-35,1339,-8
3,-33,1336,32
3,-32,1333,-16
3,-33,1331,16
3,-32,1330,24
3,-30,1329,0
3,-29,1329,39
3,-29,1329,0
3,-28,1331,8
3,-27,1331,-8
3,-23,1331,16
3,-20,1332,16
3,-18,1333,16
3,-18,1334,-8
3,-20,1335,24
3,-22,1336,16
3,-20,1338,8
3,-20,1341,8
3,-21,1344,-8
3,-22,1346,24
3,-22,1348,39
3,-23,1349,-32
3,-25,1351,-24
3,-26,1351,-16
3,-26,1352,24
3,-29,1353,16
3,-31,1353,-48
3,-32,1353,-16
3,-32,1353,24
3,-32,1354,48
3,-34,1355,-16
3,-34,1354,-48
3,-33,1353,0
3,-33,1352,39
3,-36,1352,16
3,-36,1353,-32
3,-36,1354,8
3,-35,1355,39
3,-34,1357,16
3,-32,1358,-16
3,-33,1359,-16
3,-33,1359,0
3,-34,1361,48
3,-34,1362,8
3,-33,1363,-32
3,-32,1363,0
3,-30,1364,39
3,-25,1365,24
3,-22,1365,24
3,-19,1365,-16
3,-18,1365,16
3,-17,1366,16
3,-17,1367,0
3,-17,1367,0
3,-16,1369,16
3,-14,1370,48
3,-13,1371,-16
3,-11,1372,-48
3,-8,1374,-8
3,-6,1376,32
3,-3,1377,16
3,-1,1378,-24
3,0,1379,16
3,3,1380,32
3,4,1380,8
3,5,1379,-32
3,5,1379,-16
3,7,1379,24
3,9,1380,16
3,11,1380,8
3,13,1380,-16
3,14,1380,8
3,15,1379,-16
3,17,1379,8
3,19,1379,-16
3,20,1380,0
3,21,1381,0
3,21,1382,-8
3,24,1383,-8
3,25,1384,-8
3,24,1385,0
3,25,1385,-8
3,27,1386,-8
3,26,1385,-8
3,28,1385,0
3,28,1385,-8
3,28,1384,8
3,26,1383,8
3,26,1383,8
3,25,1381,0
3,20,1382,16
3,18,1382,8
3,16,1383,8
3,18,1385,8
3,20,1386,8
3,25,1386,8
3,30,1387,8
3,35,1386,8
3,39,1386,0
3,43,1388,0
3,45,1390,0
3,51,1391,0
3,72,1409,0
3,79,1409,0
3,82,1408,-8
3,80,1407,-16
3,79,1406,-8
3,76,1405,-32
3,74,1403,-24
3,70,1397,-24
3,67,1393,-32
3,66,1388,-39
3,65,1381,-48
3,63,1374,-56
3,64,1363,-72
3,66,1352,-72
3,67,1339,-64
3,73,1302,-56
3,73,1261,-56
3,69,1217,-56
3,66,1173,-56
3,60,1128,-72
3,42,1042,-72
3,35,961,-48
3,29,890,-39
3,33,828,-48
3,44,749,-48
3,59,664,-39
3,77,591,-48
3,85,542,-39
3,81,496,-32
3,72,454,-24
3,46,433,-8
3,13,412,-8
3,5,380,-8