3,172,1625,0
3,167,1628,8
3,161,1628,16
3,157,1628,16
3,152,1627,16
3,152,1630,16
3,156,1635,16
3,156,1638,16
3,149,1649,8
3,149,1647,-56
3,147,1643,-32
3,145,1640,-8
3,144,1642,32
3,144,1645,32
3,142,1649,-16
3,135,1645,16
3,130,1641,8
3,124,1638,-16
3,118,1634,-16
3,115,1626,0
3,115,1617,0
3,116,1612,-16
3,116,1609,-8
3,117,1604,-24
3,116,1598,-16
3,115,1591,-16
3,113,1585,-16
3,113,1577,-32
3,113,1570,-16
3,116,1565,-8
3,118,1561,24
3,123,1555,-24
3,126,1551,-8
3,130,1545,24
3,135,1540,16
3,139,1535,8
3,144,1530,8
3,148,1526,-16
3,149,1524,0
3,147,1520,-24
3,148,1514,-16
3,147,1478,8
3,148,1477,-16
3,147,1473,32
3,146,1469,-8
3,144,1467,0
3,143,1465,0
3,145,1459,0
3,149,1455,-16
3,156,1455,0
3,161,1453,-16
3,164,1451,8
3,166,1450,8
3,169,1444,0
3,170,1440,39
3,174,1437,-8
3,190,1428,0
3,192,1427,16
3,194,1427,32
3,197,1425,-8
3,202,1422,24
3,205,1418,0
3,208,1414,-16
3,212,1409,-16
3,216,1405,32
3,218,1402,32
3,223,1395,0
3,227,1385,16
3,228,1383,39
3,239,1373,16
3,239,1373,16
3,219,1380,16
3,203,1385,-8
3,190,1382,0
3,173,1382,0
3,160,1382,-16
3,129,1387,8
3,123,1390,24
3,119,1394,8
3,120,1400,48
3,123,1405,16
3,128,1407,-8
3,130,1410,16
3,129,1414,16
3,122,1417,0
3,117,1421,8
3,115,1425,0
3,116,1429,0
3,116,1433,8
3,117,1439,24
3,118,1445,8
3,116,1450,-8
3,113,1454,-8
3,111,1458,0
3,108,1464,0
3,107,1469,0
3,107,1471,-16
3,105,1472,0
3,106,1473,-16
3,106,1476,16
3,108,1477,0
3,112,1477,-16
3,114,1476,-24
3,113,1477,-16
3,108,1477,-24
3,104,1478,0
3,95,1476,-16
3,89,1473,-24
3,77,1468,-8
3,65,1465,-8
3,57,1462,8
3,50,1460,8
3,41,1457,8
3,31,1456,8
3,23,1458,-8
3,18,1462,0
3,25,1464,8
3,33,1466,8
3,29,1470,24
3,24,1472,-8
3,18,1471,-8
3,14,1469,8
3,9,1467,-8
3,6,1466,16
3,4,1466,8
3,3,1465,-16
3,0,1465,-16
3,-2,1465,-8
3,-3,1464,-16
3,72,301,-8
3,-9,1460,-8
3,-14,1456,0
3,95,299,-8
3,110,301,-8
3,-19,1452,8
3,120,302,-8
3,-19,1441,8
3,-18,1435,8
3,-14,1433,8
3,-9,1433,16
3,-6,1429,-39
3,-4,1423,-16
3,0,1417,32
3,5,1412,39
3,12,1408,-32
3,19,1405,-32
3,26,1403,-32
3,36,1404,-8
3,45,1406,16
3,52,1407,0
3,61,1405,-8
3,71,1402,-8
3,80,1399,-8
3,94,1394,64
3,109,1388,64
3,121,1385,-56
3,130,1382,-56
3,140,1378,-8
3,152,1369,0
3,163,1362,-8
3,171,1358,-8
3,179,1355,-16
3,185,1354,-8
3,193,1353,-8
3,199,1351,-8
3,205,1348,-8
3,210,1344,-8
3,210,1339,-8
3,210,1337,0
3,213,1334,-16
3,219,1328,0
3,229,1322,0
3,237,1316,8
3,245,1312,16
3,254,1310,8
3,262,1307,-16
3,270,1305,8
3,278,1305,8
3,285,1303,56
3,293,1301,-16
3,299,1302,0
3,305,1304,0
3,312,1301,32
3,319,1300,-24
3,327,1299,0
3,337,1294,-8
3,346,1284,0
3,371,1256,24
3,396,1235,32
3,421,1213,0
3,441,1201,16
3,456,1196,0
3,460,1198,0
3,463,1201,24
3,465,1207,16
3,465,1213,16
3,464,1222,16
3,462,1230,8
3,460,1237,8
3,458,1243,8
3,457,1248,8
3,460,1257,8
3,462,1262,24
3,461,1266,8
3,460,1269,-8
3,460,1274,16
3,459,1276,24
3,458,1278,48
3,459,1281,8
3,464,1286,-24
3,470,1292,-24
3,474,1298,0
3,479,1300,56
3,483,1300,56
3,515,1313,16
3,526,1308,39
3,523,1317,-8
3,523,1314,0
3,523,1314,8
3,522,1315,8
3,524,1312,-16
3,527,1309,8
3,529,1308,39
3,531,1308,-8
3,533,1310,8
3,536,1312,16
3,540,1313,32
3,544,1309,0
3,547,1309,24
3,551,1310,8
3,557,1310,24
3,563,1308,32
3,570,1309,8
3,574,1314,16
3,579,1316,-24
3,584,1316,24
3,590,1317,72
3,595,1319,-24
3,600,1319,0
3,606,1320,16
3,609,1321,0
3,614,1324,0
3,618,1324,-24
3,622,1321,-8
3,627,1316,-8
3,631,1311,-8
3,633,1311,0
3,637,1312,-39
3,642,1311,-16
3,647,1309,-8
3,650,1309,-8
3,650,1308,-8
3,649,1308,-16
3,651,1311,-8
3,652,1311,-16
3,653,1313,0
3,653,1316,8
3,649,1315,8
3,644,1313,8
3,641,1315,16
3,639,1319,16
3,637,1322,16
3,637,1324,8
3,638,1325,8
3,639,1326,8
3,643,1336,0
3,644,1341,0
3,644,1345,8
3,644,1349,8
3,644,1353,8
3,644,1356,8
3,644,1360,8
3,644,1361,-24
3,644,1362,-24
3,644,1362,-24
3,644,1363,-24
3,643,1364,-8
3,643,1365,-8
3,643,1366,-8
3,642,1367,-8
3,642,1368,-8
3,641,1369,-8
3,642,1367,16
3,641,1364,8
3,641,1360,8
3,641,1356,8
3,641,1350,16
3,642,1345,24
3,644,1342,0
3,646,1341,0
3,648,1340,0
3,650,1335,24
3,650,1332,-8
3,647,1333,8
3,645,1331,8
3,646,1326,16
3,650,1321,39
3,651,1313,0
3,652,1306,-24
3,653,1299,-24
3,651,1294,-24
3,650,1294,16
3,650,1292,32
3,650,1293,-16
3,649,1295,16
3,649,1297,16
3,649,1300,16
3,645,1301,-8
3,643,1301,0
3,641,1298,-16
3,638,1295,8
3,635,1295,16
3,633,1295,8
3,630,1298,0
3,627,1301,39
3,624,1302,-8
3,621,1302,-16
3,619,1302,0
3,615,1304,0
3,609,1308,0
3,604,1310,8
3,602,1313,39
3,601,1315,39
3,599,1322,48
3,593,1328,0
3,585,1333,-8
3,575,1339,-8
3,565,1343,-8
3,552,1349,-32
3,540,1355,-8
3,531,1360,8
3,524,1365,16
3,514,1368,-24
3,503,1371,-8
3,489,1374,32
3,478,1377,-8
3,469,1381,0
3,459,1384,-24
3,447,1384,8
3,436,1382,8
3,427,1378,8
3,419,1377,24
3,409,1377,8
3,403,1380,16
3,398,1385,0
3,392,1390,0
3,385,1395,-8
3,374,1398,-8
3,361,1403,0
3,351,1406,0
3,342,1408,-39
3,335,1410,-24
3,330,1411,-24
3,324,1411,-8
3,318,1412,-24
3,312,1412,-24
3,307,1410,-16
3,302,1408,-16
3,296,1406,-16
3,288,1405,8
3,280,1403,-8
3,272,1400,8
3,263,1397,8
3,255,1395,-16
3,246,1393,0
3,237,1392,24
3,231,1392,24
3,223,1392,56
3,218,1393,8
3,215,1393,-8
3,212,1393,8
3,209,1393,8
3,206,1394,8
3,204,1395,16
3,202,1395,-32
3,198,1395,-16
3,198,1397,-16
3,196,1397,0
3,195,1401,0
3,196,1402,8
3,198,1402,-16
3,199,1401,0
3,201,1401,-8
3,204,1399,0
3,208,1398,8
3,209,1397,-8
3,211,1397,-8
3,214,1396,16
3,214,1396,24
3,216,1397,24
3,220,1397,24
3,223,1396,16
3,229,1397,0
3,234,1397,16
3,239,1397,24
3,244,1398,8
3,248,1400,-8
3,250,1402,8
3,249,1404,8
3,250,1404,8
3,253,1402,-8
3,256,1404,0
3,260,1404,-24
3,263,1402,-16
3,263,1402,16
3,265,1402,48
3,264,1403,8
3,264,1405,8
3,266,1406,-8
3,269,1411,-24
3,271,1414,-8
3,272,1415,0
3,272,1416,-24
3,274,1417,-8
3,276,1416,-56
3,279,1415,-8
3,280,1416,24
3,282,1419,8
3,284,1423,16
3,284,1426,-16
3,284,1429,-8
3,283,1432,-8
3,283,1435,-24
3,283,1437,-24
3,285,1438,-16
3,286,1437,-16
3,287,1436,16
3,292,1434,16
3,296,1433,8
3,298,1433,24
3,297,1433,-8
3,296,1433,-24
3,296,1434,-16
3,297,1435,-8
3,298,1435,0
3,300,1435,-16
3,302,1433,-16
3,301,1432,24
3,299,1432,16
3,296,1432,0
3,296,1431,16
3,294,1432,8
3,291,1432,0
3,290,1433,-16
3,290,1433,-16
3,289,1433,0
3,287,1431,0
3,287,1429,-24
3,285,1428,8
3,282,1427,24
3,279,1429,16
3,277,1431,16
3,276,1431,16
3,273,1432,-8
3,272,1431,-24
3,271,1432,-8
3,269,1431,-8
3,268,1430,-24
3,268,1428,-8
3,271,1425,-24
3,273,1420,-8
3,274,1416,8
3,274,1415,8
3,274,1414,39
3,271,1416,-8
3,266,1418,8
3,261,1421,8
3,259,1423,-8
3,260,1424,-8
3,259,1424,-8
3,256,1424,8
3,255,1423,-8
3,254,1420,24
3,255,1418,16
3,256,1418,79
3,257,1419,16
3,256,1419,0
3,257,1417,-8
3,261,1414,-8
3,38,312,-8
3,48,307,-8
3,58,308,-8
3,67,308,-8
3,270,1411,8
3,272,1410,32
3,274,1410,8
3,276,1409,8
3,277,1409,-16
3,279,1408,-39
3,281,1405,-39
3,283,1403,-39
3,286,1399,-24
3,286,1394,-24
3,286,1393,16
3,283,1396,8
3,278,1402,8
3,278,1404,8
3,276,1404,-8
3,278,1400,-24
3,284,1391,-8
3,293,1378,-8
3,299,1370,39
3,298,1368,-16
3,295,1366,-16
3,290,1367,-16
3,290,1364,48
3,291,1360,48
3,290,1361,16
3,289,1362,8
3,285,1365,8
3,282,1367,8
3,281,1368,16
3,279,1370,-8
3,277,1372,-8
3,270,1385,39
3,270,1385,39
3,270,1385,39
3,269,1385,39
3,269,1385,39
3,269,1385,39
3,266,1388,-16
3,264,1391,0
3,260,1396,32
3,256,1401,24
3,252,1406,24
3,249,1413,16
3,248,1418,24
3,249,1419,0
3,250,1423,-8
3,251,1428,-8
3,252,1432,-8
3,253,1435,-8
3,253,1440,0
3,254,1444,8
3,254,1449,16
3,254,1455,16
3,254,1461,-8
3,254,1468,-8
3,253,1474,-8
3,292,1494,24
3,294,1498,0
3,295,1501,-39
3,295,1500,8
3,297,1498,-8
3,300,1494,0
3,302,1492,-8
3,306,1490,-16
3,311,1487,-24
3,316,1486,-16
3,320,1484,-16
3,326,1478,0
3,329,1475,-16
3,331,1473,-24
3,331,1470,-8
3,332,1469,-8
3,335,1465,-8
3,340,1461,-16
3,345,1456,-32
3,350,1449,0
3,354,1441,0
3,356,1437,-8
3,358,1433,-8
3,360,1430,-8
3,361,1427,-24
3,362,1423,-8
3,364,1419,-24
3,369,1413,-8
3,375,1407,-8
3,377,1402,16
3,376,1399,-8
3,377,1396,24
3,377,1392,16
3,379,1389,16
3,383,1384,8
3,386,1381,8
3,389,1379,16
3,393,1378,24
3,394,1379,-8
3,395,1379,-8
3,395,1378,-8
3,397,1377,8
3,398,1374,32
3,402,1373,48
3,407,1373,24
3,409,1375,0
3,409,1380,8
3,410,1381,0
3,411,1383,-16
3,415,1383,-8
3,420,1382,-8
3,420,1384,-8
3,421,1385,16
3,421,1385,32
3,422,1385,32
3,422,1386,-8
3,421,1388,0
3,420,1391,8
3,421,1392,0
3,423,1392,-8
3,426,1392,-16
3,429,1389,-32
3,430,1390,24
3,431,1390,8
3,433,1390,56
3,433,1391,8
3,433,1393,8
3,432,1396,8
3,431,1397,-8
3,430,1394,0
3,427,1394,-24
3,427,1395,-24
3,426,1393,-24
3,422,1392,0
3,420,1392,24
3,421,1391,56
3,421,1390,16
3,422,1389,16
3,421,1393,8
3,419,1397,8
3,416,1399,0
3,414,1401,-16
3,412,1403,-16
3,410,1407,0
3,408,1411,-8
3,407,1413,16
3,406,1414,8
3,406,1420,0
3,408,1423,8
3,408,1424,0
3,409,1424,8
3,410,1426,16
3,410,1428,-8
3,411,1427,0
3,411,1430,-8
3,412,1434,16
3,414,1436,0
3,417,1437,48
3,423,1438,-8
3,425,1438,8
3,428,1438,-16
3,432,1437,-8
3,438,1435,-24
3,441,1436,-16
3,445,1433,-32
3,448,1432,-8
3,454,1430,16
3,459,1428,16
3,464,1426,16
3,469,1422,-8
3,471,1420,-24
3,469,1422,-8
3,468,1423,-8
3,470,1422,-32
3,471,1420,-8
3,474,1418,24
3,477,1416,8
3,481,1413,24
3,482,1412,8
3,483,1407,8
3,484,1403,-8
3,487,1398,-16
3,489,1394,-24
3,491,1389,0
3,492,1384,-24
3,492,1382,16
3,491,1382,32
3,488,1383,16
3,487,1381,64
3,487,1383,24
3,490,1382,8
3,493,1380,-16
3,496,1378,-16
3,499,1375,-16
3,502,1371,-8
3,504,1368,-24
3,505,1364,-24
3,507,1360,-8
3,511,1355,32
3,513,1351,32
3,512,1352,-8
3,511,1351,-16
3,509,1351,-8
3,507,1351,-8
3,506,1350,-8
3,506,1349,-24
3,506,1348,-8
3,508,1344,-8
3,508,1343,24
3,508,1343,24
3,507,1345,8
3,506,1347,16
3,505,1348,0
3,505,1349,-16
3,505,1350,-8
3,507,1348,8
3,509,1345,8
3,510,1342,8
3,512,1339,8
3,512,1339,16
3,511,1340,16
3,511,1341,16
3,510,1342,16
3,510,1343,16
3,467,309,-8
3,465,311,-8
3,468,313,-8
3,510,1333,-24
3,509,1334,16
3,508,1337,8
3,505,1341,16
3,501,1344,8
3,498,1347,-8
3,497,1346,-8
3,496,1347,-8
3,496,1349,16
3,493,1351,-24
3,492,1351,-16
3,490,1351,16
3,487,1354,24
3,484,1355,0
3,485,1354,39
3,485,1354,8
3,486,1353,0
3,486,1354,0
3,483,1357,-8
3,482,1362,8
3,480,1367,8
3,479,1368,-8
3,480,1364,-8
3,482,1358,8
3,485,1354,32
3,489,1348,32
3,490,1349,-8
3,490,1351,-16
3,488,1353,-24
3,485,1357,-24
3,484,1358,-24
3,482,1356,-8
3,482,1354,16
3,481,1354,16
3,480,1353,8
3,477,1353,8
3,474,1356,8
3,469,1360,8
3,465,1364,8
3,461,1368,8
3,461,1366,-16
3,461,1364,-24
3,459,1362,-16
3,458,1360,8
3,459,1353,-16
3,461,1347,8
3,464,1342,32
3,465,1339,0
3,462,1339,-16
3,459,1341,-16
3,459,1339,-8
3,460,1333,-8
3,460,1327,-24
3,455,1316,-16
3,453,1311,-16
3,452,1305,16
3,449,1302,24
3,447,1300,39
3,445,1300,39
3,442,1301,0
3,438,1302,0
3,436,1303,16
3,434,1300,-8
3,431,1301,0
3,429,1302,-8
3,424,1306,39
3,419,1307,39
3,414,1308,39
3,409,1308,39
3,403,1314,16
3,398,1321,8
3,395,1327,8
3,395,1330,16
3,395,1333,32
3,395,1339,8
3,391,1346,16
3,388,1351,8
3,385,1357,8
3,383,1364,32
3,381,1370,8
3,382,1373,-24
3,383,1373,-16
3,383,1375,-16
3,383,1377,-8
3,383,1378,-32
3,380,1381,-8
3,377,1385,8
3,375,1386,-16
3,372,1386,8
3,367,1387,-8
3,362,1389,-16
3,359,1389,-24
3,359,1388,-32
3,356,1387,-32
3,353,1383,-16
3,349,1381,-16
3,344,1381,16
3,338,1377,-24
3,333,1372,8
3,328,1365,32
3,323,1360,16
3,316,1356,16
3,311,1354,-16
3,307,1350,-32
3,304,1347,0
3,301,1346,-32
3,293,1349,0
3,288,1351,24
3,283,1353,24
3,280,1351,24
3,279,1347,39
3,279,1346,16
3,279,1344,-24
3,281,1340,-16
3,283,1333,-16
3,284,1330,-32
3,284,1328,-32
3,285,1328,-32
3,285,1324,-32
3,287,1318,-16
3,289,1311,39
3,293,1306,48
3,299,1306,8
3,305,1306,-16
3,312,1305,0
3,317,1302,-16
3,321,1298,-16
3,325,1298,-16
3,329,1299,24
3,333,1302,39
3,337,1306,39
3,341,1310,39
3,345,1313,39
3,349,1317,39
3,356,1318,-24
3,364,1315,-8
3,370,1312,16
3,376,1313,-24
3,380,1314,-8
3,383,1317,32
3,385,1321,32
3,388,1324,24
3,394,1325,79
3,400,1326,64
3,404,1328,-32
3,408,1331,8
3,414,1332,-8
3,421,1331,-16
3,425,1331,48
3,430,1331,-24
3,433,1333,32
3,434,1336,32
3,434,1339,16
3,437,1340,72
3,440,1339,0
3,442,1340,8
3,443,1343,-24
3,442,1347,-8
3,440,1350,8
3,438,1353,-24
3,436,1355,-24
3,433,1358,24
3,431,1362,24
3,428,1366,16
3,425,1371,16
3,417,1377,0
3,410,1381,-16
3,407,1382,-8
3,406,1382,-8
3,405,1384,-24
3,403,1386,-24
3,399,1389,8
3,397,1388,-24
3,397,1387,24
3,397,1386,79
3,397,1388,72
3,393,1392,0
3,386,1397,8
3,382,1400,-8
3,378,1404,0
3,374,1407,8
3,369,1412,-16
3,365,1416,32
3,364,1419,-8
3,362,1423,16
3,362,1425,32
3,359,1427,-8
3,356,1430,-8
3,352,1435,-16
3,348,1438,-16
3,347,1441,-8
3,345,1442,-32
3,344,1443,-32
3,343,1441,-39
3,343,1439,-8
3,346,1436,32
3,349,1435,56
3,351,1435,-8
3,352,1435,-8
3,350,1437,-16
3,348,1440,0
3,346,1442,32
3,343,1442,-32
3,339,1440,-56
3,335,1439,24
3,333,1437,16
3,333,1434,48
3,334,1432,32
3,330,1432,-8
3,328,1432,0
3,324,1432,-16
3,322,1432,0
3,320,1431,-32
3,317,1430,-24
3,314,1428,-32
3,313,1426,8
3,310,1423,16
3,309,1421,24
3,305,1419,-8
3,304,1418,-16
3,305,1417,-8
3,307,1417,-8
3,308,1411,0
3,61,272,8
3,308,1403,-24
3,307,1398,-24
3,309,1392,-8
3,313,1388,39
3,314,1386,16
3,315,1382,-8
3,316,1377,-8
3,323,1363,0
3,326,1361,79
3,331,1355,0
3,335,1352,-16
3,339,1348,-16
3,343,1344,-16
3,347,1340,-16
3,350,1339,-8
3,349,1336,0
3,345,1333,0
3,342,1330,0
3,339,1327,0
3,330,1315,-32
3,331,1311,-16
3,330,1298,16
3,329,1298,16
3,328,1299,16
3,327,1300,16
3,327,1301,16
3,327,1301,-16
3,327,1302,16
3,319,1304,32
3,314,1305,32
3,313,1305,24
3,313,1308,32
3,316,1311,16
3,318,1318,-39
3,332,1349,32
3,333,1344,-16
3,332,1344,24
3,335,1348,24
3,339,1350,64
3,345,1352,64
3,341,1373,0
3,339,1380,-8
3,340,1383,-16
3,343,1384,-16
3,346,1385,-16
3,349,1386,16
3,353,1388,24
3,355,1392,0
3,356,1397,0
3,357,1397,-8
3,362,1396,-16
3,365,1396,-24
3,368,1396,-24
3,370,1396,-16
3,371,1396,-16
3,376,1393,-16
3,381,1389,16
3,387,1386,16
3,387,1385,-16
3,387,1386,-16
3,385,1386,-16
3,384,1385,-24
3,383,1383,-32
3,382,1381,-39
3,380,1378,-39
3,380,1373,-24
3,378,1369,8
3,377,1365,8
3,-263,255,8
3,-179,239,-8
3,359,1358,-8
3,353,1357,0
3,84,238,8
3,343,1355,-32
3,340,1354,-16
3,339,1351,-24
3,338,1347,-24
3,339,1342,24
3,338,1341,16
3,337,1341,16
3,336,1338,-32
3,335,1334,-8
3,335,1330,-8
3,334,1331,-8
3,330,1334,-8
3,324,1337,16
3,321,1337,-16
3,321,1337,24
3,323,1336,72
3,323,1337,16
3,324,1340,16
3,327,1340,-48
3,327,1341,-16
3,330,1341,-8
3,331,1342,-32
3,328,1344,-8
3,324,1347,32
3,322,1348,-16
3,320,1351,8
3,315,1355,8
3,311,1358,8
3,307,1362,-8
3,307,1363,-16
3,-639,312,8
3,311,1365,-16
3,307,1368,-16
3,305,1368,-16
3,302,1368,-16
3,297,1371,24
3,291,1375,16
3,283,1380,8
3,278,1387,0
3,277,1390,-16
3,278,1392,-16
3,280,1393,8
3,278,1395,-24
3,274,1397,-24
3,271,1395,-24
3,271,1394,-16
3,272,1393,-16
3,272,1392,-16
3,273,1391,-16
3,275,1388,-24
3,280,1382,-24
3,287,1375,-24
3,289,1372,-32
3,290,1371,-16
3,289,1372,-16
3,290,1369,-16
3,291,1363,-16
3,296,1360,8
3,301,1359,16
3,306,1360,16
3,312,1361,16
3,317,1361,16
3,325,1357,32
3,331,1355,-24
3,334,1354,8
3,339,1349,0
3,343,1345,16
3,350,1341,48
3,357,1338,39
3,362,1339,16
3,370,1338,-8
3,380,1335,16
3,390,1332,0
3,398,1329,16
3,402,1329,-16
3,403,1332,16
3,403,1338,24
3,402,1346,16
3,401,1353,16
3,399,1362,8
3,398,1367,0
3,401,1367,-39
3,405,1366,-24
3,408,1365,-24
3,408,1366,-32
3,408,1367,-24
3,405,1369,24
3,405,1370,8
3,406,1374,16
3,407,1376,72
3,408,1380,-39
3,410,1394,8
3,408,1402,-24
3,405,1405,-24
3,403,1408,-64
3,402,1409,-16
3,400,1412,24
3,402,1413,64
3,404,1414,72
3,406,1416,72
3,407,1417,-16
3,403,1420,16
3,402,1427,0
3,399,1431,-24
3,395,1437,-8
3,391,1441,39
3,389,1445,-8
3,390,1445,32
3,390,1447,8
3,390,1451,32
3,392,1453,0
3,394,1456,-24
3,393,1459,0
3,394,1461,16
3,391,1461,-8
3,385,1464,16
3,380,1466,-8
3,374,1471,24
3,368,1478,24
3,365,1481,56
3,360,1487,8
3,354,1493,-8
3,351,1496,-16
3,348,1500,-24
3,346,1500,32
3,342,1503,-16
3,337,1502,-16
3,332,1504,24
3,330,1506,24
3,328,1507,56
3,323,1509,8
3,323,1510,-24
3,323,1511,-8
3,326,1510,16
3,327,1512,-24
3,329,1514,-24
3,327,1518,0
3,325,1520,-24
3,329,1521,0
3,334,1519,39
3,338,1519,-8
3,341,1516,-32
3,344,1514,-39
3,348,1510,-39
3,351,1504,-8
3,354,1501,-39
3,356,1498,-39
3,357,1494,-24
3,357,1491,-24
3,359,1485,39
3,362,1480,39
3,363,1475,-8
3,364,1470,-56
3,367,1464,-32
3,370,1459,-39
3,369,1455,-48
3,367,1453,-24
3,362,1452,16
3,360,1448,-32
3,353,1445,8
3,345,1442,8
3,337,1439,8
3,332,1439,-8
3,332,1438,-16
3,332,1437,0
3,330,1437,-16
3,333,1436,8
3,335,1436,0
3,335,1436,32
3,335,1435,8
3,339,1432,56
3,343,1430,32
3,344,1427,-8
3,344,1427,-48
3,347,1424,-8
3,350,1425,32
3,351,1428,-16
3,350,1429,-16
3,351,1428,-24
3,351,1429,16
3,355,1428,8
3,356,1430,8
3,356,1432,8
3,356,1435,8
3,355,1438,8
3,355,1436,-8
3,355,1435,-24
3,356,1434,-24
3,358,1433,-24
3,358,1432,39
3,360,1431,24
3,363,1431,24
3,362,1434,8
3,361,1436,0
3,362,1439,-8
3,363,1441,-8
3,365,1441,-8
3,368,1439,-8
3,370,1438,-16
3,369,1437,16
3,368,1438,24
3,365,1439,24
3,364,1435,8
3,363,1434,16
3,364,1431,0
3,366,1430,-8
3,366,1431,0
3,369,1429,8
3,368,1430,-16
3,364,1431,-16
3,362,1431,-16
3,359,1432,8
3,357,1433,8
3,353,1433,0
3,347,1435,-16
3,337,1435,0
3,329,1435,-16
3,322,1435,-24
3,315,1436,-24
3,310,1436,-32
3,306,1434,-24
3,300,1433,8
3,295,1432,0
3,288,1432,0
3,280,1432,16
3,274,1432,-24
3,265,1431,-8
3,256,1429,-8
3,247,1428,8
3,239,1427,-8
3,230,1426,-24
3,222,1425,0
3,216,1425,-8
3,212,1424,-16
3,206,1423,-8
3,201,1422,-16
3,197,1420,-8
3,195,1420,16
3,192,1418,-24
3,190,1415,-16
3,188,1412,16
3,185,1408,-8
3,177,1404,16
3,172,1400,8
3,170,1398,16
3,169,1397,16
3,170,1396,0
3,167,1397,16
3,163,1398,16
3,160,1399,16
3,158,1401,8
3,156,1402,-24
3,152,1403,0
3,149,1402,8
3,146,1403,8
3,146,1404,8
3,146,1405,-8
3,145,1405,-16
3,143,1406,-8
3,143,1408,8
3,139,1409,0
3,135,1410,-16
3,132,1409,16
3,129,1407,16
3,128,1406,-8
3,127,1405,-8
3,126,1405,-8
3,126,1403,0
3,126,1402,-8
3,125,1401,0
3,123,1400,-16
3,122,1400,0
3,119,1400,8
3,115,1398,-16
3,114,1398,8
3,114,1398,0
3,117,1398,8
3,120,1399,0
3,122,1398,0
3,120,1400,-8
3,115,1401,0
3,109,1406,0
3,104,1411,16
3,103,1410,-32
3,103,1408,8
3,105,1407,16
3,110,1408,16
3,116,1409,8
3,119,1408,-72
3,118,1406,-16
3,120,1405,-16
3,123,1404,16
3,127,1404,-16
3,132,1403,-16
3,137,1403,-16
3,142,1402,16
3,149,1402,32
3,157,1402,16
3,161,1406,0
3,165,1409,-8
3,169,1409,8
3,175,1407,8
3,180,1404,8
3,187,1401,-16
3,195,1399,-16
3,202,1399,-8
3,211,1398,-16
3,223,1395,-16
3,235,1395,-8
3,247,1392,-32
3,259,1390,-32
3,267,1387,-32
3,274,1382,0
3,280,1376,-16
3,285,1369,-16
3,290,1362,-16
3,295,1356,-16
3,-319,259,8
3,-285,271,8
3,317,1326,16
3,327,1307,8
3,356,1259,8
3,376,1244,0
3,382,1238,0
3,384,1215,0
3,385,1187,0
3,387,1166,-48
3,390,1140,0
3,392,1121,-16
3,395,1103,-16
3,396,1080,0
3,397,1056,0
3,396,1029,0
3,394,1002,0
3,392,981,-48
3,388,979,-56
3,385,978,0
3,382,982,0
3,379,986,0
3,375,988,16
3,371,990,-16
3,368,997,24
3,366,1003,24
3,363,1012,24
3,363,1020,0
3,360,1030,8
3,354,1042,8
3,349,1055,0
3,346,1065,-8
3,347,1073,8
3,346,1079,0
3,344,1082,-24
3,342,1087,16
3,343,1093,39
3,344,1102,24
3,344,1113,0
3,345,1122,0
3,348,1126,24
3,352,1127,72
3,354,1131,-8
3,355,1133,-24
3,355,1138,32
3,355,1147,16
3,354,1157,16
3,357,1166,8
3,363,1170,-48
3,370,1172,-48
3,378,1173,-48
3,385,1174,24
3,392,1175,24
3,397,1180,8
3,399,1187,24
3,402,1197,8
3,403,1210,8
3,405,1222,8
3,407,1234,8
3,409,1245,8
3,410,1256,8
3,412,1266,8
3,413,1277,8
3,415,1286,8
3,416,1291,32
3,418,1294,39
3,420,1297,16
3,422,1300,16
3,424,1304,16
3,428,1303,-16
3,434,1300,-8
3,442,1299,0
3,450,1297,0
3,456,1296,24
3,459,1298,24
3,460,1300,24
3,461,1303,24
3,462,1306,24
3,462,1314,8
3,462,1323,8
3,466,1332,-8
3,472,1340,-8
3,478,1347,-8
3,483,1355,-8
3,488,1362,-8
3,491,1366,-8
3,492,1368,24
3,494,1365,32
3,498,1365,16
3,498,1365,-8
3,501,1364,-24
3,505,1361,-24
3,509,1359,-24
3,512,1357,-24
3,516,1355,-16
3,519,1353,-16
3,521,1351,-24
3,522,1351,16
3,522,1351,16
3,522,1352,16
3,521,1355,-8
3,521,1355,-16
3,522,1357,-16
3,522,1358,-16
3,523,1359,-16
3,524,1360,-16
3,523,1362,16
3,522,1360,-16
3,521,1356,-16
3,517,1358,8
3,513,1362,8
3,511,1363,-16
3,509,1363,-24
3,507,1361,-24
3,504,1358,-24
3,501,1357,-16
3,496,1356,-16
3,492,1354,-16
3,487,1355,16
3,482,1357,16
3,474,1363,8
3,465,1370,8
3,457,1376,8
3,454,1381,-8
3,450,1382,-24
3,446,1381,-24
3,446,1376,-8
3,446,1369,-8
3,444,1367,8
3,440,1367,8
3,439,1364,56
3,440,1361,-16
3,442,1358,-16
3,444,1355,-16
3,443,1355,-24
3,444,1352,16
3,445,1349,16
3,446,1347,16
3,445,1341,-16
3,444,1340,8
3,441,1341,8
3,441,1343,8
3,440,1344,-16
3,439,1344,-16
3,438,1345,-16
3,436,1345,-32
3,433,1344,-32
3,431,1344,-32
3,428,1344,-32
3,426,1344,-32
3,421,1348,0
3,415,1353,0
3,413,1354,-24
3,412,1354,-24
3,411,1353,-24
3,412,1353,-8
3,413,1353,-8
3,410,1358,0
3,406,1363,0
3,402,1369,0
3,401,1368,24
3,400,1366,24
3,400,1361,-8
3,403,1352,-48
3,405,1346,-24
3,409,1338,24
3,414,1329,24
3,416,1326,0
3,419,1323,-16
3,419,1320,8
3,418,1318,8
3,418,1319,24
3,419,1323,24
3,420,1328,16
3,421,1334,16
3,419,1335,8
3,417,1338,-8
3,414,1339,24
3,410,1339,24
3,406,1341,8
3,406,1345,24
3,408,1350,24
3,413,1355,32
3,422,1360,32
3,429,1363,-8
3,437,1364,16
3,443,1365,24
3,447,1368,-8
3,449,1375,8
3,451,1378,-16
3,453,1382,16
3,456,1386,16
3,461,1388,79
3,467,1389,79
3,473,1389,-24
3,479,1389,-24
3,486,1385,-8
3,491,1384,-32
3,495,1383,-8
3,498,1382,-32
3,501,1381,-32
3,503,1384,8
3,504,1392,8
3,506,1400,0
3,508,1403,-8
3,514,1406,-16
3,518,1406,-24
3,520,1406,-32
3,521,1404,-32
3,519,1406,32
3,515,1410,32
3,511,1414,32
3,507,1419,16
3,506,1423,8
3,508,1424,-32
3,511,1422,-16
3,513,1420,-16
3,514,1417,-8
3,511,1417,-16
3,506,1417,-24
3,497,1420,16
3,488,1422,16
3,478,1424,16
3,468,1429,48
3,457,1434,16
3,443,1439,-8
3,430,1445,-24
3,413,1450,-16
3,394,1454,-16
3,329,1470,-16
3,265,1478,-16
3,205,1479,-8
3,120,1489,8
3,85,1493,8
3,56,1503,-16
3,32,1513,-16
3,10,1523,-16
3,-17,1520,-39
3,-41,1512,-32
3,-61,1504,-24
3,-82,1493,-39
3,-100,1481,-48
3,-119,1467,-48
3,-133,1452,-56
3,-141,1434,-56
3,-146,1414,-56
3,-143,1398,-16
3,-136,1384,-16
3,-124,1370,32
3,-101,1364,24
3,-75,1358,-24
3,-41,1363,0
3,-4,1370,-16
3,20,1380,8
3,43,1394,8
3,70,1392,16
3,93,1386,24
3,116,1379,32
3,139,1369,32
3,159,1359,32
3,171,1374,-8
3,171,1376,-8
3,175,1378,-48
3,180,1378,-32
3,187,1377,-24
3,192,1377,8
3,195,1376,24
3,201,1374,-8
3,207,1373,24
3,215,1371,-16
3,224,1370,-32
3,231,1371,0
3,237,1370,-16
3,244,1367,-16
3,251,1364,-16
3,254,1362,16
3,254,1362,8
3,255,1360,-16
3,259,1357,-16
3,263,1351,-24
3,266,1348,32
3,267,1348,32
3,270,1348,64
3,274,1346,-16
3,274,1347,-8
3,275,1351,-8
3,278,1352,8
3,282,1349,16
3,287,1346,-16
3,292,1340,-56
3,295,1336,24
3,297,1338,24
3,300,1338,64
3,306,1335,0
3,310,1335,-16
3,313,1335,0
3,319,1332,32
3,323,1331,-16
3,325,1333,24
3,329,1331,-32
3,331,1330,16
3,334,1331,8
3,338,1334,0
3,345,1334,-48
3,352,1334,-16
3,359,1332,-16
3,366,1330,0
3,372,1328,-24
3,376,1324,-24
3,378,1322,32
3,382,1318,8
3,387,1313,56
3,393,1309,72
3,399,1306,-32
3,404,1304,-16
3,409,1305,0
3,416,1303,32
3,424,1301,32
3,-43,332,8
3,428,1310,16
3,426,1320,16
3,19,383,48
3,38,415,48
3,56,443,-8
3,417,1349,-8
3,419,1351,8
3,423,1353,8
3,427,1353,8
3,429,1353,-39
3,430,1354,0
3,428,1355,16
3,425,1355,48
3,424,1357,56
3,422,1360,-8
3,419,1364,-8
3,412,1368,-8
3,406,1373,-16
3,397,1378,-24
3,390,1381,-24
3,383,1381,-24
3,378,1381,-24
3,374,1379,16
3,366,1378,8
3,360,1377,-24
3,356,1374,-24
3,353,1372,-16
3,351,1373,24
3,346,1375,-16
3,336,1378,8
3,328,1379,0
3,323,1381,24
3,318,1382,39
3,313,1384,32
3,307,1387,-16
3,300,1390,16
3,290,1394,-8
3,281,1396,8
3,270,1398,-32
3,259,1399,-32
3,252,1399,16
3,248,1400,32
3,244,1401,0
3,239,1400,-32
3,233,1399,8
3,228,1398,24
3,223,1397,8
3,221,1398,8
3,219,1395,-24
3,217,1390,24
3,219,1385,32
3,222,1382,-24
3,227,1381,-32
3,141,340,8
3,149,335,-16
3,224,1391,24
3,223,1398,24
3,230,1397,16
3,239,1395,0
3,249,1386,0
3,259,1379,32
3,289,1353,32
3,293,1350,-24
3,295,1348,-32
3,300,1349,16
3,309,1351,39
3,315,1356,8
3,322,1362,8
3,326,1362,-32
3,330,1361,-8
3,333,1357,16
3,335,1356,-32
3,335,1355,-32
3,333,1350,-24
3,332,1348,0
3,331,1345,48
3,332,1344,48
3,332,1346,0
3,329,1349,0
3,328,1349,-24
3,326,1349,-8
3,324,1349,-8
3,320,1351,-16
3,314,1355,-8
3,306,1359,32
3,300,1361,16
3,297,1363,64
3,293,1365,64
3,289,1369,0
3,280,1373,8
3,270,1380,-8
3,261,1386,-16
3,252,1391,8
3,248,1395,0
3,242,1401,24
3,236,1405,16
3,230,1411,32
3,223,1419,16
3,221,1425,24
3,219,1426,8
3,216,1429,8
3,214,1434,0
3,212,1442,8
3,210,1449,8
3,202,1473,-8
3,196,1477,-24
3,187,1478,-39
3,179,1481,-32
3,176,1483,-16
3,197,1481,16
3,203,1485,8
3,205,1487,-56
3,204,1486,-24
3,206,1485,-16
3,203,1485,16
3,203,1483,-16
3,205,1480,-48
3,206,1477,-32
3,206,1476,16
3,209,1475,8
3,213,1475,0
3,217,1475,-8
3,217,1473,-24
3,215,1471,-24
3,211,1467,-16
3,206,1462,-8
3,205,1459,8
3,203,1454,-32
3,202,1451,24
3,203,1449,8
3,201,1448,48
3,198,1447,48
3,191,1443,-24
3,187,1443,0
3,180,1439,0
3,176,1437,-24
3,172,1438,0
3,169,1436,-8
3,166,1434,-8
3,164,1433,24
3,162,1431,39
3,161,1430,48
3,160,1428,-16
3,161,1430,-8
3,159,1431,-16
3,158,1433,-24
3,157,1432,8
3,155,1432,-16
3,155,1429,-16
3,156,1426,-8
3,159,1425,8
3,162,1425,48
3,166,1427,24
3,179,1439,-24
3,178,1437,32
3,179,1435,-32
3,186,1433,-16
3,193,1431,-16
3,200,1427,-16
3,209,1424,8
3,216,1422,39
3,225,1423,8
3,233,1422,-8
3,241,1422,0
3,246,1422,8
3,246,1422,32
3,250,1422,-24
3,256,1421,-24
3,263,1419,-24
3,269,1418,-24
3,277,1419,16
3,282,1420,39
3,284,1424,-16
3,299,1428,-24
3,314,1423,-16
3,316,1423,8
3,317,1423,32
3,322,1424,16
3,327,1425,0
3,332,1424,-24
3,336,1424,-24
3,337,1423,16
3,340,1423,-32
3,342,1420,-16
3,348,1419,16
3,351,1416,-8
3,353,1412,24
3,355,1411,32
3,361,1410,0
3,367,1409,-16
3,368,1407,-24
3,367,1405,-16
3,367,1402,-16
3,369,1396,-8
3,373,1392,8
3,377,1388,-16
3,377,1383,16
3,380,1378,-8
3,384,1375,-16
3,389,1373,-16
3,392,1372,-8
3,394,1370,-24
3,393,1368,-16
3,392,1366,-32
3,390,1363,-32
3,388,1360,-48
3,386,1358,-24
3,381,1356,8
3,380,1352,0
3,382,1349,8
3,382,1346,-39
3,377,1342,-24
3,374,1338,-24
3,375,1334,-32
3,373,1332,0
3,373,1328,-8
3,372,1320,8
3,371,1312,32
3,371,1308,16
3,372,1307,24
3,370,1305,-32
3,368,1304,-32
3,365,1303,0
3,363,1301,39
3,360,1300,39
3,357,1299,39
3,573,309,-8
3,360,1288,8
3,364,1284,48
3,366,1282,48
3,368,1281,48
3,370,1285,24
3,371,1290,8
3,372,1297,8
3,371,1300,72
3,370,1302,72
3,369,1304,72
3,372,1309,8
3,375,1316,8
3,378,1319,48
3,382,1326,24
3,385,1333,24
3,389,1341,24
3,392,1347,24
3,395,1354,24
3,398,1359,32
3,401,1363,32
3,403,1366,32
3,405,1370,32
3,407,1373,32
3,410,1377,32
3,412,1380,32
3,408,1382,-48
3,407,1385,-16
3,406,1388,16
3,407,1391,48
3,409,1394,-16
3,410,1395,-48
3,413,1395,-48
3,415,1395,32
3,416,1397,39
3,418,1400,39
3,419,1402,39
3,423,1408,-24
3,424,1411,16
3,427,1415,-24
3,429,1417,-16
3,430,1417,-24
3,431,1416,-8
3,431,1415,24
3,434,1417,16
3,435,1418,-16
3,436,1421,-32
3,436,1425,-16
3,433,1425,8
3,431,1426,24
3,429,1427,24
3,428,1428,24
3,427,1426,-16
3,425,1425,16
3,423,1424,39
3,422,1426,24
3,419,1427,-32
3,414,1428,-32
3,411,1430,-8
3,406,1431,32
3,403,1431,8
3,401,1431,8
3,397,1429,-8
3,395,1428,8
3,393,1428,32
3,391,1430,39
3,389,1432,32
3,391,1438,-79
3,390,1442,-24
3,387,1446,8
3,386,1452,-24
3,386,1459,-32
3,387,1462,-16
3,387,1462,-24
3,388,1460,-8
3,388,1459,24
3,389,1463,8
3,389,1466,-16
3,386,1467,-32
3,383,1468,-16
3,384,1471,-24
3,388,1473,-39
3,389,1473,-8
3,390,1470,-16
3,390,1468,-16
3,390,1466,0
3,389,1464,24
3,390,1465,16
3,390,1465,-39
3,388,1466,-32
3,383,1464,16
3,380,1464,-24
3,378,1462,8
3,378,1462,-16
3,382,1462,8
3,386,1462,16
3,389,1463,8
3,391,1462,32
3,394,1463,16
3,394,1462,-56
3,392,1461,-8
3,389,1459,8
3,385,1457,8
3,381,1455,8
3,380,1455,-8
3,382,1454,0
3,384,1454,24
3,387,1456,0
3,388,1460,48
3,391,1463,-8
3,394,1465,8
3,395,1463,-8
3,398,1462,-8
3,400,1464,24
3,402,1464,0
3,404,1465,-16
3,407,1463,-16
3,410,1462,-16
3,412,1462,8
3,413,1462,16
3,415,1461,-16
3,417,1460,-32
3,419,1458,0
3,422,1460,24
3,425,1460,0
3,426,1459,0
3,427,1459,8
3,429,1458,8
3,427,1458,8
3,428,1461,24
3,428,1463,-16
3,429,1464,-8
3,430,1461,-16
3,432,1458,-16
3,430,1457,-8
3,425,1458,0
3,421,1457,-39
3,421,1455,-16
3,419,1452,16
3,417,1449,0
3,415,1447,-8
3,414,1445,-16
3,414,1440,-32
3,415,1436,-8
3,415,1431,0
3,413,1426,-24
3,409,1421,-32
3,403,1419,16
3,395,1416,16
3,389,1412,48
3,382,1410,8
3,377,1407,-56
3,375,1403,-32
3,372,1399,-16
3,370,1393,8
3,366,1389,-24
3,361,1386,-8
3,354,1382,-24
3,345,1381,16
3,339,1380,39
3,334,1381,24
3,332,1380,-48
3,329,1381,-8
3,323,1384,-16
3,319,1386,-32
3,315,1386,-32
3,314,1385,-8
3,313,1380,-24
3,312,1372,-32
3,310,1366,0
3,311,1359,64
3,314,1352,-16
3,316,1350,-8
3,320,1344,-16
3,324,1338,8
3,328,1330,8
3,331,1323,8
3,332,1316,-32
3,333,1313,16
3,335,1310,0
3,337,1304,39
3,339,1302,16
3,344,1299,-56
3,350,1294,-48
3,355,1288,0
3,363,1279,8
3,368,1271,-32
3,372,1264,-8
3,373,1256,-16
3,374,1248,0
3,377,1241,48
3,380,1236,56
3,385,1229,-48
3,390,1227,-8
3,393,1226,-16
3,398,1222,0
3,402,1216,56
3,403,1212,32
3,403,1208,-8
3,402,1203,-24
3,400,1195,0
3,402,1189,56
3,406,1189,0
3,411,1190,-8
3,415,1193,0
3,421,1194,0
3,426,1196,-24
3,430,1194,24
3,434,1192,-16
3,437,1189,-32
3,439,1190,16
3,441,1193,8
3,443,1195,48
3,445,1196,-32
3,448,1199,0
3,452,1199,-16
3,455,1200,24
3,459,1198,56
3,461,1198,-8
3,463,1200,24
3,465,1199,-39
3,467,1199,24
3,470,1198,64
3,473,1201,16
3,476,1206,0
3,478,1212,0
3,482,1216,0
3,488,1216,24
3,495,1212,0
3,499,1211,-16
3,502,1210,-8
3,505,1213,24
3,508,1214,48
3,512,1216,64
3,517,1218,-24
3,525,1217,-32
3,531,1219,-16
3,536,1221,24
3,540,1222,8
3,542,1224,-16
3,541,1230,24
3,538,1236,0
3,539,1238,39
3,541,1240,48
3,542,1245,8
3,544,1251,-48
3,548,1253,0
3,554,1253,0
3,561,1252,8
3,565,1253,-32
3,567,1254,-16
3,569,1255,-8
3,570,1257,0
3,573,1259,56
3,577,1259,24
3,582,1257,-39
3,587,1254,-32
3,590,1255,-16
3,594,1254,8
3,595,1257,-24
3,595,1258,-8
3,595,1258,-56
3,596,1260,8
3,597,1264,8
3,598,1265,79
3,599,1268,8
3,602,1267,-32
3,604,1267,0
3,608,1266,0
3,612,1263,8
3,614,1264,-8
3,615,1267,24
3,616,1271,32
3,617,1274,39
3,618,1274,48
3,620,1275,39
3,622,1274,-39
3,624,1277,-8
3,627,1278,0
3,630,1278,24
3,633,1277,39
3,634,1277,-8
3,635,1276,-16
3,634,1276,24
3,636,1276,64
3,638,1277,64
3,639,1281,0
3,638,1285,-8
3,640,1285,8
3,642,1284,8
3,641,1285,-8
3,638,1291,-8
3,636,1295,-32
3,634,1302,24
3,631,1306,8
3,629,1309,24
3,627,1308,-8
3,626,1307,-56
3,626,1302,-24
3,625,1297,-16
3,621,1297,-48
3,616,1299,-24
3,609,1303,16
3,602,1308,16
3,595,1311,8
3,588,1313,24
3,583,1317,0
3,577,1320,-8
3,573,1322,-32
3,571,1319,-16
3,569,1316,16
3,566,1309,8
3,562,1304,-8
3,557,1301,-24
3,551,1301,16
3,545,1298,32
3,540,1296,56
3,533,1297,-8
3,530,1296,-24
3,528,1297,0
3,527,1297,0
3,518,1266,32
3,493,1165,0
3,441,1019,-32
3,396,1029,24
3,381,1061,24
3,367,1100,0
3,356,1007,8
3,352,942,-8
3,347,816,0
3,346,736,16
3,335,636,0
3,324,577,0
3,326,524,0
3,329,496,32
3,321,616,32
3,306,768,32
3,303,795,0
3,301,771,-16
3,306,762,-8
3,307,786,-24
3,311,802,39
3,315,823,-8
3,319,849,0
3,320,875,16
3,330,937,8
3,341,980,39
3,346,997,0
3,352,1010,-56
3,360,1018,-16
3,369,1027,-8
3,373,1036,-56
3,375,1046,-32
3,376,1056,-8
3,378,1067,24
3,380,1074,-16
3,383,1082,24
3,386,1089,39
3,390,1097,-24
3,391,1105,-8
3,393,1112,-32
3,396,1118,-32
3,397,1125,-24
3,399,1130,8
3,397,1107,0
3,393,1040,0
3,389,999,24
3,390,1029,16
3,391,1043,8
3,395,1054,-48
3,408,1087,-8
3,418,1116,-24
3,425,1137,0
3,430,1148,0
3,427,1123,0
3,423,1098,-39
3,425,1096,8
3,428,1100,56
3,433,1106,48
3,438,1113,-32
3,444,1119,0
3,446,1109,-8
3,448,1100,16
3,451,1102,16
3,455,1111,8
3,458,1118,-32
3,461,1120,8
3,464,1123,56
3,467,1121,0
3,470,1121,0
3,476,1125,-39
3,481,1129,-16
3,487,1133,0
3,489,1141,-32
3,491,1149,-24
3,491,1155,-8
3,492,1162,24
3,494,1170,16
3,498,1177,8
3,502,1182,72
3,508,1184,-24
3,515,1184,-16
3,521,1185,-8
3,528,1185,8
3,535,1185,24
3,541,1188,-8
3,546,1192,16
3,552,1195,16
3,559,1197,32
3,564,1201,0
3,568,1208,-8
3,570,1215,0
3,571,1225,-8
3,572,1230,-8
3,575,1229,-24
3,577,1229,-16
3,579,1229,16
3,581,1230,16
3,581,1231,8
3,581,1229,-24
3,582,1230,-56
3,586,1233,-16
3,589,1233,0
3,592,1231,0
3,597,1228,-16
3,602,1222,-8
3,607,1214,-16
3,611,1210,16
3,615,1207,39
3,618,1209,16
3,619,1212,-8
3,621,1213,-8
3,623,1216,-16
3,625,1218,-24
3,627,1220,-16
3,629,1219,8
3,619,1189,0
3,583,1110,-24
3,553,1029,0
3,497,908,24
3,470,793,-8
3,453,693,0
3,447,636,-39
3,431,559,0
3,419,527,-39
3,429,620,-39
3,440,731,-8
3,448,774,-32
3,456,812,-16
3,464,839,16
3,471,861,39
3,479,879,-16
3,481,902,0
3,485,920,-8
3,488,923,8
3,498,932,32
3,497,947,16
3,496,955,39
3,495,959,8
3,495,961,48
3,495,966,8
3,494,973,8
3,495,977,-16
3,497,978,0
3,501,978,8
3,503,979,0
3,503,983,8
3,501,992,32
3,498,1002,32
3,496,1009,56
3,494,1016,48
3,490,1025,16
3,489,1034,-16
3,488,1043,8
3,489,1049,24
3,488,1057,-8
3,487,1066,0
3,484,1073,0
3,481,1082,39
3,480,1091,72
3,479,1100,72
3,477,1112,8
3,475,1123,0
3,477,1131,8
3,477,1136,0
3,476,1141,-8
3,476,1147,-24
3,476,1153,-56
3,474,1164,39
3,473,1177,24
3,474,1187,56
3,477,1196,8
3,480,1203,-39
3,482,1212,-8
3,482,1223,-24
3,484,1230,16
3,484,1237,-32
3,483,1242,-24
3,483,1243,-24
3,483,1247,24
3,482,1251,32
3,482,1256,39
3,482,1259,-32
3,481,1264,-39
3,480,1270,-32
3,475,1276,-39
3,472,1281,16
3,466,1285,-16
3,460,1287,-32
3,455,1287,-16
3,448,1292,8
3,442,1295,56
3,437,1299,0
3,430,1305,-8
3,425,1311,-16
3,419,1316,-32
3,415,1320,-32
3,412,1322,-16
3,408,1324,32
3,405,1322,-16
3,403,1321,24
3,402,1325,24
3,404,1328,32
3,408,1328,-24
3,411,1328,0
3,416,1326,16
3,424,1324,32
3,429,1323,8
3,432,1322,-8
3,435,1324,0
3,437,1325,24
3,440,1327,48
3,441,1333,16
3,443,1337,-8
3,445,1341,0
3,449,1343,-8
3,455,1344,0
3,459,1345,-24
3,461,1347,-16
3,462,1349,-16
3,463,1356,8
3,466,1363,8
3,467,1370,8
3,468,1376,8
3,469,1381,0
3,471,1383,-8
3,478,1380,-16
3,485,1378,-8
3,490,1377,-16
3,491,1378,-8
3,493,1380,-16
3,498,1385,0
3,504,1387,39
3,507,1389,0
3,510,1393,-8
3,514,1393,-24
3,519,1391,-24
3,521,1390,-24
3,522,1390,-24
3,521,1388,-32
3,521,1386,-24
3,522,1383,-8
3,524,1379,32
3,524,1379,8
3,524,1378,-8
3,525,1376,-16
3,525,1376,-8
3,526,1375,-16
3,526,1374,24
3,527,1372,-8
3,525,1371,-16
3,523,1373,24
3,519,1375,16
3,517,1376,48
3,516,1375,8
3,515,1377,-24
3,513,1381,0
3,511,1384,0
3,511,1385,8
3,510,1384,-24
3,509,1382,-8
3,506,1384,16
3,503,1387,16
3,502,1389,56
3,501,1393,0
3,501,1394,-16
3,503,1395,-8
3,505,1395,8
3,505,1398,-8
3,506,1397,-32
3,508,1396,-16
3,509,1397,16
3,513,1398,88
3,517,1401,8
3,520,1403,-8
3,524,1408,0
3,528,1413,-8
3,533,1413,8
3,538,1412,-24
3,543,1409,-16
3,547,1407,8
3,552,1405,39
3,557,1407,0
3,562,1411,-8
3,566,1411,-16
3,573,1408,-24
3,582,1404,-16
3,587,1401,-39
3,589,1398,-32
3,589,1396,-24
3,587,1397,24
3,584,1398,8
3,583,1397,39
3,581,1398,-8
3,581,1397,-24
3,581,1394,-8
3,581,1392,-16
3,580,1389,-16
3,576,1389,-32
3,569,1391,8
3,563,1391,-8
3,556,1394,16
3,551,1396,64
3,547,1398,16
3,544,1398,-8
3,541,1400,-8
3,537,1404,-8
3,532,1407,-24
3,528,1408,-16
3,525,1407,-39
3,522,1406,-8
3,520,1405,16
3,519,1404,16
3,518,1404,24
3,516,1401,-8
3,513,1400,-16
3,512,1398,-24
3,512,1395,-39
3,511,1393,-16
3,507,1393,-8
3,499,1395,24
3,492,1396,24
3,488,1397,56
3,482,1396,56
3,473,1398,16
3,466,1400,-8
3,460,1402,-8
3,457,1401,-8
3,454,1400,0
3,451,1399,-24
3,445,1401,16
3,438,1403,0
3,430,1409,0
3,421,1415,0
3,414,1420,8
3,410,1421,-32
3,405,1425,0
3,402,1424,24
3,397,1425,-8
3,394,1424,-8
3,388,1426,24
3,382,1430,8
3,375,1433,-8
3,369,1438,-8
3,364,1440,-16
3,362,1439,-56
3,359,1437,-16
3,357,1435,0
3,353,1435,-32
3,349,1436,-8
3,343,1438,24
3,340,1437,-8
3,338,1435,24
3,338,1433,32
3,337,1434,0
3,334,1435,-8
3,332,1437,-8
3,333,1436,0
3,336,1432,0
3,338,1429,-16
3,340,1426,-8
3,342,1422,24
3,343,1419,32
3,344,1418,39
3,342,1419,-24
3,341,1418,-8
3,341,1418,0
3,341,1420,0
3,339,1422,8
3,337,1424,0
3,336,1423,-8
3,330,1423,24
3,325,1423,39
3,322,1422,39
3,319,1419,0
3,316,1419,-24
3,313,1419,-16
3,310,1420,0
3,308,1418,-8
3,302,1418,16
3,293,1421,16
3,285,1425,0
3,281,1427,24
3,281,1427,32
3,283,1425,-24
3,281,1425,-16
3,275,1424,-16
3,269,1424,-16
3,267,1422,-8
3,267,1419,-16
3,267,1415,-8
3,267,1412,8
3,269,1411,16
3,274,1410,48
3,279,1409,-16
3,284,1408,-39
3,288,1410,-32
3,292,1409,0
3,296,1409,-8
3,299,1407,-16
3,303,1403,0
3,302,1402,-8
3,305,1399,8
3,307,1397,-8
3,307,1395,-16
3,305,1395,-16
3,304,1398,-8
3,302,1405,8
3,302,1409,0
3,305,1409,16
3,308,1406,24
3,312,1404,16
3,318,1400,48
3,323,1397,8
3,332,1391,0
3,342,1383,16
3,351,1377,24
3,356,1375,-8
3,358,1374,8
3,358,1376,32
3,360,1375,-8
3,359,1377,8
3,359,1380,8
3,362,1384,-8
3,365,1386,-8
3,370,1385,-32
3,377,1382,-32
3,385,1379,-16
3,393,1372,0
3,398,1368,16
3,403,1366,0
3,408,1366,24
3,410,1369,16
3,412,1371,8
3,416,1371,-32
3,419,1372,0
3,421,1374,-8
3,423,1374,-8
3,423,1374,-16
3,421,1374,-64
3,419,1373,-24
3,417,1370,16
3,416,1368,48
3,413,1367,8
3,409,1368,-16
3,404,1370,-8
3,401,1370,-24
3,397,1371,-39
3,391,1372,-39
3,384,1371,8
3,380,1340,8
3,370,1247,-16
3,357,1239,8
3,355,1241,39
3,352,1246,0
3,353,1249,-64
3,350,1255,-24
3,346,1260,-16
3,345,1264,8
3,345,1261,0
3,346,1232,0
3,347,1202,-16
3,351,1177,0
3,354,1153,39
3,343,1157,24
3,329,1181,-16
3,286,1238,24
3,239,1293,16
3,214,1329,48
3,203,1353,8
3,180,1377,8
3,150,1401,8
3,132,1413,0
3,115,1430,0
3,102,1446,8
3,100,1453,16
3,107,1450,16
3,127,1442,56
3,132,1442,0
3,139,1441,-32
3,147,1445,0
3,169,1448,16
3,182,1451,-16
3,184,1453,-8
3,189,1451,-48
3,191,1452,-8
3,195,1450,8
3,202,1446,16
3,208,1443,-8
3,215,1440,-48
3,223,1434,-24
3,232,1426,8
3,238,1420,-8
3,243,1416,-8
3,246,1416,16
3,251,1413,0
3,257,1409,24
3,264,1405,24
3,268,1401,-16
3,272,1398,-8
3,276,1397,16
3,282,1394,24
3,285,1394,8
3,289,1392,-32
3,292,1392,16
3,295,1392,39
3,298,1393,8
3,302,1391,8
3,308,1387,-8
3,313,1387,0
3,317,1386,32
3,318,1386,0
3,317,1390,8
3,317,1391,-8
3,319,1393,32
3,321,1394,24
3,325,1393,-24
3,324,1392,-8
3,326,1389,8
3,325,1388,-16
3,323,1389,-8
3,319,1388,-24
3,316,1388,-24
3,312,1388,-8
3,306,1387,0
3,297,1385,-64
3,290,1382,-16
3,285,1379,-24
3,280,1375,-16
3,278,1372,8
3,275,1366,-48
3,270,1357,-32
3,269,1350,-16
3,268,1348,8
3,270,1344,-39
3,276,1333,-8
3,284,1325,32
3,291,1321,39
3,299,1318,39
3,306,1316,24
3,313,1316,16
3,320,1315,32
3,327,1316,39
3,332,1317,0
3,332,1319,8
3,333,1320,16
3,336,1322,32
3,338,1325,8
3,343,1331,0
3,348,1334,0
3,352,1340,-24
3,353,1347,-32
3,356,1352,-24
3,359,1356,-32
3,361,1359,-24
3,363,1358,-8
3,364,1355,0
3,360,1353,-8
3,356,1349,32
3,352,1347,16
3,346,1349,16
3,338,1352,-8
3,327,1357,-16
3,316,1360,-8
3,305,1364,-16
3,295,1367,0
3,284,1367,-39
3,278,1365,8
3,274,1362,8
3,275,1359,16
3,279,1360,16
3,287,1362,8
3,295,1360,-16
3,304,1357,-24
3,311,1351,-24
3,318,1344,-32
3,325,1337,-39
