3,-17,1438,0
3,-11,1441,0
3,-6,1444,0
3,-1,1447,0
3,2,1447,-8
3,7,1448,-16
3,8,1448,-24
3,10,1447,-24
3,13,1446,0
3,13,1446,-16
3,13,1444,-24
3,15,1443,-8
3,18,1441,8
3,18,1440,16
3,22,1439,-8
3,27,1438,-8
3,30,1438,24
3,31,1438,16
3,33,1438,-16
3,34,1438,0
3,35,1438,16
3,38,1438,16
3,41,1438,-16
3,43,1437,8
3,46,1436,8
3,49,1437,8
3,54,1437,-16
3,59,1437,16
3,64,1438,24
3,69,1438,8
3,74,1440,16
3,78,1442,8
3,82,1443,0
3,87,1444,32
3,93,1445,8
3,97,1445,0
3,100,1444,0
3,105,1445,32
3,111,1448,-8
3,116,1451,-16
3,121,1453,8
3,125,1455,0
3,130,1456,-8
3,135,1457,-24
3,137,1458,-8
3,140,1459,-8
3,145,1457,-8
3,150,1456,-24
3,156,1456,0
3,160,1457,0
3,163,1459,-8
3,165,1460,-32
3,165,1461,-8
3,163,1462,0
3,160,1463,0
3,160,1462,-24
3,161,1461,-16
3,162,1460,0
3,165,1459,-24
3,169,1456,0
3,170,1454,-16
3,171,1451,0
3,172,1449,-8
3,175,1446,-24
3,178,1444,-16
3,181,1441,8
3,183,1439,8
3,186,1435,-16
3,188,1431,-16
3,190,1429,0
3,191,1427,8
3,192,1424,8
3,193,1422,-39
3,194,1418,-16
3,194,1415,8
3,196,1412,24
3,196,1409,32
3,197,1408,16
3,198,1406,0
3,201,1405,16
3,202,1404,32
3,203,1404,39
3,203,1403,16
3,204,1403,32
3,206,1402,8
3,208,1402,24
3,210,1403,16
3,213,1403,16
3,214,1404,-24
3,216,1405,0
3,217,1406,16
3,218,1407,39
3,219,1409,8
3,218,1411,-8
3,219,1412,-32
3,220,1413,0
3,222,1413,16
3,224,1414,32
3,226,1414,-16
3,227,1415,-8
3,231,1413,-8
3,233,1412,8
3,235,1412,8
3,237,1411,-8
3,239,1409,-48
3,239,1408,-16
3,240,1406,-8
3,241,1403,-24
3,242,1400,-8
3,244,1396,8
3,244,1393,0
3,244,1390,-8
3,245,1387,-8
3,245,1385,-16
3,246,1383,16
3,247,1381,0
3,249,1379,24
3,249,1377,0
3,250,1375,-24
3,251,1373,-8
3,252,1371,16
3,253,1370,32
3,252,1370,-8
3,252,1369,-8
3,252,1369,8
3,252,1368,32
3,252,1368,8
3,253,1368,-24
3,255,1367,-8
3,256,1366,8
3,257,1366,24
3,257,1366,16
3,256,1367,8
3,255,1368,8
3,258,1370,24
3,260,1372,8
3,260,1373,0
3,261,1374,16
3,263,1375,8
3,264,1376,16
3,265,1377,0
3,266,1378,8
3,265,1379,16
3,262,1381,16
3,259,1383,24
3,259,1385,-8
3,256,1387,0
3,254,1389,-8
3,252,1392,16
3,247,1396,8
3,244,1400,0
3,244,1403,-24
3,243,1405,0
3,242,1408,0
3,240,1410,16
3,239,1412,-24
3,239,1414,-24
3,240,1416,0
3,239,1418,0
3,238,1420,-16
3,237,1422,-32
3,234,1423,-8
3,234,1423,8
3,234,1424,16
3,234,1425,-8
3,235,1427,-32
3,235,1427,-8
3,234,1427,-8
3,234,1427,16
3,233,1426,-8
3,233,1425,-32
3,232,1424,-8
3,233,1422,8
3,233,1421,0
3,235,1418,-24
3,237,1416,0
3,236,1414,8
3,235,1413,0
3,233,1412,0
3,230,1410,0
3,232,1407,-8
3,232,1403,0
3,232,1401,24
3,233,1398,-8
3,233,1395,-16
3,233,1393,0
3,232,1391,16
3,229,1390,8
3,226,1388,16
3,223,1386,-8
3,221,1384,16
3,219,1383,39
3,220,1379,8
3,220,1377,-32
3,221,1377,0
3,223,1376,24
3,223,1376,-8
3,223,1375,8
3,223,1374,16
3,223,1374,0
3,224,1375,32
3,222,1376,8
3,222,1377,-8
3,223,1378,8
3,224,1379,16
3,226,1381,24
3,225,1382,-8
3,224,1382,-16
3,225,1382,0
3,225,1383,16
3,225,1385,16
3,224,1387,8
3,223,1388,0
3,222,1389,24
3,220,1391,32
3,220,1392,16
3,221,1393,-16
3,221,1392,8
3,221,1393,24
3,225,1394,0
3,228,1395,16
3,231,1396,8
3,234,1397,-8
3,233,1399,16
3,233,1400,-8
3,234,1401,-32
3,235,1402,0
3,236,1402,-16
3,234,1404,8
3,234,1405,16
3,235,1405,8
3,238,1405,-8
3,241,1404,-8
3,243,1403,0
3,241,1404,-8
3,239,1405,16
3,236,1406,24
3,235,1407,0
3,233,1409,0
3,231,1411,-24
3,229,1414,24
3,226,1417,39
3,225,1420,8
3,224,1423,-24
3,224,1426,0
3,223,1430,24
3,222,1434,39
3,223,1438,0
3,221,1442,-24
3,220,1445,0
3,219,1450,16
3,220,1455,8
3,226,1459,0
3,229,1463,0
3,230,1466,16
3,231,1470,24
3,230,1473,8
3,231,1475,-24
3,231,1478,-16
3,232,1481,8
3,232,1483,-24
3,233,1484,-8
3,233,1485,-16
3,234,1484,-24
3,235,1483,0
3,234,1483,8
3,234,1483,0
3,233,1483,-39
3,234,1482,-16
3,235,1481,8
3,235,1481,8
3,234,1480,0
3,235,1478,-32
3,234,1477,-8
3,233,1475,8
3,233,1473,16
3,233,1472,-24
3,234,1470,-16
3,239,1470,0
3,244,1468,24
3,246,1468,32
3,244,1467,0
3,244,1465,-24
3,244,1463,0
3,244,1462,24
3,244,1462,48
3,246,1462,-8
3,248,1462,-32
3,247,1461,-16
3,247,1461,16
3,248,1461,32
3,251,1460,8
3,254,1459,0
3,254,1458,-16
3,253,1458,0
3,253,1457,16
3,253,1457,0
3,254,1456,0
3,255,1454,-8
3,255,1453,8
3,256,1452,16
3,256,1451,-24
3,256,1449,-16
3,254,1448,8
3,252,1447,24
3,251,1446,-8
3,251,1445,16
3,249,1444,16
3,247,1444,32
3,246,1444,8
3,244,1444,16
3,244,1445,16
3,245,1445,32
3,245,1447,24
3,244,1448,-16
3,242,1449,8
3,240,1450,39
3,239,1454,48
3,236,1456,8
3,236,1458,-8
3,238,1460,-8
3,238,1462,16
3,238,1464,24
3,237,1466,-16
3,237,1467,-16
3,237,1468,-16
3,238,1469,-16
3,237,1470,8
3,235,1470,-8
3,233,1470,-24
3,232,1470,-16
3,230,1470,-8
3,224,1471,-8
3,220,1471,-16
3,221,1469,-8
3,219,1468,8
3,218,1467,-8
3,213,1466,-16
3,212,1465,-24
3,208,1464,16
3,204,1461,8
3,200,1459,8
3,197,1456,-8
3,196,1455,8
3,194,1453,0
3,195,1450,-16
3,195,1448,0
3,195,1448,16
3,192,1449,24
3,191,1450,24
3,191,1450,24
3,193,1450,8
3,193,1452,16
3,193,1453,24
3,195,1455,0
3,196,1459,0
3,196,1462,8
3,197,1465,24
3,199,1468,32
3,199,1472,0
3,200,1474,-16
3,204,1476,8
3,207,1478,16
3,210,1480,8
3,213,1481,-32
3,214,1482,-16
3,215,1484,8
3,217,1486,0
3,222,1487,-8
3,228,1487,-32
3,234,1487,-8
3,237,1488,-24
3,241,1487,8
3,242,1487,-16
3,244,1485,-32
3,247,1483,-24
3,249,1481,-16
3,250,1479,8
3,252,1476,-8
3,254,1473,-24
3,258,1469,-16
3,261,1466,8
3,263,1463,-16
3,263,1460,-8
3,264,1458,-39
3,266,1455,-8
3,269,1452,16
3,271,1449,0
3,272,1447,-8
3,272,1444,-8
3,274,1441,-8
3,277,1438,16
3,276,1436,16
3,276,1434,-8
3,277,1430,16
3,277,1427,0
3,277,1424,16
3,279,1422,8
3,281,1420,-16
3,283,1416,-16
3,286,1413,0
3,288,1409,0
3,292,1406,0
3,294,1401,-32
3,295,1397,-24
3,292,1395,-24
3,292,1392,8
3,293,1388,-16
3,292,1386,0
3,291,1382,-8
3,291,1379,16
3,288,1376,0
3,286,1373,-8
3,283,1371,-8
3,282,1367,-24
3,281,1364,8
3,279,1360,16
3,281,1357,8
3,282,1354,24
3,286,1351,0
3,287,1348,16
3,284,1346,8
3,280,1344,8
3,275,1344,0
3,270,1344,0
3,268,1344,32
3,265,1344,24
3,263,1343,16
3,263,1342,-16
3,264,1342,-16
3,264,1342,24
3,262,1344,8
3,260,1344,0
3,261,1345,-24
3,262,1345,-32
3,263,1346,8
3,264,1347,0
3,267,1348,8
3,267,1349,8
3,266,1351,-8
3,267,1352,-24
3,269,1353,8
3,269,1354,0
3,268,1356,8
3,268,1356,8
3,268,1355,-39
3,268,1355,-8
3,268,1355,16
3,268,1356,32
3,268,1356,-16
3,267,1355,-39
3,266,1354,-16
3,267,1353,16
3,268,1350,0
3,270,1349,16
3,270,1347,-16
3,270,1344,-16
3,271,1344,8
3,271,1343,24
3,273,1343,8
3,275,1343,-24
3,278,1344,0
3,280,1343,-8
3,281,1341,16
3,284,1341,0
3,285,1343,-16
3,287,1346,-8
3,288,1345,-24
3,288,1343,-8
3,289,1343,-8
3,289,1344,0
3,287,1344,-16
3,284,1341,-24
3,281,1338,-8
3,279,1337,0
3,276,1338,8
3,274,1341,-8
3,270,1341,-24
3,267,1341,-8
3,266,1342,-8
3,262,1341,0
3,256,1337,-48
3,251,1335,-16
3,246,1333,-16
3,237,1329,8
3,230,1325,-16
3,224,1323,-16
3,219,1318,-56
3,211,1310,-48
3,205,1303,-8
3,202,1297,-8
3,200,1291,0
3,200,1288,0
3,201,1285,0
3,203,1282,0
3,207,1279,0
3,211,1277,8
3,215,1273,0
3,219,1270,16
3,223,1268,16
3,228,1266,-8
3,233,1263,-16
3,238,1260,-16
3,240,1255,-72
3,243,1251,0
3,243,1247,32
3,243,1244,16
3,242,1244,32
3,242,1246,-16
3,244,1247,8
3,245,1248,16
3,246,1248,24
3,247,1251,56
3,249,1253,16
3,251,1255,24
3,253,1257,-8
3,254,1261,8
3,255,1265,16
3,256,1269,16
3,258,1272,0
3,261,1276,8
3,265,1280,32
3,270,1282,16
3,273,1286,8
3,274,1291,0
3,275,1295,-8
3,272,1300,-16
3,266,1304,-8
3,262,1307,-8
3,260,1310,-8
3,260,1312,-8
3,261,1312,0
3,260,1313,-16
3,257,1314,-8
3,255,1317,8
3,254,1320,-16
3,255,1321,-16
3,256,1321,0
3,258,1322,24
3,257,1323,-8
3,257,1324,-16
3,257,1325,-24
3,258,1326,8
3,260,1327,24
3,261,1329,0
3,262,1331,-16
3,263,1331,8
3,264,1330,32
3,266,1332,8
3,268,1334,-24
3,269,1336,0
3,270,1339,-8
3,268,1342,8
3,266,1345,-8
3,267,1347,-32
3,267,1349,-8
3,270,1351,0
3,271,1352,-8
3,274,1352,-32
3,277,1352,0
3,280,1352,24
3,283,1353,0
3,285,1352,-32
3,288,1351,0
3,288,1352,-8
3,291,1352,8
3,293,1350,0
3,294,1348,16
3,294,1347,-8
3,294,1346,8
3,296,1345,-8
3,297,1344,-24
3,298,1342,-16
3,301,1341,16
3,304,1339,-16
3,309,1336,-16
3,313,1333,8
3,316,1330,0
3,317,1327,8
3,315,1324,8
3,316,1322,-16
3,316,1320,8
3,318,1318,16
3,317,1319,16
3,317,1319,0
3,319,1320,-24
3,319,1321,8
3,319,1322,24
3,319,1323,16
3,322,1324,0
3,321,1327,-8
3,320,1328,8
3,320,1329,16
3,318,1330,0
3,315,1332,-8
3,316,1334,-8
3,318,1335,16
3,320,1337,24
3,319,1339,-8
3,318,1342,-8
3,316,1343,-24
3,314,1344,-8
3,313,1346,8
3,311,1347,-16
3,307,1348,0
3,306,1348,8
3,304,1347,-16
3,301,1347,-8
3,299,1345,-24
3,296,1344,-32
3,291,1343,-32
3,288,1341,8
3,283,1338,-8
3,279,1335,-16
3,275,1333,-24
3,273,1330,-8
3,269,1327,16
3,267,1325,-8
3,265,1320,-24
3,264,1313,-16
3,269,1305,8
3,272,1298,24
3,275,1291,32
3,277,1288,16
3,278,1286,32
3,278,1286,16
3,276,1288,16
3,274,1291,16
3,274,1295,8
3,273,1297,16
3,269,1301,16
3,267,1305,8
3,264,1308,0
3,263,1311,0
3,263,1315,8
3,262,1317,0
3,262,1320,-24
3,261,1323,0
3,260,1325,-8
3,257,1327,24
3,254,1329,0
3,253,1331,0
3,251,1332,8
3,250,1336,39
3,249,1339,32
3,249,1342,16
3,249,1344,8
3,248,1346,0
3,246,1349,0
3,243,1351,-39
3,243,1353,-8
3,244,1353,-16
3,247,1354,8
3,250,1354,8
3,251,1356,-16
3,252,1357,0
3,252,1358,0
3,251,1359,-16
3,252,1360,-8
3,252,1360,-16
3,254,1360,-8
3,257,1357,8
3,260,1355,-32
3,263,1352,-16
3,264,1350,-8
3,266,1348,16
3,269,1346,0
3,271,1344,8
3,273,1342,8
3,276,1339,0
3,280,1337,16
3,284,1335,16
3,285,1334,8
3,287,1334,0
3,288,1334,24
3,289,1334,-8
3,291,1335,-24
3,294,1334,0
3,294,1333,24
3,294,1333,-16
3,295,1331,-16
3,296,1329,0
3,298,1326,8
3,299,1321,-24
3,300,1318,-8
3,301,1316,8
3,303,1314,8
3,305,1312,-8
3,307,1311,0
3,308,1310,-8
3,309,1307,8
3,312,1305,24
3,314,1306,48
3,315,1307,0
3,317,1308,16
3,317,1311,16
3,316,1314,32
3,316,1316,8
3,316,1318,-8
3,316,1319,0
3,316,1319,-8
3,316,1319,8
3,317,1318,-8
3,319,1317,-24
3,318,1318,-16
3,320,1318,0
3,322,1318,16
3,322,1317,-16
3,322,1316,-24
3,320,1315,-8
3,316,1315,-16
3,314,1315,-8
3,313,1314,-32
3,310,1311,-16
3,310,1307,0
3,310,1303,8
3,309,1300,-8
3,309,1296,-32
3,308,1290,-8
3,306,1284,16
3,302,1281,8
3,298,1280,-8
3,295,1279,-8
3,295,1275,-16
3,293,1272,8
3,289,1270,-8
3,286,1268,0
3,286,1265,-16
3,286,1261,16
3,286,1256,8
3,286,1252,8
3,286,1247,-8
3,286,1242,-8
3,285,1238,8
3,284,1236,0
3,285,1233,16
3,283,1232,24
3,280,1230,8
3,278,1228,16
3,277,1227,8
3,274,1226,24
3,272,1226,8
3,270,1226,24
3,270,1226,8
3,267,1227,32
3,265,1228,8
3,261,1230,0
3,259,1232,0
3,257,1233,16
3,253,1234,16
3,251,1235,-8
3,249,1236,8
3,247,1237,24
3,244,1239,24
3,242,1243,16
3,241,1247,-8
3,239,1251,16
3,237,1256,32
3,234,1262,16
3,230,1267,8
3,229,1273,-16
3,228,1278,0
3,227,1283,0
3,226,1287,-8
3,225,1290,0
3,225,1294,-8
3,222,1297,-16
3,218,1300,-8
3,215,1304,8
3,213,1307,16
3,209,1309,-8
3,205,1312,-48
3,201,1315,-8
3,198,1317,-24
3,195,1319,-8
3,192,1321,8
3,187,1323,-8
3,184,1325,0
3,182,1326,16
3,179,1329,24
3,178,1331,8
3,177,1334,16
3,178,1337,8
3,177,1341,0
3,175,1344,0
3,172,1347,-24
3,170,1349,0
3,169,1353,0
3,168,1355,16
3,166,1356,24
3,166,1358,-72
3,165,1360,-32
3,164,1362,16
3,162,1364,-32
3,160,1366,-16
3,159,1368,0
3,159,1371,0
3,161,1373,0
3,161,1377,-8
3,159,1380,-8
3,157,1382,-16
3,156,1384,-16
3,157,1386,8
3,159,1388,0
3,160,1390,-24
3,159,1392,-16
3,159,1393,8
3,159,1393,0
3,159,1394,16
3,155,1396,8
3,155,1397,16
3,152,1400,8
3,151,1402,8
3,151,1404,8
3,151,1408,8
3,150,1411,0
3,148,1413,16
3,146,1414,0
3,144,1417,0
3,143,1420,0
3,140,1423,-8
3,136,1426,-16
3,135,1429,-16
3,135,1429,-16
3,137,1427,-24
3,139,1425,-8
3,140,1424,-8
3,139,1423,-16
3,139,1419,-8
3,138,1415,-8
3,138,1412,0
3,138,1410,-39
3,137,1408,-24
3,136,1404,24
3,134,1402,0
3,132,1401,8
3,131,1399,-8
3,130,1398,0
3,130,1397,32
3,132,1396,24
3,131,1395,-8
3,131,1396,8
3,130,1396,16
3,129,1398,48
3,130,1399,8
3,132,1400,-24
3,133,1400,8
3,135,1401,24
3,136,1402,8
3,138,1403,-16
3,140,1404,-8
3,141,1405,8
3,142,1406,24
3,144,1408,-16
3,148,1408,8
3,151,1408,-16
3,155,1408,24
3,160,1407,0
3,163,1407,-24
3,170,1406,8
3,178,1406,32
3,184,1406,16
3,189,1405,-16
3,197,1405,8
3,207,1404,32
3,217,1402,32
3,228,1402,-8
3,241,1400,8
3,276,1396,16
3,312,1392,24
3,343,1389,8
3,371,1386,-24
3,398,1383,-24
3,420,1384,8
3,440,1380,-8
3,457,1377,-16
3,460,1376,-8
3,465,1375,-16
3,468,1375,8
3,471,1374,-8
3,473,1372,-39
3,473,1371,0
3,474,1371,0
3,474,1369,-8
3,472,1366,-8
3,468,1366,8
3,464,1365,-16
3,460,1364,-16
3,456,1362,-16
3,452,1361,0
3,448,1359,0
3,446,1358,0
3,444,1356,-24
3,443,1354,-16
3,443,1349,-24
3,442,1345,8
3,442,1340,-8
3,442,1336,-24
3,442,1333,0
3,442,1327,-16
3,443,1323,8
3,445,1315,-8
3,446,1310,-16
3,448,1305,-8
3,452,1301,-8
3,456,1294,-16
3,458,1289,-8
3,461,1286,-8
3,466,1279,8
3,470,1274,0
3,474,1268,8
3,478,1262,8
3,483,1257,16
3,488,1253,24
3,492,1251,24
3,494,1249,16
3,497,1248,8
3,500,1248,8
3,502,1248,8
3,502,1249,8
3,504,1247,-8
3,506,1245,0
3,511,1240,8
3,514,1236,-24
3,513,1235,-32
3,510,1235,0
3,510,1234,0
3,509,1232,-8
3,507,1231,0
3,505,1230,-8
3,502,1229,0
3,500,1230,-8
3,500,1230,0
3,501,1228,8
3,502,1223,16
3,503,1222,24
3,499,1222,8
3,495,1223,8
3,489,1226,-8
3,486,1228,24
3,482,1231,-8
3,480,1232,8
3,478,1234,0
3,479,1234,0
3,480,1235,-8
3,482,1235,24
3,483,1236,24
3,480,1239,-24
3,475,1242,16
3,468,1247,39
3,462,1252,16
3,457,1256,-16
3,452,1259,8
3,447,1264,32
3,441,1268,8
3,436,1272,-8
3,433,1275,0
3,431,1278,16
3,429,1282,16
3,428,1286,-8
3,424,1290,8
3,420,1295,16
3,418,1298,0
3,417,1303,-16
3,419,1305,0
3,419,1307,32
3,417,1311,0
3,413,1315,0
3,411,1319,-8
3,408,1323,8
3,407,1324,-8
3,405,1324,0
3,403,1325,-8
3,400,1326,16
3,396,1327,-16
3,394,1326,-32
3,392,1327,-8
3,390,1327,24
3,386,1327,-16
3,383,1326,-16
3,379,1326,-8
3,374,1325,8
3,368,1324,0
3,365,1323,-24
3,361,1321,0
3,357,1320,0
3,351,1319,24
3,344,1318,-16
3,339,1317,-8
3,338,1315,0
3,336,1315,24
3,332,1315,-8
3,329,1315,-24
3,325,1315,8
3,323,1315,16
3,322,1316,32
3,322,1316,16
3,322,1316,24
3,322,1316,32
3,323,1316,24
3,322,1317,8
3,322,1319,32
3,322,1320,24
3,321,1322,-24
3,320,1324,16
3,322,1325,-8
3,322,1326,0
3,323,1327,16
3,323,1329,-16
3,326,1332,0
3,328,1335,24
3,329,1337,16
3,329,1339,-8
3,331,1340,-32
3,334,1342,0
3,336,1343,0
3,339,1344,39
3,341,1344,0
3,343,1344,-16
3,347,1343,-32
3,350,1342,-16
3,351,1342,0
3,351,1344,16
3,351,1345,-8
3,351,1345,-16
3,350,1346,0
3,351,1345,24
3,350,1346,16
3,350,1346,8
3,351,1346,24
3,352,1346,16
3,353,1347,24
3,355,1348,32
3,357,1349,8
3,359,1350,-32
3,360,1351,-16
3,361,1351,16
3,364,1353,32
3,364,1357,0
3,362,1361,8
3,363,1364,0
3,361,1368,16
3,359,1371,0
3,357,1376,0
3,355,1379,0
3,349,1384,8
3,341,1388,8
3,335,1392,8
3,334,1398,-8
3,339,1402,8
3,350,1402,8
3,361,1402,0
3,367,1405,0
3,375,1408,0
3,379,1412,-8
3,379,1417,0
3,378,1420,0
3,379,1421,0
3,385,1422,-8
3,388,1422,0
3,387,1423,0
3,385,1426,0
3,382,1428,0
3,384,1430,0
3,384,1432,0
3,386,1434,0
3,386,1436,0
3,381,1439,-8
3,377,1442,0
3,374,1444,0
3,372,1446,0
3,373,1447,-8
3,373,1448,0
3,373,1447,0
3,375,1447,0
3,376,1446,-8
3,375,1447,-8
3,370,1448,-24
3,366,1449,-8
3,366,1449,-8
3,365,1449,8
3,364,1448,16
3,363,1446,-48
3,364,1444,-8
3,364,1442,16
3,365,1442,39
3,367,1440,-8
3,366,1440,-8
3,366,1439,8
3,366,1438,32
3,364,1439,16
3,363,1439,-16
3,360,1440,-8
3,357,1440,0
3,354,1442,0
3,353,1442,0
3,353,1443,-24
3,354,1441,-16
3,354,1440,8
3,354,1439,16
3,354,1438,0
3,353,1437,-24
3,353,1437,0
3,351,1437,-8
3,352,1436,-24
3,351,1435,8
3,350,1434,-24
3,350,1433,0
3,350,1431,-8
3,352,1428,-16
3,354,1426,-8
3,355,1425,-8
3,356,1422,-32
3,358,1419,-24
3,358,1416,0
3,360,1412,-16
3,360,1409,-16
3,361,1405,8
3,364,1401,0
3,365,1396,-8
3,365,1392,32
3,365,1387,-24
3,365,1383,-56
3,365,1377,-16
3,363,1371,-16
3,358,1364,0
3,355,1358,-24
3,351,1351,-8
3,349,1345,0
3,346,1338,8
3,344,1333,16
3,342,1328,-8
3,341,1322,-32
3,342,1314,-32
3,344,1306,-16
3,347,1298,-16
3,347,1290,-16
3,347,1283,8
3,347,1275,-8
3,346,1267,8
3,343,1261,8
3,342,1256,8
3,343,1250,-8
3,344,1245,8
3,345,1240,32
3,345,1236,8
3,345,1233,8
3,346,1230,-16
3,349,1228,8
3,352,1225,16
3,353,1222,8
3,352,1219,8
3,351,1218,0
3,354,1214,8
3,355,1211,0
3,358,1212,16
3,357,1214,8
3,357,1214,8
3,356,1214,16
3,356,1217,32
3,359,1219,32
3,361,1223,8
3,362,1225,-24
3,363,1228,-16
3,363,1233,16
3,365,1235,8
3,364,1236,8
3,365,1238,-16
3,364,1242,0
3,363,1246,24
3,362,1251,16
3,362,1254,-8
3,364,1256,-16
3,364,1258,-8
3,363,1261,16
3,362,1265,32
3,361,1268,-8
3,362,1272,16
3,362,1275,-8
3,362,1278,0
3,359,1281,16
3,358,1285,8
3,359,1287,-32
3,359,1289,0
3,359,1292,16
3,357,1295,39
3,358,1298,-8
3,358,1300,-32
3,359,1302,16
3,359,1305,16
3,358,1309,39
3,358,1311,8
3,359,1313,-24
3,358,1315,-16
3,359,1317,16
3,360,1319,32
3,364,1323,0
3,366,1326,-24
3,367,1329,-16
3,369,1332,0
3,371,1336,0
3,371,1339,8
3,371,1342,-16
3,368,1344,-24
3,367,1344,-24
3,365,1344,-8
3,368,1343,-8
3,372,1338,-79
3,377,1330,-32
3,380,1320,-8
3,384,1311,8
3,386,1306,16
3,389,1304,8
3,390,1303,8
3,391,1302,8
3,393,1303,-8
3,394,1304,-8
3,396,1306,-16
3,397,1313,-16
3,398,1320,0
3,398,1317,-8
3,398,1311,-24
3,400,1303,16
3,399,1297,39
3,400,1296,48
3,400,1294,48
3,400,1292,39
3,401,1293,-8
3,401,1296,16
3,400,1301,32
3,397,1305,16
3,393,1310,8
3,390,1315,-8
3,391,1320,16
3,391,1325,16
3,391,1328,8
3,391,1332,8
3,390,1336,-16
3,389,1339,8
3,386,1343,8
3,385,1346,8
3,386,1349,-24
3,385,1351,0
3,384,1354,8
3,384,1357,16
3,386,1361,32
3,388,1364,32
3,388,1366,0
3,390,1369,8
3,388,1371,32
3,388,1372,8
3,390,1374,-24
3,391,1376,-8
3,390,1379,16
3,389,1381,0
3,390,1384,16
3,392,1385,-16
3,392,1387,0
3,389,1390,16
3,389,1392,24
3,389,1395,-8
3,391,1396,-24
3,390,1397,0
3,390,1398,16
3,389,1401,24
3,385,1404,-72
3,383,1405,-16
3,382,1405,0
3,381,1405,0
3,381,1404,-8
3,382,1401,-24
3,382,1398,-8
3,381,1396,16
3,379,1395,-8
3,374,1395,-16
3,371,1394,8
3,371,1394,-16
3,372,1393,8
3,369,1393,-39
3,364,1392,-8
3,362,1392,24
3,360,1393,48
3,361,1393,0
3,361,1393,-16
3,363,1393,8
3,364,1393,32
3,362,1397,48
3,357,1400,-48
3,354,1402,-24
3,351,1404,8
3,349,1405,-8
3,350,1405,-8
3,352,1405,16
3,353,1404,-8
3,353,1404,8
3,351,1405,24
3,348,1406,-32
3,347,1406,0
3,346,1405,24
3,346,1405,39
3,346,1406,8
3,344,1407,-16
3,343,1407,16
3,344,1409,32
3,344,1410,24
3,345,1411,-24
3,344,1412,-16
3,343,1414,-8
3,342,1416,32
3,341,1418,-8
3,341,1420,-24
3,339,1421,-8
3,337,1422,24
3,338,1425,39
3,338,1428,-32
3,338,1429,-16
3,337,1431,24
3,336,1434,16
3,335,1436,8
3,336,1437,-32
3,337,1438,8
3,337,1440,24
3,336,1442,-16
3,337,1445,8
3,339,1447,-24
3,339,1450,16
3,340,1453,0
3,341,1457,24
3,342,1461,0
3,342,1465,24
3,340,1470,-8
3,340,1473,8
3,340,1476,-8
3,340,1478,-16
3,342,1477,-24
3,343,1477,8
3,345,1478,16
3,346,1479,-16
3,345,1480,-39
3,345,1479,-16
3,347,1479,16
3,347,1477,-56
3,346,1475,-8
3,344,1474,-16
3,344,1472,-8
3,344,1470,16
3,345,1468,-16
3,347,1465,16
3,348,1463,-24
3,351,1460,-8
3,352,1457,24
3,354,1455,8
3,356,1452,-24
3,357,1448,8
3,359,1446,24
3,357,1444,8
3,357,1441,-8
3,357,1441,0
3,361,1439,32
3,363,1439,39
3,364,1438,24
3,366,1438,-8
3,369,1437,16
3,371,1437,39
3,370,1439,32
3,370,1442,16
3,372,1445,8
3,375,1448,16
3,379,1452,48
3,381,1456,32
3,384,1460,-8
3,387,1464,-16
3,391,1468,24
3,395,1472,39
3,399,1478,0
3,403,1482,-8
3,406,1486,-24
3,410,1490,0
3,413,1494,0
3,415,1496,-32
3,418,1497,-24
3,418,1496,-32
3,416,1495,-32
3,415,1495,-8
3,416,1494,-32
3,416,1492,-16
3,418,1490,-8
3,418,1488,-16
3,419,1486,24
3,419,1483,-16
3,417,1480,-8
3,417,1476,8
3,418,1474,8
3,419,1473,8
3,422,1472,0
3,424,1471,0
3,427,1470,0
3,428,1472,0
3,426,1474,0
3,427,1476,8
3,431,1477,0
3,433,1477,0
3,436,1478,0
3,438,1474,16
3,440,1471,0
3,442,1468,0
3,441,1468,0
3,442,1467,0
3,442,1467,0
3,439,1468,0
3,438,1469,0
3,434,1472,0
3,431,1474,0
3,433,1475,0
3,432,1476,0
3,429,1474,0
3,427,1476,0
3,425,1478,0
3,421,1481,-8
3,420,1482,-8
3,420,1482,-16
3,420,1481,-16
3,422,1478,-16
3,421,1476,-16
3,420,1475,-8
3,419,1473,-24
3,419,1470,-8
3,420,1467,24
3,419,1465,39
3,420,1464,8
3,421,1463,-64
3,423,1461,-8
3,425,1460,16
3,427,1460,56
3,428,1461,16
3,430,1463,0
3,430,1464,-8
3,431,1466,0
3,431,1467,-8
3,433,1467,-16
3,434,1467,-32
3,434,1465,-16
3,433,1463,16
3,432,1462,16
3,431,1461,-8
3,429,1460,0
3,427,1461,0
3,426,1461,24
3,426,1462,32
3,425,1463,-8
3,426,1462,-24
3,426,1461,-24
3,425,1460,-16
3,425,1458,-16
3,423,1456,8
3,423,1453,32
3,423,1451,32
3,422,1450,-39
3,424,1449,16
3,425,1449,24
3,426,1449,-16
3,427,1450,0
3,426,1452,-8
3,426,1453,-16
3,425,1454,8
3,424,1454,-8
3,424,1453,-8
3,422,1453,24
3,419,1453,16
3,418,1452,-16
3,417,1452,-8
3,416,1452,16
3,416,1452,32
3,416,1454,8
3,416,1455,-8
3,416,1455,-24
3,414,1455,-16
3,412,1455,0
3,411,1454,-16
3,410,1453,0
3,410,1453,32
3,409,1453,0
3,406,1455,16
3,403,1456,-16
3,401,1457,8
3,401,1458,32
3,400,1459,0
3,399,1459,-16
3,394,1462,16
3,391,1464,8
3,389,1466,8
3,389,1465,-8
3,389,1464,-16
3,388,1463,24
3,387,1461,24
3,387,1459,-39
3,386,1457,-8
3,386,1457,8
3,385,1457,32
3,384,1458,16
3,384,1458,0
3,385,1459,8
3,385,1461,8
3,383,1464,16
3,382,1466,-8
3,381,1467,-24
3,381,1467,-16
3,382,1467,24
3,383,1467,8
3,382,1468,8
3,383,1468,0
3,383,1469,0
3,383,1469,-16
3,384,1469,8
3,384,1470,-8
3,382,1472,8
3,381,1473,8
3,381,1474,8
3,381,1476,-8
3,382,1477,0
3,383,1477,-8
3,385,1477,-16
3,383,1476,-32
3,381,1476,0
3,379,1476,24
3,378,1475,-16
3,379,1475,-32
3,382,1473,-16
3,384,1473,8
3,386,1474,24
3,387,1474,16
3,387,1474,-8
3,388,1474,0
3,387,1474,16
3,388,1474,-8
3,391,1472,0
3,394,1471,-24
3,396,1469,-16
3,400,1467,16
3,402,1465,16
3,403,1464,-24
3,403,1464,-39
3,403,1463,8
3,403,1462,24
3,404,1462,32
3,403,1463,-16
3,403,1465,-8
3,402,1466,0
3,403,1468,16
3,402,1470,8
3,399,1473,8
3,398,1475,-8
3,399,1474,-16
3,402,1473,0
3,406,1473,32
3,408,1472,24
3,407,1472,-39
3,407,1472,-8
3,406,1472,0
3,406,1474,32
3,404,1477,24
3,404,1480,-8
3,404,1484,0
3,403,1488,8
3,402,1492,16
3,402,1496,8
3,401,1500,0
3,403,1503,-8
3,409,1506,-8
3,413,1510,-8
3,416,1512,-24
3,415,1513,-8
3,415,1514,16
3,414,1514,-24
3,413,1513,-39
3,412,1512,-8
3,413,1509,8
3,412,1510,32
3,411,1512,24
3,411,1514,0
3,413,1517,16
3,415,1520,8
3,416,1524,8
3,417,1526,0
3,416,1526,-16
3,413,1526,-16
3,411,1526,24
3,409,1530,-16
3,407,1532,-24
3,406,1533,-16
3,406,1533,8
3,405,1534,16
3,406,1534,32
3,407,1536,16
3,408,1538,-16
3,406,1539,0
3,403,1541,0
3,395,1542,0
3,388,1544,-24
3,385,1543,-24
3,383,1542,-24
3,382,1540,-8
3,380,1538,16
3,380,1538,-16
3,379,1537,-48
3,381,1537,-8
3,378,1537,-8
3,375,1537,32
3,373,1537,8
3,370,1538,0
3,370,1537,-8
3,367,1537,8
3,368,1535,0
3,366,1533,-8
3,363,1532,-16
3,360,1530,-16
3,355,1528,-8
3,351,1527,16
3,349,1526,8
3,348,1525,8
3,347,1523,-39
3,346,1523,-8
3,345,1523,8
3,342,1524,39
3,337,1526,0
3,334,1527,-8
3,331,1527,0
3,327,1528,0
3,327,1528,-8
3,326,1526,-16
3,323,1525,-24
3,322,1524,-16
3,320,1523,24
3,317,1523,8
3,316,1522,-32
3,315,1522,-16
3,313,1522,8
3,311,1522,24
3,308,1524,16
3,308,1525,0
3,307,1526,0
3,308,1527,8
3,309,1529,8
3,311,1529,0
3,314,1530,-8
3,312,1529,-16
3,312,1525,0
3,314,1522,8
3,317,1521,24
3,318,1520,-48
3,320,1519,-8
3,318,1522,24
3,315,1523,24
3,314,1525,39
3,314,1525,0
3,315,1525,-8
3,316,1525,8
3,318,1525,8
3,320,1524,0
3,322,1523,-8
3,321,1522,-24
3,319,1520,-16
3,319,1518,16
3,319,1516,16
3,317,1514,0
3,316,1513,-32
3,316,1512,8
3,317,1513,24
3,319,1514,39
3,319,1515,0
3,320,1517,-16
3,320,1518,0
3,318,1521,0
3,315,1523,-16
3,315,1525,0
3,314,1525,-8
3,314,1528,0
3,315,1529,-32
3,316,1530,-39
3,317,1529,-8
3,319,1530,8
3,321,1531,48
3,321,1533,8
3,320,1536,-8
3,321,1538,0
3,323,1539,8
3,324,1541,0
3,327,1541,-8
3,328,1541,-16
3,328,1539,-8
3,329,1539,24
3,329,1540,-8
3,328,1540,-8
3,327,1541,-8
3,323,1542,8
3,320,1543,16
3,319,1543,32
3,315,1544,0
3,312,1545,-16
3,311,1544,-8
3,309,1544,-8
3,307,1544,0
3,303,1543,-8
3,300,1542,-16
3,298,1540,-16
3,299,1540,16
3,300,1538,16
3,299,1538,-32
3,298,1536,-48
3,297,1534,-16
3,297,1532,8
3,297,1531,24
3,298,1531,24
3,297,1531,0
3,295,1532,-8
3,296,1533,8
3,296,1533,8
3,296,1533,-8
3,298,1529,-24
3,297,1525,-24
3,296,1523,0
3,294,1521,-8
3,292,1520,-48
3,291,1521,-8
3,287,1523,8
3,283,1525,32
3,280,1526,0
3,276,1525,0
3,275,1527,0
3,275,1527,0
3,274,1526,-8
3,274,1524,-8
3,274,1521,-24
3,274,1519,-16
3,273,1517,-8
3,273,1515,16
3,273,1514,8
3,274,1514,8
3,276,1513,-48
3,277,1513,0
3,279,1512,24
3,281,1512,39
3,282,1512,0
3,283,1511,-16
3,285,1513,-16
3,285,1515,8
3,286,1516,-8
3,286,1517,0
3,286,1517,-16
3,286,1513,-24
3,288,1511,24
3,290,1508,32
3,290,1506,-16
3,290,1506,-32
3,291,1506,8
3,293,1507,32
3,294,1509,39
3,294,1511,8
3,294,1514,-8
3,294,1517,8
3,293,1520,16
3,289,1524,0
3,287,1528,0
3,286,1530,-16
3,288,1531,-24
3,291,1532,24
3,293,1533,32
3,293,1533,-24
3,296,1535,-16
3,301,1538,8
3,304,1541,39
3,307,1544,39
3,308,1547,16
3,308,1550,0
3,307,1554,16
3,306,1558,16
3,309,1564,8
3,310,1569,8
3,312,1572,-8
3,313,1575,-16
3,316,1578,-24
3,318,1581,0
3,318,1583,16
3,317,1585,-16
3,316,1585,-32
3,315,1586,-16
3,311,1587,16
3,308,1590,32
3,304,1594,8
3,300,1598,8
3,297,1601,0
3,295,1604,0
3,293,1606,-8
3,289,1607,-16
3,289,1606,-32
3,288,1606,-24
3,287,1607,16
3,288,1608,8
3,291,1606,24
3,293,1605,32
3,293,1605,-16
3,295,1606,8
3,298,1607,16
3,299,1607,0
3,297,1607,0
3,296,1609,0
3,295,1610,8
3,292,1609,-16
3,292,1608,-8
3,294,1606,24
3,293,1606,8
3,294,1607,56
3,295,1609,16
3,294,1612,8
3,295,1615,56
3,297,1618,16
3,299,1621,8
3,299,1624,8
3,299,1627,-8
3,300,1630,-16
3,297,1632,-16
3,296,1634,16
3,297,1635,-8
3,297,1636,-24
3,297,1637,-24
3,299,1636,-8
3,301,1635,16
3,301,1636,0
3,301,1637,-8
3,300,1639,0
3,300,1641,8
3,302,1643,8
3,304,1645,-16
3,305,1647,-8
3,308,1647,-24
3,309,1646,-32
3,308,1644,-24
3,307,1642,16
3,309,1642,8
3,310,1642,-16
3,309,1641,-16
3,309,1642,-8
3,315,1643,0
3,318,1645,16
3,321,1645,16
3,324,1646,-8
3,327,1646,0
3,328,1647,8
3,327,1648,8
3,324,1650,0
3,323,1652,0
3,325,1653,-24
3,326,1651,-32
3,332,1650,-24
3,338,1653,0
3,346,1653,16
3,350,1651,32
3,353,1650,8
3,352,1646,-32
3,352,1643,16
3,352,1640,0
3,351,1638,0
3,350,1636,24
3,352,1634,-16
3,351,1630,-8
3,352,1627,-16
3,354,1623,-8
3,354,1619,-8
3,355,1616,0
3,355,1613,-24
3,357,1608,-24
3,361,1602,-16
3,366,1602,-16
3,370,1599,16
3,373,1595,24
3,376,1591,32
3,374,1587,0
3,370,1583,8
3,369,1579,-16
3,366,1576,0
3,364,1573,0
3,361,1571,0
3,356,1568,0
3,348,1565,8
3,342,1561,0
3,338,1559,0
3,331,1557,0
3,325,1556,-16
3,323,1552,-24
3,325,1547,-16
3,325,1544,8
3,328,1539,8
3,330,1536,24
3,329,1533,16
3,328,1530,8
3,327,1528,24
3,324,1527,32
3,322,1529,8
3,318,1530,0
3,315,1532,8
3,313,1534,8
3,314,1539,0
3,315,1543,0
3,321,1548,-8
3,327,1550,-8
3,329,1548,-16
3,328,1547,8
3,328,1543,-32
3,330,1536,-16
3,333,1528,16
3,337,1521,24
3,341,1516,24
3,341,1512,0
3,340,1508,0
3,341,1504,-16
3,344,1500,-24
3,343,1499,16
3,339,1501,8
3,335,1507,8
3,333,1512,0
3,330,1515,8
3,328,1514,0
3,328,1509,-8
3,328,1506,-8
3,327,1507,-8
3,329,1505,-32
3,335,1498,-24
3,341,1490,0
3,345,1484,-8
3,344,1483,-39
3,341,1482,-72
3,337,1481,-16
3,332,1479,-8
3,326,1478,16
3,319,1477,16
3,314,1476,0
3,311,1476,0
3,308,1475,0
3,307,1475,-8
3,306,1479,0
3,304,1482,0
3,302,1480,-8
3,299,1476,-24
3,298,1468,-16
3,298,1460,8
3,298,1453,48
3,298,1450,24
3,298,1448,56
3,295,1446,0
3,295,1446,0
3,294,1445,24
3,292,1444,32
3,290,1444,0
3,289,1443,-16
3,289,1442,0
3,290,1441,8
3,291,1441,0
3,292,1437,-8
3,292,1435,0
3,293,1435,0
3,294,1434,-16
3,293,1432,-24
3,295,1434,16
3,297,1432,24
3,302,1432,0
3,304,1431,-32
3,304,1430,-39
3,301,1429,8
3,300,1428,24
3,301,1426,-32
3,300,1424,8
3,299,1424,16
3,299,1424,0
3,298,1424,8
3,298,1424,8
3,298,1424,0
3,298,1424,0
3,301,1425,8
3,302,1425,-8
3,303,1424,-32
3,305,1423,-16
3,308,1421,16
3,308,1419,39
3,310,1419,16
3,310,1419,64
3,310,1421,-8
3,310,1422,16
3,310,1423,-16
3,310,1426,24
3,309,1430,24
3,310,1434,0
3,311,1437,-8
3,314,1441,0
3,316,1444,8
3,318,1446,-16
3,318,1448,-16
3,319,1449,-16
3,318,1450,-32
3,316,1447,-48
3,314,1443,0
3,315,1441,16
3,315,1441,8
3,313,1443,16
3,313,1445,-8
3,313,1446,24
3,313,1448,24
3,314,1450,32
3,314,1453,-8
3,317,1456,0
3,319,1458,16
3,322,1461,16
3,327,1465,0
3,331,1467,-8
3,330,1468,-24
3,329,1469,0
3,326,1468,0
3,325,1469,-24
3,325,1470,-24
3,325,1469,-39
3,325,1469,-8
3,325,1469,24
3,326,1470,39
3,326,1472,16
3,324,1474,8
3,326,1476,-16
3,325,1479,0
3,326,1480,8
3,326,1482,0
3,328,1483,-16
3,326,1482,-16
3,325,1482,16
3,325,1481,8
3,325,1480,0
3,324,1480,-16
3,323,1480,8
3,323,1480,24
3,323,1482,39
3,322,1483,8
3,321,1485,-8
3,322,1483,-8
3,321,1481,-24
3,319,1479,-16
3,317,1477,-16
3,319,1476,8
3,322,1476,-24
3,323,1476,-48
3,322,1475,0
3,320,1476,24
3,318,1477,39
3,317,1478,0
3,316,1479,-8
3,317,1479,8
3,321,1483,-8
3,324,1485,-8
3,327,1484,-16
3,330,1483,8
3,333,1482,16
3,332,1482,-8
3,331,1481,-32
3,330,1481,-8
3,328,1480,8
3,328,1481,32
3,327,1481,16
3,327,1481,0
3,323,1482,-8
3,321,1481,8
3,316,1481,-16
3,313,1481,-8
3,312,1480,-24
3,313,1479,8
3,315,1478,8
3,315,1475,24
3,314,1473,-8
3,311,1472,0
3,311,1472,24
3,311,1473,39
3,311,1474,8
3,312,1476,-16
3,312,1477,16
3,313,1478,8
3,314,1479,0
3,315,1479,-8
3,316,1479,-24
3,317,1479,-32
3,320,1479,-8
3,325,1479,0
3,328,1479,-39
3,329,1477,-8
3,329,1477,0
3,329,1476,16
3,327,1476,8
3,328,1477,16
3,329,1479,-8
3,329,1480,0
3,330,1481,8
3,328,1482,0
3,326,1484,0
3,326,1484,-24
3,327,1483,-32
3,327,1482,8
3,326,1484,-8
3,325,1485,0
3,326,1484,-8
3,328,1483,8
3,328,1482,24
3,329,1482,39
3,330,1482,24
3,332,1484,0
3,332,1485,8
3,333,1487,16
3,333,1488,8
3,332,1489,0
3,331,1489,-8
3,332,1490,-8
3,330,1491,-8
3,330,1492,16
3,331,1494,0
3,331,1496,8
3,332,1496,-48
3,332,1495,8
3,333,1495,32
3,334,1495,16
3,334,1495,0
3,334,1495,-8
3,335,1495,16
3,335,1496,8
3,334,1497,0
3,332,1498,0
3,332,1497,-16
3,332,1497,-8
3,334,1497,8
3,339,1498,32
3,342,1500,16
3,342,1501,-32
3,338,1502,0
3,332,1502,0
3,329,1502,-8
3,330,1502,-8
3,329,1503,8
3,330,1505,0
3,330,1507,-8
3,331,1507,0
3,331,1509,0
3,330,1512,0
3,330,1513,-8
3,329,1515,-8
3,329,1517,0
3,330,1518,16
3,329,1519,-8
3,328,1520,-39
3,328,1519,-24
3,330,1517,24
3,331,1515,32
3,332,1515,48
3,332,1515,0
3,331,1516,16
3,331,1519,8
3,331,1522,8
3,331,1526,8
3,332,1528,0
3,334,1531,0
3,337,1533,-8
3,338,1534,-24
3,339,1533,-24
3,339,1533,8
3,338,1532,8
3,336,1532,24
3,335,1532,-32
3,335,1532,8
3,335,1533,39
3,335,1535,39
3,336,1536,8
3,336,1538,-8
3,337,1540,0
3,337,1541,8
3,335,1542,-8
3,332,1545,0
3,330,1546,-24
3,331,1547,-16
3,328,1548,-32
3,328,1548,-8
3,327,1548,24
3,326,1548,-16
3,325,1548,-56
3,325,1546,-32
3,325,1545,0
3,324,1545,24
3,323,1547,39
3,324,1548,24
3,325,1550,-16
3,325,1552,0
3,324,1554,0
3,324,1556,8
3,323,1557,-8
3,322,1559,-8
3,322,1560,-8
3,321,1559,-24
3,322,1558,8
3,324,1555,16
3,323,1554,16
3,322,1553,-39
3,319,1553,0
3,317,1553,16
3,317,1553,32
3,313,1555,8
3,310,1558,-8
3,310,1560,-8
3,309,1560,-16
3,309,1560,-8
3,308,1559,-16
3,308,1558,-16
3,307,1555,-24
3,308,1550,16
3,310,1546,48
3,309,1544,-39
3,307,1544,-39
3,304,1543,-8
3,300,1544,8
3,295,1547,39
3,291,1549,-8
3,286,1551,-8
3,283,1555,0
3,280,1558,8
3,278,1559,0
3,275,1558,-16
3,271,1558,-16
3,269,1556,-32
3,268,1551,-16
3,268,1546,8
3,270,1543,24
3,270,1544,-39
3,270,1545,-39
3,269,1545,-16
3,268,1545,16
3,266,1548,8
3,265,1550,16
3,266,1552,-16
3,264,1552,-8
3,259,1554,0
3,258,1555,8
3,256,1556,0
3,255,1556,-16
3,255,1555,-24
3,256,1553,0
3,258,1551,8
3,259,1550,-16
3,257,1549,-16
3,256,1550,-8
3,256,1550,0
3,255,1551,24
3,256,1551,24
3,255,1554,-8
3,255,1556,0
3,255,1557,8
3,252,1560,-8
3,249,1560,-16
3,249,1561,0
3,249,1559,-24
3,253,1557,-8
3,256,1555,16
3,261,1551,24
3,270,1548,-16
3,277,1545,-24
3,281,1544,0
3,282,1543,24
3,284,1542,32
3,285,1541,8
3,287,1542,-8
3,288,1543,8
3,289,1544,8
3,290,1545,8
3,291,1545,0
3,293,1545,-8
3,292,1544,-16
3,288,1542,-39
3,286,1541,-16
3,285,1539,8
3,284,1535,32
3,284,1532,-39
3,287,1530,-16
3,288,1529,8
3,291,1528,24
3,291,1529,8
3,292,1529,16
3,293,1529,-8
3,292,1530,8
3,290,1531,-8
3,290,1533,8
3,289,1535,-8
3,292,1534,-8
3,294,1534,-16
3,294,1533,-32
3,297,1530,16
3,301,1528,16
3,306,1526,0
3,307,1526,16
3,307,1526,-16
3,305,1527,8
3,306,1528,-8
3,305,1530,39
3,304,1532,16
3,302,1534,-16
3,301,1536,0
3,296,1538,-16
3,292,1539,-8
3,288,1540,-24
3,284,1540,-8
3,280,1539,-39
3,278,1536,-48
3,278,1532,-32
3,278,1529,0
3,279,1527,24
3,279,1527,-8
3,278,1526,-48
3,278,1525,-8
3,280,1524,16
3,282,1524,32
3,286,1524,8
3,290,1525,8
3,292,1525,-8
3,292,1525,0
3,289,1524,-16
3,281,1525,-8
3,275,1526,-8
3,273,1526,-8
3,272,1524,-16
3,273,1523,0
3,274,1521,16
3,276,1521,-8
3,277,1520,-24
3,278,1519,32
3,279,1518,0
3,280,1517,8
3,281,1517,24
3,282,1517,8
3,284,1518,8
3,288,1520,0
3,291,1521,0
3,291,1522,-8
3,293,1522,-16
3,295,1520,-16
3,297,1518,-24
3,297,1515,-8
3,296,1514,24
3,296,1513,32
3,297,1513,-39
3,298,1512,-32
3,299,1510,0
3,300,1509,24
3,298,1511,64
3,298,1514,39
3,298,1517,-8
3,296,1520,-16
3,295,1523,-8
3,295,1526,8
3,293,1527,-8
3,291,1528,0
3,289,1529,-8
3,288,1531,16
3,287,1532,39
3,286,1534,56
3,284,1536,48
3,284,1538,-16
3,283,1539,-16
3,281,1540,0
3,281,1540,16
3,282,1541,16
3,284,1544,24
3,284,1547,32
3,285,1551,16
3,287,1557,16
3,288,1561,-24
3,286,1564,-24
3,284,1565,-24
3,281,1564,-24
3,279,1564,-16
3,277,1563,-8
3,272,1561,16
3,269,1560,8
3,268,1559,-32
3,269,1559,-32
3,270,1560,16
3,272,1560,24
3,273,1562,64
3,273,1565,32
3,272,1569,0
3,272,1573,0
3,270,1573,-32
3,270,1573,0
3,269,1573,-8
3,269,1572,-24
3,269,1571,-24
3,269,1571,0
3,269,1571,8
3,271,1571,32
3,269,1571,-16
3,269,1570,0
3,273,1570,24
3,274,1571,16
3,275,1571,0
3,274,1571,-24
3,272,1572,0
3,269,1572,0
3,266,1572,-24
3,265,1571,0
3,263,1570,-8
3,263,1568,16
3,263,1567,0
3,264,1565,39
3,266,1564,-24
3,267,1562,0
3,268,1561,8
3,268,1559,0
3,269,1556,0
3,270,1553,0
3,271,1551,0
3,273,1548,-8
3,276,1545,-16
3,277,1542,-16
3,277,1540,8
3,276,1539,24
3,276,1539,24
3,275,1538,-56
3,275,1538,-8
3,273,1538,8
3,272,1538,24
3,274,1539,24
3,275,1540,-8
3,274,1542,-8
3,273,1544,8
3,273,1547,0
3,273,1549,-8
3,273,1549,-8
3,275,1549,-8
3,277,1548,0
3,278,1548,0
3,279,1547,-16
3,279,1546,-39
3,279,1545,8
3,278,1544,32
3,276,1545,32
3,275,1546,0
3,274,1547,-8
3,272,1547,0
3,270,1547,8
3,269,1546,-8
3,270,1546,-16
3,270,1545,-24
3,269,1546,16
3,268,1545,8
3,266,1544,8
3,264,1544,0
3,264,1544,-8
3,263,1545,8
3,262,1546,24
3,261,1548,16
3,259,1551,-8
3,256,1556,8
3,255,1561,8
3,253,1564,-8
3,248,1564,-16
3,246,1564,-8
3,244,1564,-32
3,243,1562,-39
3,243,1562,8
3,243,1561,16
3,243,1561,-8
3,244,1560,-39
3,245,1560,16
3,244,1560,-8
3,243,1561,39
3,241,1562,8
3,242,1564,-16
3,242,1565,8
3,243,1566,0
3,242,1568,-8
3,242,1569,-16
3,242,1568,-16
3,242,1567,-32
3,244,1565,-16
3,245,1563,16
3,246,1562,8
3,246,1561,0
3,245,1560,-24
3,245,1560,8
3,244,1559,32
3,243,1561,32
3,245,1562,0
3,246,1563,-8
3,248,1564,0
3,248,1565,8
3,247,1565,0
3,245,1566,-8
3,244,1565,-24
3,241,1564,-16
3,238,1564,32
3,236,1564,16
3,236,1564,8
3,236,1563,-24
3,236,1563,8
3,235,1564,16
3,235,1566,32
3,235,1569,8
3,238,1571,8
3,240,1572,0
3,242,1575,8
3,242,1578,8
3,240,1579,-16
3,241,1579,-8
3,241,1579,-39
3,237,1576,-16
3,235,1574,16
3,235,1571,32
3,233,1570,0
3,233,1570,-24
3,234,1571,8
3,235,1571,24
3,234,1573,32
3,233,1575,8
3,235,1576,0
3,236,1578,24
3,239,1580,0
3,240,1582,0
3,243,1581,-16
3,245,1580,-8
3,247,1579,-24
3,248,1578,-24
3,251,1576,-8
3,253,1573,24
3,254,1572,-8
3,256,1570,-24
3,258,1569,-16
3,259,1569,16
3,258,1570,32
3,259,1573,16
3,258,1576,8
3,256,1580,0
3,255,1585,8
3,254,1588,8
3,252,1591,8
3,252,1594,0
3,253,1596,0
3,256,1598,-16
3,258,1597,-39
3,259,1595,-24
3,262,1595,-8
3,264,1592,39
3,264,1589,48
3,265,1587,-39
3,265,1586,-24
3,265,1587,0
3,265,1589,48
3,265,1591,16
3,264,1595,16
3,263,1598,0
3,261,1601,0
3,263,1603,16
3,262,1602,0
3,260,1603,0
3,261,1603,0
3,266,1604,0
3,269,1607,0
3,273,1608,-32
3,278,1608,-16
3,282,1608,-8
3,285,1608,0
3,287,1608,16
3,288,1608,16
3,288,1610,16
3,287,1610,-8
3,286,1611,39
3,287,1610,24
3,288,1611,8
3,288,1612,-16
3,288,1613,8
3,288,1615,0
3,288,1618,-8
3,287,1621,0
3,286,1623,-8
3,282,1625,-24
3,280,1626,-16
3,279,1625,-24
3,277,1625,-8
3,277,1624,8
3,276,1623,-8
3,276,1622,-16
3,274,1622,0
3,270,1624,8
3,267,1626,32
3,266,1629,16
3,266,1632,-8
3,265,1635,8
3,266,1637,0
3,265,1639,8
3,265,1642,0
3,265,1644,-8
3,265,1646,-8
3,265,1648,-24
3,265,1647,-24
3,266,1645,-8
3,266,1643,8
3,265,1643,8
3,263,1644,-56
3,261,1645,0
3,258,1646,8
3,256,1648,48
3,256,1650,32
3,256,1654,8
3,258,1658,-8
3,259,1661,8
3,260,1662,8
3,262,1664,0
3,260,1665,-8
3,259,1667,-8
3,257,1666,-24
3,256,1665,-32
3,257,1664,8
3,258,1663,24
3,260,1662,-16
3,263,1661,-24
3,269,1659,8
3,275,1658,16
3,278,1657,24
3,280,1657,-8
3,278,1659,-8
3,277,1660,-16
3,282,1661,-8
3,285,1661,-8
3,290,1659,0
3,292,1657,-16
3,292,1655,-16
3,291,1651,-32
3,289,1647,-24
3,291,1642,8
3,297,1636,16
3,302,1633,32
3,303,1632,32
3,306,1630,8
3,306,1631,24
3,306,1632,32
3,306,1633,24
3,305,1635,-8
3,306,1635,-8
3,307,1636,8
3,309,1636,8
3,309,1636,8
3,305,1636,0
3,300,1637,16
3,297,1638,-24
3,298,1637,-16
3,302,1639,-16
3,304,1640,0
3,305,1640,-56
3,306,1639,-8
3,305,1638,8
3,303,1638,32
3,301,1639,24
3,299,1640,0
3,299,1640,-8
3,302,1640,8
3,302,1642,0
3,298,1643,-8
3,297,1644,0
3,297,1645,-16
3,297,1644,-39
3,298,1640,-48
3,296,1638,0
3,298,1636,8
3,298,1635,0
3,299,1635,-64
3,297,1635,0
3,296,1634,8
3,294,1634,24
3,294,1634,24
3,295,1634,8
3,297,1635,8
3,300,1635,8
3,302,1637,8
3,307,1640,8
3,312,1642,0
3,318,1642,0
3,321,1641,-16
3,323,1639,-16
3,322,1637,-8
3,320,1635,8
3,318,1634,8
3,318,1634,-32
3,313,1634,0
3,307,1636,16
3,304,1637,39
3,302,1639,32
3,301,1643,0
3,299,1648,8
3,298,1652,0
3,296,1656,8
3,290,1658,0
3,286,1661,0
3,282,1664,-8
3,277,1669,-8
3,275,1671,-16
3,275,1672,-24
3,275,1671,-24
3,274,1668,-8
3,275,1663,39
3,275,1660,-16
3,277,1658,-39
3,280,1657,8
3,282,1657,32
3,284,1659,32
3,286,1659,-8
3,284,1660,8
3,285,1661,0
3,288,1663,0
3,297,1663,8
3,303,1665,0
3,308,1666,-16
3,312,1666,-16
3,314,1666,-32
3,320,1668,8
3,324,1667,0
3,328,1664,24
3,329,1663,16
3,329,1664,-32
3,328,1664,16
3,328,1665,24
3,326,1667,39
3,325,1670,16
3,327,1674,-8
3,327,1678,8
3,326,1681,8
3,327,1683,16
3,330,1686,8
3,338,1689,0
3,343,1692,-8
3,345,1695,-8
3,346,1696,-16
3,345,1697,-16
3,345,1697,-16
3,346,1697,0
3,347,1698,-8
3,347,1698,24
3,349,1698,16
3,348,1697,0
3,349,1696,32
3,349,1695,16
3,349,1695,0
3,346,1694,0
3,341,1694,-8
3,337,1693,-8
3,335,1695,8
3,335,1694,-8
3,336,1690,-8
3,337,1685,0
3,339,1679,-16
3,340,1675,-16
3,341,1670,-8
3,343,1667,0
3,344,1668,8
3,344,1668,-48
3,346,1668,-8
3,351,1668,8
3,352,1670,-8
3,350,1671,0
3,350,1671,-16
3,349,1671,-16
3,353,1669,0
3,354,1667,-8
3,355,1666,-16
3,355,1664,-32
3,355,1661,-24
3,353,1657,-32
3,349,1651,-32
3,345,1645,-24
3,340,1638,-32
3,335,1631,-24
3,330,1624,8
3,325,1617,24
3,321,1610,-32
3,319,1603,-32
3,319,1597,16
3,319,1593,8
3,320,1590,48
3,325,1585,8
3,328,1582,-8
3,327,1580,-8
3,327,1577,8
3,326,1577,8
3,327,1575,-8
3,325,1572,-24
3,323,1569,-16
3,322,1566,24
3,322,1561,32
3,322,1557,-16
3,319,1555,8
3,319,1553,16
3,319,1552,24
3,318,1551,39
3,318,1550,0
3,316,1550,-8
3,316,1548,0
3,318,1546,0
3,316,1545,-16
3,316,1544,-8
3,317,1541,-8
3,317,1539,8
3,317,1537,-8
3,316,1535,8
3,313,1537,8
3,311,1538,16
3,311,1539,39
3,310,1542,24
3,310,1544,0
3,310,1546,16
3,312,1548,32
3,315,1550,64
3,316,1554,8
3,319,1557,-16
3,320,1561,16
3,323,1565,24
3,323,1571,39
3,326,1576,-16
3,331,1579,-16
3,336,1583,-8
3,340,1586,24
3,343,1592,48
3,345,1596,-16
3,347,1598,-48
3,347,1602,8
3,344,1608,8
3,341,1613,-24
3,341,1617,-8
3,343,1619,8
3,344,1619,-24
3,346,1617,-8
3,346,1616,16
3,348,1615,-8
3,350,1612,-24
3,349,1610,-16
3,348,1606,0
3,348,1603,-16
3,347,1599,-24
3,346,1594,-32
3,346,1589,-16
3,345,1586,16
3,345,1582,-16
3,344,1579,0
3,341,1575,0
3,338,1572,16
3,336,1568,39
3,333,1565,-8
3,332,1562,16
3,331,1560,8
3,330,1558,32
3,330,1556,32
3,329,1555,-24
3,328,1553,-24
3,327,1551,16
3,327,1550,24
3,328,1549,-8
3,329,1547,0
3,328,1546,8
3,328,1546,32
3,329,1546,8
3,326,1546,-8
3,324,1545,-16
3,323,1545,8
3,324,1546,32
3,325,1547,-8
3,327,1548,-8
3,328,1548,0
3,330,1549,0
3,331,1549,16
3,333,1549,-16
3,335,1548,-8
3,338,1547,8
3,338,1548,32
3,337,1549,-8
3,337,1548,-24
3,337,1548,-8
3,339,1548,24
3,340,1549,8
3,342,1547,-24
3,344,1545,0
3,346,1543,24
3,347,1542,0
3,346,1541,-8
3,342,1542,-8
3,341,1542,-8
3,339,1542,8
3,338,1540,-8
3,336,1539,-16
3,336,1536,-8
3,336,1533,-8
3,336,1530,8
3,337,1527,0
3,338,1525,-32
3,341,1521,-16
3,343,1518,16
3,343,1516,32
3,343,1513,-8
3,344,1511,-8
3,346,1508,-8
3,347,1505,0
3,347,1502,-32
3,345,1499,-8
3,344,1495,8
3,343,1491,-24
3,343,1487,-32
3,348,1481,8
3,351,1476,39
3,354,1473,-8
3,354,1471,0
3,352,1470,0
3,351,1470,8
3,356,1468,-16
3,360,1466,-24
3,360,1464,-8
3,360,1462,0
3,360,1461,-39
3,360,1459,-48
3,361,1457,0
3,362,1455,16
3,363,1455,39
3,363,1454,8
3,361,1454,16
3,361,1455,8
3,360,1456,8
3,358,1457,0
3,357,1458,0
3,358,1458,-24
3,357,1457,-16
3,355,1455,-8
3,353,1453,-8
3,353,1451,-48
3,354,1448,0
3,354,1447,16
3,355,1446,48
3,355,1446,8
3,355,1446,-8
3,354,1447,0
3,356,1448,0
3,356,1447,0
3,357,1446,-8
3,358,1447,0
3,359,1446,-32
3,359,1444,-24
3,360,1443,-8
3,360,1441,-48
3,360,1440,-8
3,361,1439,8
3,361,1437,-8
3,360,1437,32
3,359,1438,8
3,357,1440,8
3,355,1442,16
3,354,1443,8
3,353,1440,8
3,353,1441,8
3,352,1441,-16
3,351,1442,-48
3,351,1442,-16
3,350,1442,-24
3,349,1440,39
3,349,1439,0
3,350,1437,16
3,350,1437,39
3,351,1437,32
3,351,1436,32
3,352,1435,24
3,353,1437,0
3,352,1437,0
3,353,1436,0
3,355,1430,48
3,355,1428,-24
3,354,1425,-32
3,353,1425,-24
3,352,1424,-64
3,350,1423,-8
3,348,1422,16
3,346,1422,0
3,344,1422,32
3,342,1423,24
3,341,1425,24
3,340,1427,8
3,339,1429,-8
3,338,1430,-16
3,341,1432,0
3,341,1432,-8
3,340,1434,8
3,339,1436,-8
3,337,1436,-64
3,335,1434,-48
3,333,1432,0
3,332,1431,0
3,331,1429,8
3,330,1429,32
3,326,1430,8
3,324,1431,16
3,322,1433,8
3,320,1435,8
3,319,1434,0
3,318,1435,0
3,317,1436,16
3,318,1436,0
3,320,1437,8
3,320,1437,-32
3,318,1438,16
3,317,1439,24
3,315,1440,8
3,314,1441,24
3,315,1443,48
3,316,1446,32
3,318,1448,0
3,320,1450,-8
3,319,1454,0
3,319,1460,0
3,318,1464,8
3,317,1465,8
3,317,1464,-8
3,317,1463,-48
3,316,1462,0
3,316,1462,16
3,314,1461,0
3,312,1461,16
3,309,1462,32
3,308,1465,16
3,307,1467,8
3,308,1469,0
3,307,1471,-8
3,307,1472,-16
3,305,1473,8
3,301,1473,-32
3,298,1472,-56
3,296,1472,32
3,296,1471,0
3,296,1470,39
3,296,1469,8
3,297,1470,0
3,297,1470,-8
3,296,1470,0
3,294,1470,0
3,292,1469,0
3,291,1467,-39
3,291,1465,-32
3,290,1462,-16
3,291,1459,-48
3,292,1455,-8
3,292,1452,8
3,293,1449,-16
3,293,1448,32
3,293,1447,-24
3,294,1446,8
3,291,1443,-24
3,290,1442,0
3,291,1442,-16
3,291,1442,32
3,292,1441,-48
3,291,1438,-39
3,292,1436,-16
3,293,1433,32
3,292,1432,16
3,292,1432,32
3,292,1432,24
3,292,1432,8
3,291,1431,-8
3,290,1430,0
3,291,1429,0
3,292,1428,-8
3,298,1427,-8
3,301,1427,8
3,302,1428,-24
3,303,1429,-56
3,302,1429,-8
3,304,1429,16
3,305,1429,48
3,305,1429,16
3,306,1430,24
3,308,1432,32
3,311,1433,0
3,314,1434,0
3,316,1439,0
3,318,1442,0
3,319,1444,-8
3,318,1446,0
3,319,1447,-48
3,319,1447,-56
3,318,1446,-8
3,316,1446,32
3,315,1446,-8
3,314,1446,0
3,314,1446,8
3,314,1447,32
3,314,1449,-8
3,313,1451,-8
3,312,1452,-8
3,312,1454,-8
3,312,1456,-8
3,313,1457,39
3,312,1457,-32
3,312,1456,-32
3,311,1456,0
3,311,1455,32
3,310,1456,24
3,309,1457,8
3,308,1459,16
3,307,1461,8
3,305,1464,8
3,305,1466,0
3,305,1468,-8
3,304,1470,-8
3,304,1471,-24
3,302,1472,0
3,302,1471,-39
3,301,1469,-39
3,302,1466,-16
3,303,1464,24
3,304,1462,24
3,306,1462,24
3,306,1463,8
3,307,1464,8
3,306,1466,8
3,304,1465,8
3,301,1465,8
3,300,1465,-8
3,299,1465,-16
3,297,1465,-24
3,297,1464,-8
3,294,1463,8
3,292,1462,-24
3,292,1461,8
3,292,1460,39
3,291,1462,-8
3,289,1464,-8
3,287,1466,-8
3,286,1468,0
3,285,1469,-16
3,284,1470,-8
3,282,1470,-16
3,282,1470,0
3,281,1469,-16
3,279,1468,-24
3,278,1467,24
3,276,1467,16
3,273,1468,-16
3,270,1468,-39
3,266,1468,8
3,263,1469,16
3,260,1470,32
3,258,1471,8
3,257,1472,-16
3,257,1472,16
3,257,1473,8
3,257,1475,8
3,258,1476,8
3,257,1478,0
3,255,1480,-8
3,252,1482,-8
3,248,1481,-16
3,246,1481,8
3,248,1481,-8
3,247,1480,-16
3,245,1480,24
3,244,1480,8
3,244,1480,32
3,246,1482,24
3,248,1483,8
3,246,1487,24
3,243,1490,8
3,241,1492,24
3,241,1493,0
3,240,1495,0
3,240,1497,-8
3,241,1499,-8
3,244,1500,-8
3,244,1501,0
3,247,1501,0
3,249,1502,-8
3,250,1501,-64
3,250,1498,-16
3,250,1495,8
3,250,1493,48
3,248,1491,16
3,249,1491,-8
3,250,1491,-16
3,252,1491,8
3,254,1490,8
3,257,1490,0
3,258,1489,-8
3,257,1489,-16
3,258,1488,8
3,259,1485,-24
3,264,1483,16
3,268,1482,24
3,273,1482,-16
3,277,1481,-16
3,277,1480,24
3,275,1482,8
3,274,1484,48
3,277,1486,8
3,278,1487,-8
3,277,1490,8
3,277,1493,8
3,274,1494,-8
3,273,1495,-8
3,271,1497,-24
3,271,1497,-24
3,271,1497,-24
3,275,1498,-8
3,276,1498,8
3,277,1498,-16
3,277,1497,-39
3,276,1496,-8
3,279,1496,16
3,281,1497,39
3,283,1498,0
3,281,1498,-8
3,279,1497,-8
3,280,1496,0
3,282,1496,8
3,283,1496,8
3,284,1496,0
3,284,1496,-8
3,285,1495,-24
3,283,1493,-32
3,284,1491,8
3,285,1489,16
3,283,1487,-8
3,282,1486,-39
3,280,1484,0
3,276,1485,16
3,275,1486,32
3,275,1487,24
3,274,1488,16
3,271,1489,8
3,271,1490,16
3,271,1491,8
3,272,1494,8
3,271,1497,-8
3,273,1499,-8
3,272,1499,-16
3,272,1498,-24
3,271,1498,8
3,271,1497,16
3,270,1496,-39
3,270,1494,-16
3,268,1494,8
3,269,1493,24
3,268,1494,16
3,264,1496,-8
3,262,1498,-8
3,258,1502,16
3,254,1505,8
3,255,1506,-8
3,254,1508,8
3,253,1509,-16
3,252,1510,-24
3,252,1508,-24
3,251,1508,8
3,250,1507,0
3,250,1506,39
3,251,1504,-24
3,252,1502,0
3,253,1501,0
3,254,1501,24
3,253,1504,0
3,250,1506,8
3,248,1508,8
3,245,1510,-8
3,242,1511,-8
3,241,1511,-8
3,240,1510,-16
3,241,1509,-16
3,242,1507,-24
3,243,1506,8
3,244,1505,0
3,243,1504,-16
3,243,1503,32
3,243,1502,16
3,243,1503,24
3,242,1504,24
3,242,1505,16
3,242,1506,-8
3,242,1507,-8
3,240,1509,-8
3,238,1510,8
3,235,1510,-8
3,236,1507,-16
3,236,1505,-32
3,235,1503,-24
3,234,1501,-8
3,236,1498,8
3,238,1495,-39
3,242,1492,24
3,245,1489,0
3,251,1485,-24
3,254,1483,48
3,256,1479,-24
3,255,1476,0
3,255,1473,8
3,255,1471,8
3,257,1467,-8
3,259,1463,-16
3,262,1459,-24
3,263,1455,-16
3,265,1452,16
3,266,1447,32
3,267,1444,-8
3,269,1442,-24
3,269,1440,16
3,270,1439,16
3,273,1437,0
3,274,1438,16
3,270,1440,16
3,267,1441,8
3,266,1443,16
3,267,1445,0
3,267,1447,0
3,267,1447,-16
3,267,1447,-24
3,267,1446,-16
3,270,1446,0
3,271,1446,8
3,271,1448,-24
3,273,1450,-16
3,274,1451,8
3,274,1453,39
3,273,1456,24
3,274,1459,-8
3,274,1463,-16
3,269,1467,8
3,266,1470,8
3,259,1473,-8
3,255,1477,8
3,253,1478,-32
3,253,1479,-24
3,255,1480,8
3,259,1481,32
3,263,1483,16
3,265,1486,8
3,267,1487,-32
3,266,1489,8
3,260,1493,16
3,254,1497,24
3,252,1501,-8
3,253,1503,-8
3,255,1506,0
3,256,1510,8
3,258,1513,-16
3,260,1514,-16
3,262,1515,-16
3,264,1515,-24
3,266,1516,32
3,268,1518,-8
3,269,1520,-24
3,270,1520,-39
3,272,1520,8
3,274,1522,16
3,277,1521,-8
3,280,1521,-24
3,282,1520,8
3,285,1518,0
3,288,1518,0
3,290,1517,-8
3,292,1516,-8
3,293,1517,-16
3,295,1517,-32
3,297,1514,-32
3,297,1511,24
3,299,1510,16
3,302,1510,-8
3,305,1510,-8
3,309,1510,16
3,313,1514,0
3,314,1516,8
3,313,1516,8
3,314,1519,8
3,316,1521,8
3,320,1524,16
3,324,1527,0
3,325,1530,0
3,324,1535,8
3,326,1538,-16
3,327,1541,0
3,327,1543,8
3,328,1544,-16
3,330,1544,-24
3,333,1544,0
3,338,1544,24
3,341,1545,39
3,344,1548,24
3,346,1551,16
3,347,1555,-32
3,346,1560,8
3,348,1565,8
3,350,1569,0
3,352,1572,-8
3,354,1573,-16
3,361,1572,-8
3,366,1572,-8
3,369,1574,0
3,371,1577,-32
3,371,1578,-32
3,368,1579,-8
3,365,1581,24
3,365,1583,56
3,361,1587,16
3,361,1589,-16
3,360,1595,0
3,354,1600,-8
3,348,1605,-8
3,345,1610,0
3,343,1613,-8
3,340,1616,-8
3,337,1619,0
3,339,1622,-16
3,341,1623,-16
3,342,1623,-8
3,342,1623,-39
3,342,1621,-8
3,341,1621,24
3,340,1621,32
3,339,1623,32
3,338,1626,8
3,337,1628,0
3,336,1631,-8
3,338,1634,0
3,339,1636,0
3,340,1638,0
3,340,1639,-32
3,339,1638,-32
3,338,1638,16
3,336,1638,0
3,337,1636,-8
3,337,1636,-16
3,339,1637,16
3,341,1637,24
3,343,1637,8
3,343,1639,0
3,344,1641,16
3,346,1644,16
3,348,1646,-24
3,348,1648,-8
3,347,1650,-16
3,347,1651,-16
3,347,1651,-8
3,346,1650,-8
3,346,1650,24
3,345,1649,-16
3,345,1648,-39
3,343,1648,-16
3,342,1647,8
3,343,1647,39
3,343,1647,8
3,343,1648,8
3,343,1648,0
3,341,1649,16
3,342,1649,8
3,341,1650,0
3,341,1653,-8
3,343,1651,-16
3,342,1652,-8
3,343,1653,-16
3,343,1652,-8
3,346,1653,0
3,353,1653,8
3,357,1652,8
3,357,1653,8
3,356,1649,0
3,358,1648,0
3,358,1645,8
3,360,1639,16
3,361,1636,8
3,364,1636,8
3,367,1636,0
3,368,1636,8
3,369,1637,0
3,371,1636,0
3,372,1637,0
3,371,1638,8
3,371,1639,0
3,373,1642,0
3,371,1645,64
3,366,1648,0
3,361,1650,-8
3,359,1651,-8
3,358,1652,0