3,-47,1274,-8
3,-45,1278,-8
3,-43,1282,-24
3,-39,1284,-16
3,-35,1287,8
3,-31,1290,-32
3,-27,1292,24
3,-24,1294,-8
3,-20,1297,16
3,-19,1300,0
3,-19,1308,0
3,-19,1314,-24
3,-16,1316,-8
3,-11,1318,24
3,-8,1320,24
3,-4,1323,24
3,-1,1326,8
3,0,1331,16
3,2,1335,8
3,3,1339,16
3,0,1343,8
3,0,1346,-24
3,1,1350,8
3,3,1354,0
3,6,1357,0
3,9,1360,0
3,11,1362,-8
3,51,1428,0
3,50,1426,0
3,49,1423,8
3,46,1423,8
3,41,1423,16
3,38,1425,8
3,37,1426,0
3,34,1428,0
3,32,1430,0
3,31,1432,0
3,30,1433,0
3,29,1434,-8
3,28,1434,-8
3,30,1435,-16
3,33,1435,-16
3,33,1436,0
3,34,1437,-16
3,36,1436,-32
3,40,1435,0
3,43,1433,16
3,46,1432,0
3,47,1430,16
3,50,1429,-16
3,51,1430,8
3,52,1431,39
3,52,1432,0
3,54,1435,-8
3,56,1437,16
3,58,1440,24
3,61,1443,32
3,61,1444,-16
3,63,1446,-24
3,64,1448,8
3,67,1450,24
3,69,1452,-8
3,72,1454,-24
3,76,1455,0
3,79,1457,16
3,80,1459,-8
3,82,1459,-32
3,82,1460,-16
3,83,1461,16
3,85,1462,16
3,86,1463,-16
3,88,1463,-8
3,88,1463,16
3,89,1463,16
3,86,1464,8
3,85,1465,-8
3,85,1465,8
3,87,1465,24
3,90,1466,0
3,96,1467,16
3,103,1468,0
3,111,1469,8
3,120,1469,16
3,128,1469,-16
3,137,1468,-16
3,145,1469,8
3,151,1470,32
3,156,1471,-8
3,161,1474,-24
3,167,1475,8
3,173,1477,32
3,178,1478,0
3,183,1479,-24
3,189,1481,-8
3,195,1482,24
3,197,1483,8
3,199,1485,-8
3,203,1485,-24
3,207,1486,16
3,212,1486,16
3,220,1488,-16
3,227,1487,-16
3,233,1487,16
3,240,1486,16
3,244,1487,0
3,248,1486,-8
3,256,1487,8
3,262,1488,24
3,266,1487,-24
3,266,1485,-24
3,264,1482,-16
3,260,1483,0
3,255,1481,-8
3,249,1476,-8
3,246,1474,-16
3,243,1472,-16
3,240,1471,0
3,238,1469,16
3,239,1468,32
3,245,1468,24
3,250,1468,0
3,256,1468,16
3,260,1465,8
3,264,1461,8
3,268,1459,8
3,270,1460,0
3,271,1461,-16
3,273,1463,0
3,276,1465,8
3,278,1466,-16
3,279,1468,-8
3,279,1469,16
3,277,1468,24
3,277,1467,0
3,279,1470,8
3,281,1472,24
3,282,1473,16
3,285,1474,8
3,289,1475,-8
3,292,1478,32
3,297,1481,8
3,301,1481,24
3,305,1483,-8
3,309,1487,32
3,314,1491,8
3,317,1495,-24
3,319,1498,-24
3,322,1499,0
3,326,1499,24
3,329,1499,-8
3,330,1500,0
3,333,1503,8
3,336,1506,24
3,337,1509,-8
3,338,1511,-24
3,339,1515,8
3,339,1519,24
3,340,1524,39
3,340,1527,8
3,342,1531,8
3,343,1534,16
3,345,1537,24
3,347,1541,0
3,351,1544,16
3,354,1546,0
3,356,1548,24
3,358,1549,-16
3,360,1550,-32
3,362,1550,-8
3,364,1550,16
3,367,1548,-8
3,370,1547,-32
3,371,1546,-16
3,373,1545,8
3,375,1545,8
3,377,1545,-24
3,379,1544,-8
3,381,1543,8
3,383,1542,16
3,384,1541,-8
3,386,1541,0
3,389,1541,16
3,391,1541,32
3,394,1541,8
3,396,1542,-8
3,401,1540,8
3,404,1539,24
3,405,1540,16
3,407,1541,8
3,410,1543,0
3,412,1542,8
3,413,1544,0
3,413,1546,-8
3,414,1546,-24
3,415,1545,8
3,415,1544,16
3,416,1542,-16
3,415,1542,-8
3,416,1541,8
3,416,1541,-8
3,417,1538,-16
3,415,1537,-16
3,415,1539,8
3,412,1539,16
3,411,1538,-8
3,411,1535,-16
3,412,1532,0
3,414,1530,24
3,412,1528,8
3,409,1527,-8
3,407,1525,-16
3,407,1523,8
3,407,1520,-8
3,407,1518,-32
3,409,1515,-16
3,410,1513,8
3,410,1511,0
3,414,1509,-16
3,415,1507,0
3,416,1504,8
3,416,1502,24
3,416,1500,-8
3,417,1496,-16
3,419,1494,8
3,419,1492,16
3,419,1489,-16
3,419,1488,-24
3,420,1487,16
3,420,1486,24
3,420,1484,-16
3,420,1483,-16
3,420,1482,-8
3,419,1481,0
3,418,1481,-8
3,417,1480,-8
3,417,1479,-8
3,418,1476,16
3,419,1474,0
3,419,1473,-32
3,419,1471,-8
3,419,1470,16
3,420,1468,-8
3,419,1466,-24
3,421,1461,-8
3,422,1459,16
3,427,1456,16
3,428,1455,-16
3,430,1453,-8
3,427,1451,8
3,424,1451,16
3,422,1450,8
3,420,1452,16
3,419,1452,24
3,419,1452,32
3,418,1452,-8
3,416,1452,-8
3,414,1451,8
3,413,1452,16
3,412,1452,-8
3,410,1453,-16
3,410,1453,-8
3,411,1454,24
3,410,1453,-8
3,412,1452,8
3,413,1450,-16
3,413,1450,8
3,413,1451,8
3,412,1451,-32
3,413,1450,-8
3,414,1449,16
3,413,1448,8
3,413,1448,-24
3,413,1447,-8
3,414,1446,8
3,413,1446,8
3,412,1444,0
3,413,1441,-16
3,414,1438,0
3,415,1436,8
3,415,1435,-16
3,416,1432,-16
3,418,1430,8
3,419,1428,-8
3,423,1426,24
3,425,1425,0
3,426,1424,0
3,428,1421,-16
3,432,1417,-16
3,437,1413,0
3,439,1410,0
3,438,1409,16
3,440,1407,-8
3,441,1406,-8
3,443,1404,8
3,444,1404,8
3,448,1403,-8
3,450,1402,-8
3,452,1402,24
3,450,1403,16
3,449,1402,8
3,450,1402,0
3,449,1402,-8
3,449,1402,0
3,448,1402,0
3,449,1401,-8
3,449,1401,0
3,448,1400,-8
3,448,1398,-24
3,450,1395,8
3,451,1393,16
3,453,1391,-8
3,450,1390,-8
3,447,1391,-8
3,443,1393,8
3,438,1395,32
3,434,1396,-16
3,435,1395,16
3,436,1394,16
3,437,1393,24
3,437,1393,0
3,438,1394,-16
3,440,1395,8
3,440,1396,8
3,439,1398,0
3,437,1398,-16
3,433,1399,0
3,426,1401,0
3,420,1403,-8
3,416,1403,-8
3,413,1403,8
3,412,1403,8
3,408,1403,-8
3,404,1403,-16
3,403,1402,8
3,401,1401,8
3,398,1401,-8
3,397,1397,0
3,395,1395,16
3,392,1395,16
3,391,1395,-16
3,393,1394,-8
3,394,1393,16
3,391,1395,8
3,390,1394,-8
3,389,1394,8
3,389,1394,16
3,389,1394,24
3,391,1393,8
3,394,1392,-16
3,393,1391,-8
3,391,1392,16
3,390,1392,-16
3,386,1392,0
3,384,1392,8
3,382,1392,16
3,379,1392,-8
3,379,1392,-8
3,382,1390,16
3,386,1388,24
3,391,1388,8
3,394,1388,-8
3,397,1388,16
3,399,1389,32
3,401,1389,-8
3,403,1389,-16
3,405,1389,8
3,406,1391,8
3,408,1391,16
3,410,1392,8
3,411,1393,16
3,409,1394,0
3,404,1395,8
3,400,1397,-16
3,400,1398,0
3,400,1399,32
3,403,1400,16
3,405,1401,24
3,405,1403,8
3,399,1405,16
3,396,1407,16
3,388,1410,0
3,383,1414,24
3,382,1419,24
3,383,1424,8
3,386,1429,24
3,386,1434,-8
3,387,1440,8
3,386,1444,24
3,385,1447,0
3,385,1450,-8
3,383,1454,-16
3,381,1457,8
3,380,1460,-8
3,381,1461,8
3,381,1462,0
3,379,1463,8
3,378,1466,0
3,380,1468,-24
3,381,1470,-16
3,380,1471,24
3,380,1472,-8
3,379,1473,-16
3,380,1475,0
3,382,1476,8
3,383,1478,24
3,384,1477,-16
3,387,1476,8
3,390,1474,8
3,392,1472,24
3,392,1470,0
3,394,1470,-8
3,395,1472,-8
3,393,1473,8
3,391,1473,0
3,388,1474,0
3,384,1471,0
3,384,1469,24
3,383,1470,24
3,384,1470,-8
3,385,1471,0
3,386,1472,16
3,389,1474,24
3,390,1475,-8
3,390,1476,-8
3,391,1476,8
3,393,1477,16
3,395,1476,-8
3,398,1475,-24
3,401,1474,-8
3,405,1474,-16
3,408,1472,-39
3,410,1472,-8
3,407,1473,-16
3,404,1472,-8
3,403,1471,0
3,403,1471,8
3,404,1470,8
3,404,1472,0
3,404,1475,8
3,406,1476,8
3,410,1475,0
3,413,1475,0
3,417,1477,-8
3,417,1481,-8
3,420,1484,0
3,423,1486,0
3,426,1487,0
3,428,1488,0
3,429,1488,-16
3,434,1485,-16
3,438,1484,-24
3,441,1482,-16
3,446,1480,0
3,447,1478,-24
3,445,1477,-32
3,440,1477,-8
3,437,1475,8
3,435,1475,16
3,433,1474,-24
3,431,1472,-24
3,429,1471,-16
3,427,1470,16
3,427,1469,-16
3,425,1468,-32
3,419,1469,8
3,415,1469,8
3,410,1470,-24
3,408,1469,-8
3,408,1466,8
3,409,1464,24
3,414,1462,-8
3,416,1459,-16
3,418,1459,8
3,418,1459,32
3,417,1459,8
3,416,1458,-16
3,417,1456,16
3,418,1455,24
3,419,1455,-8
3,420,1455,-16
3,421,1456,8
3,422,1457,32
3,422,1459,0
3,425,1459,-16
3,426,1459,16
3,428,1461,32
3,430,1463,0
3,432,1464,-24
3,433,1465,8
3,434,1466,16
3,435,1467,0
3,436,1468,-56
3,437,1469,-8
3,440,1470,8
3,441,1474,56
3,439,1476,-16
3,440,1478,-8
3,439,1478,-8
3,438,1476,0
3,435,1474,-16
3,434,1472,-32
3,431,1470,-16
3,429,1468,8
3,426,1467,0
3,422,1466,-8
3,420,1464,-24
3,419,1461,0
3,418,1459,16
3,418,1457,0
3,417,1457,8
3,417,1455,-8
3,417,1453,16
3,417,1452,24
3,417,1450,-8
3,418,1447,-8
3,420,1445,16
3,422,1443,24
3,422,1441,8
3,423,1439,16
3,425,1438,8
3,427,1435,-8
3,427,1433,8
3,429,1431,-16
3,429,1429,0
3,429,1428,24
3,428,1427,-8
3,424,1427,-32
3,423,1428,0
3,425,1428,24
3,425,1429,24
3,423,1430,-39
3,423,1431,-16
3,427,1429,24
3,429,1429,32
3,430,1430,-8
3,431,1430,16
3,431,1431,-8
3,431,1431,16
3,430,1432,32
3,428,1433,8
3,430,1433,-24
3,430,1433,-8
3,428,1433,24
3,425,1434,8
3,420,1436,8
3,416,1438,-8
3,414,1440,24
3,411,1441,24
3,409,1442,8
3,408,1443,-32
3,404,1445,16
3,403,1447,8
3,402,1448,16
3,400,1450,-16
3,397,1454,0
3,396,1456,8
3,396,1458,16
3,397,1460,8
3,398,1462,8
3,399,1464,8
3,398,1467,0
3,397,1470,0
3,401,1470,0
3,404,1472,0
3,406,1473,0
3,412,1475,-8
3,414,1476,0
3,417,1480,0
3,422,1483,8
3,426,1485,0
3,425,1485,8
3,424,1486,0
3,422,1487,0
3,423,1489,0
3,424,1490,0
3,425,1490,0
3,425,1491,0
3,424,1491,0
3,423,1491,0
3,423,1490,0
3,426,1489,0
3,427,1489,-8
3,428,1489,-8
3,426,1490,-16
3,422,1490,-16
3,419,1489,-24
3,417,1488,-8
3,416,1487,24
3,413,1487,-39
3,413,1485,-56
3,408,1484,-16
3,404,1482,-16
3,401,1480,8
3,400,1477,-16
3,402,1474,0
3,406,1471,-8
3,412,1469,8
3,414,1467,-48
3,416,1464,-8
3,415,1459,-8
3,415,1454,0
3,416,1451,16
3,416,1447,-8
3,417,1442,8
3,419,1438,-8
3,422,1434,0
3,424,1429,-8
3,426,1424,8
3,429,1420,-16
3,432,1414,-16
3,434,1408,0
3,436,1404,24
3,439,1400,8
3,442,1394,-24
3,444,1389,-8
3,447,1384,0
3,449,1381,0
3,450,1378,0
3,452,1375,-16
3,455,1374,-16
3,459,1372,-16
3,462,1370,-24
3,464,1367,-8
3,467,1364,-39
3,468,1361,-8
3,468,1359,-8
3,467,1355,-8
3,467,1351,-8
3,465,1347,-16
3,462,1343,8
3,459,1341,8
3,457,1337,0
3,456,1334,0
3,456,1332,48
3,453,1330,0
3,451,1327,0
3,449,1325,8
3,449,1322,24
3,450,1318,-8
3,451,1314,-8
3,452,1310,-24
3,453,1304,-8
3,450,1299,24
3,448,1293,32
3,447,1289,48
3,447,1286,8
3,448,1284,24
3,450,1283,32
3,453,1282,8
3,454,1280,-8
3,454,1277,-16
3,456,1273,-24
3,455,1270,8
3,455,1265,-8
3,456,1260,0
3,459,1256,-16
3,464,1253,-8
3,467,1249,8
3,469,1245,-8
3,468,1240,-8
3,466,1238,0
3,463,1236,8
3,459,1236,16
3,457,1236,0
3,456,1236,8
3,457,1236,8
3,459,1237,16
3,462,1239,8
3,462,1241,16
3,464,1243,8
3,462,1246,0
3,457,1250,-8
3,454,1252,-16
3,456,1253,-16
3,458,1253,16
3,459,1254,24
3,459,1255,-32
3,458,1257,16
3,456,1259,8
3,456,1261,16
3,456,1262,8
3,459,1264,0
3,462,1266,0
3,462,1268,24
3,460,1270,8
3,457,1272,-8
3,455,1273,0
3,454,1275,0
3,452,1278,-8
3,453,1280,16
3,455,1282,8
3,456,1285,16
3,453,1288,8
3,450,1291,-8
3,450,1293,-8
3,450,1295,16
3,452,1297,0
3,450,1299,-16
3,448,1302,0
3,446,1305,16
3,443,1308,0
3,443,1308,-24
3,441,1309,8
3,439,1309,-8
3,439,1310,-8
3,440,1310,-16
3,442,1309,-8
3,444,1309,16
3,444,1310,8
3,445,1309,-8
3,444,1309,24
3,443,1310,24
3,440,1311,-8
3,437,1311,8
3,435,1312,8
3,435,1313,24
3,434,1313,-16
3,432,1315,8
3,431,1316,24
3,430,1316,-8
3,432,1317,-8
3,434,1317,0
3,432,1318,24
3,430,1321,16
3,428,1325,0
3,427,1328,0
3,427,1330,24
3,426,1333,39
3,423,1337,-16
3,420,1340,-24
3,418,1344,8
3,418,1347,0
3,421,1349,-8
3,423,1350,16
3,424,1352,8
3,424,1354,-8
3,425,1356,-16
3,426,1357,-24
3,427,1358,8
3,427,1360,16
3,427,1361,-8
3,428,1362,-32
3,428,1363,0
3,428,1365,24
3,429,1366,-8
3,429,1367,8
3,429,1369,8
3,429,1371,24
3,429,1372,8
3,433,1373,0
3,435,1375,-8
3,436,1377,24
3,436,1378,0
3,435,1379,-32
3,435,1380,16
3,437,1380,8
3,438,1380,24
3,440,1380,0
3,438,1382,-8
3,438,1384,-16
3,438,1385,-8
3,437,1386,16
3,435,1388,8
3,434,1388,-24
3,432,1387,-32
3,430,1386,-8
3,426,1385,8
3,423,1385,8
3,420,1385,-8
3,417,1384,-32
3,413,1383,-8
3,409,1381,8
3,407,1379,-24
3,407,1376,-8
3,406,1375,16
3,403,1374,0
3,399,1373,-16
3,398,1370,-32
3,398,1366,-16
3,397,1363,-16
3,398,1359,8
3,397,1357,8
3,397,1356,0
3,397,1357,16
3,397,1357,8
3,395,1358,0
3,396,1359,8
3,397,1360,0
3,395,1360,0
3,391,1361,0
3,388,1363,8
3,386,1364,0
3,385,1366,-8
3,382,1367,0
3,382,1368,-8
3,382,1368,0
3,382,1368,8
3,382,1367,0
3,383,1367,-39
3,386,1368,16
3,389,1369,39
3,390,1371,24
3,393,1371,-16
3,394,1371,-56
3,396,1370,8
3,397,1370,16
3,397,1369,-39
3,398,1368,8
3,400,1366,-16
3,402,1364,-8
3,402,1363,-16
3,400,1364,-8
3,399,1364,-8
3,397,1363,-16
3,397,1361,-8
3,397,1356,8
3,397,1353,8
3,395,1353,24
3,391,1356,32
3,389,1357,0
3,386,1358,16
3,386,1360,24
3,384,1360,-39
3,382,1361,-8
3,378,1364,-32
3,376,1364,-16
3,374,1363,-16
3,370,1361,-24
3,367,1357,8
3,365,1354,24
3,362,1353,8
3,359,1354,-8
3,357,1355,8
3,356,1357,32
3,355,1358,48
3,354,1359,-8
3,353,1359,-24
3,352,1358,-8
3,350,1358,-8
3,346,1357,-16
3,344,1356,16
3,342,1355,-8
3,338,1355,0
3,338,1353,8
3,339,1352,-8
3,339,1351,8
3,338,1350,0
3,337,1349,0
3,336,1347,-8
3,338,1344,0
3,337,1341,8
3,335,1338,16
3,335,1335,32
3,335,1335,16
3,336,1335,-8
3,333,1337,8
3,331,1338,24
3,327,1341,24
3,323,1344,24
3,321,1348,-16
3,320,1352,0
3,319,1355,16
3,320,1357,8
3,322,1355,0
3,324,1355,0
3,326,1358,0
3,327,1360,-8
3,328,1362,-8
3,328,1364,-8
3,328,1366,-8
3,330,1368,-8
3,331,1371,-8
3,331,1374,-8
3,332,1376,0
3,333,1378,0
3,331,1380,0
3,329,1382,-8
3,331,1383,0
3,334,1383,8
3,334,1384,8
3,334,1386,8
3,334,1388,8
3,332,1391,8
3,330,1393,0
3,330,1395,0
3,331,1397,-16
3,330,1399,8
3,329,1400,-32
3,330,1400,-32
3,328,1401,-16
3,328,1402,24
3,326,1403,-8
3,323,1405,16
3,323,1406,16
3,323,1408,39
3,322,1410,8
3,322,1412,-8
3,323,1414,0
3,324,1416,32
3,326,1418,0
3,329,1418,-24
3,331,1419,8
3,333,1421,32
3,334,1421,-32
3,334,1422,-8
3,335,1423,16
3,338,1424,8
3,341,1426,-16
3,344,1428,-8
3,347,1429,16
3,349,1431,16
3,351,1432,-32
3,351,1433,-16
3,352,1435,-16
3,352,1437,-16
3,353,1437,-8
3,353,1438,8
3,358,1440,-16
3,363,1442,0
3,367,1442,-16
3,368,1444,16
3,369,1445,-8
3,369,1446,8
3,367,1447,16
3,364,1447,-16
3,364,1448,-8
3,364,1449,16
3,364,1449,-8
3,363,1449,-24
3,364,1449,0
3,364,1448,16
3,365,1448,0
3,365,1447,-24
3,365,1446,-8
3,367,1444,8
3,367,1443,24
3,368,1442,-16
3,371,1440,-16
3,377,1435,0
3,381,1431,-8
3,384,1429,0
3,387,1427,-16
3,388,1425,-8
3,389,1424,-16
3,392,1422,0
3,394,1422,24
3,396,1422,-8
3,397,1420,-24
3,399,1418,16
3,399,1416,-8
3,399,1412,-16
3,400,1410,24
3,400,1408,0
3,401,1406,-24
3,402,1404,-8
3,405,1402,0
3,408,1400,16
3,409,1399,24
3,407,1399,24
3,407,1398,-24
3,408,1398,-32
3,408,1397,0
3,410,1397,24
3,411,1396,0
3,412,1397,-8
3,413,1398,8
3,414,1399,0
3,415,1400,0
3,417,1401,0
3,421,1401,8
3,423,1402,8
3,424,1405,0
3,425,1408,0
3,423,1409,-8
3,421,1410,0
3,421,1411,0
3,420,1411,-8
3,420,1411,-8
3,420,1410,-16
3,421,1410,16
3,422,1409,16
3,422,1409,-24
3,422,1409,-48
3,423,1409,8
3,423,1410,16
3,422,1411,48
3,420,1412,8
3,422,1412,-8
3,421,1415,24
3,420,1417,8
3,418,1419,-8
3,416,1421,-8
3,413,1422,-16
3,410,1423,-8
3,409,1422,8
3,409,1421,8
3,409,1419,16
3,411,1417,48
3,414,1416,24
3,415,1416,24
3,417,1417,16
3,419,1418,0
3,421,1421,0
3,422,1422,16
3,423,1422,8
3,423,1423,8
3,422,1424,0
3,420,1426,-24
3,419,1426,-32
3,420,1426,-8
3,418,1425,8
3,418,1424,-24
3,419,1424,64
3,420,1423,8
3,421,1423,0
3,422,1423,-24
3,425,1423,24
3,425,1423,-16
3,424,1424,-16
3,422,1424,-8
3,422,1423,-16
3,420,1422,-24
3,417,1420,-16
3,414,1419,-8
3,410,1418,32
3,407,1418,32
3,405,1418,24
3,404,1418,-48
3,407,1416,8
3,410,1414,24
3,412,1412,-8
3,413,1412,8
3,413,1412,-8
3,414,1412,-24
3,414,1411,-16
3,413,1411,-24
3,413,1409,-16
3,413,1408,16
3,413,1408,24
3,414,1407,-32
3,416,1406,-39
3,418,1405,0
3,420,1404,8
3,422,1404,39
3,423,1403,-16
3,422,1402,-24
3,423,1400,-24
3,424,1399,-16
3,424,1398,-8
3,425,1395,0
3,425,1394,24
3,426,1392,0
3,426,1393,32
3,427,1392,-8
3,427,1392,24
3,426,1393,48
3,426,1393,-16
3,422,1396,-8
3,419,1398,-16
3,418,1399,-24
3,417,1398,-16
3,416,1397,-16
3,415,1397,8
3,416,1397,39
3,416,1398,8
3,413,1400,8
3,409,1402,-32
3,406,1404,0
3,402,1407,8
3,400,1409,-16
3,398,1412,0
3,396,1415,-32
3,394,1417,-16
3,392,1418,-24
3,389,1419,-8
3,386,1419,-24
3,386,1418,-8
3,388,1418,24
3,388,1418,-16
3,387,1420,-16
3,384,1421,8
3,382,1422,-8
3,379,1422,-24
3,379,1422,0
3,379,1423,-32
3,379,1422,-24
3,378,1421,0
3,376,1418,-24
3,376,1415,-8
3,374,1409,16
3,374,1406,39
3,374,1405,-24
3,373,1406,-16
3,370,1406,-24
3,367,1405,-24
3,365,1405,-8
3,362,1405,-32
3,357,1405,-32
3,354,1404,-8
3,354,1402,-8
3,358,1399,8
3,360,1393,32
3,363,1390,39
3,362,1389,0
3,357,1390,-16
3,353,1390,0
3,351,1391,16
3,349,1393,16
3,349,1395,8
3,349,1396,-16
3,350,1395,-32
3,351,1393,-8
3,353,1391,-8
3,351,1390,0
3,352,1389,8
3,352,1388,24
3,353,1388,39
3,355,1388,0
3,356,1388,-79
3,356,1387,-39
3,357,1386,-8
3,360,1384,16
3,365,1382,32
3,366,1379,8
3,364,1377,32
3,364,1376,-8
3,366,1376,-8
3,370,1374,8
3,373,1373,0
3,376,1372,0
3,374,1370,16
3,374,1368,24
3,374,1366,32
3,377,1365,39
3,378,1365,-39
3,378,1364,8
3,378,1365,39
3,375,1368,32
3,372,1371,16
3,366,1374,8
3,359,1377,-8
3,353,1379,-8
3,351,1383,8
3,348,1387,0
3,345,1388,-24
3,344,1388,-16
3,344,1386,-8
3,346,1384,8
3,349,1382,32
3,349,1383,16
3,349,1384,16
3,348,1385,16
3,346,1387,-8
3,345,1389,16
3,341,1391,24
3,339,1394,16
3,337,1396,8
3,334,1400,0
3,332,1402,8
3,331,1405,16
3,330,1408,16
3,329,1410,-8
3,329,1412,-16
3,328,1414,24
3,327,1417,32
3,327,1420,0
3,331,1423,-16
3,332,1426,16
3,333,1431,32
3,333,1435,8
3,334,1438,-32
3,334,1440,0
3,335,1443,32
3,338,1445,24
3,342,1446,-8
3,345,1447,-48
3,349,1446,-16
3,351,1446,16
3,353,1447,8
3,351,1449,-24
3,347,1450,-8
3,346,1452,-16
3,347,1452,-16
3,349,1452,24
3,352,1451,-39
3,354,1449,-24
3,355,1447,0
3,355,1446,8
3,352,1446,-24
3,348,1445,-32
3,345,1443,-16
3,345,1440,-16
3,346,1436,-24
3,349,1431,-16
3,351,1428,-8
3,352,1425,-16
3,351,1422,-8
3,350,1419,8
3,350,1416,-24
3,349,1413,-16
3,349,1411,0
3,349,1409,32
3,349,1406,-16
3,350,1403,-24
3,354,1400,-24
3,355,1397,0
3,355,1393,-24
3,353,1390,0
3,350,1387,8
3,348,1385,8
3,345,1383,24
3,342,1382,16
3,339,1380,0
3,338,1379,-16
3,340,1378,8
3,341,1378,16
3,342,1379,24
3,342,1379,8
3,339,1381,32
3,335,1383,24
3,332,1386,39
3,327,1389,24
3,321,1393,32
3,319,1396,8
3,318,1400,16
3,317,1404,56
3,317,1409,8
3,315,1415,8
3,315,1421,-8
3,315,1427,32
3,316,1432,39
3,316,1437,16
3,316,1441,-8
3,316,1447,-16
3,316,1454,24
3,315,1460,32
3,313,1467,8
3,309,1474,0
3,306,1480,-8
3,306,1487,32
3,306,1494,32
3,306,1500,0
3,306,1505,-24
3,306,1510,0
3,306,1513,-16
3,309,1516,0
3,309,1518,-8
3,311,1520,-8
3,315,1523,-8
3,317,1526,-48
3,318,1529,8
3,314,1530,0
3,311,1531,16
3,311,1532,8
3,312,1533,-8
3,315,1533,0
3,318,1533,-8
3,317,1535,16
3,317,1536,0
3,318,1537,16
3,319,1538,0
3,320,1539,-8
3,319,1538,-32
3,319,1538,-8
3,321,1536,8
3,322,1536,16
3,323,1535,8
3,325,1535,-39
3,326,1535,0
3,326,1534,16
3,327,1533,0
3,325,1533,-8
3,325,1532,-24
3,326,1532,8
3,326,1531,-8
3,326,1529,-8
3,326,1528,16
3,326,1526,0
3,327,1524,-16
3,330,1518,-8
3,333,1514,16
3,334,1511,-16
3,335,1509,8
3,333,1508,0
3,333,1506,-8
3,332,1504,-16
3,331,1503,16
3,330,1501,8
3,330,1499,-8
3,329,1497,-16
3,329,1495,16
3,327,1495,0
3,325,1494,0
3,324,1492,-16
3,324,1490,8
3,323,1490,24
3,322,1490,8
3,321,1489,-39
3,321,1489,8
3,322,1489,24
3,321,1489,0
3,322,1488,-16
3,321,1487,8
3,321,1487,24
3,322,1487,8
3,322,1486,-24
3,322,1486,0
3,324,1485,24
3,324,1485,0
3,325,1485,-8
3,325,1484,8
3,326,1485,32
3,327,1486,8
3,326,1487,-24
3,327,1487,8
3,329,1487,24
3,329,1487,0
3,330,1487,-39
3,334,1486,-8
3,336,1486,24
3,338,1487,8
3,341,1487,-16
3,342,1487,-8
3,343,1488,32
3,344,1488,0
3,347,1488,-16
3,347,1487,-16
3,348,1486,8
3,347,1485,8
3,345,1485,0
3,344,1484,-8
3,343,1484,24
3,339,1486,48
3,335,1487,0
3,333,1487,16
3,335,1487,-8
3,337,1489,48
3,341,1488,0
3,342,1487,-8
3,342,1486,8
3,341,1485,8
3,339,1485,8
3,339,1486,16
3,340,1485,0
3,342,1485,16
3,343,1485,16
3,344,1484,16
3,346,1483,8
3,347,1483,24
3,349,1483,24
3,350,1483,8
3,352,1484,8
3,355,1484,24
3,358,1484,32
3,362,1485,8
3,365,1486,0
3,369,1487,0
3,374,1488,8
3,378,1489,8
3,381,1490,8
3,384,1491,-8
3,390,1490,-8
3,393,1490,-24
3,393,1490,-24
3,394,1489,-24
3,393,1487,-16
3,393,1485,-8
3,392,1484,-8
3,388,1483,0
3,380,1484,-8
3,374,1484,-8
3,372,1482,8
3,369,1482,0
3,366,1482,0
3,364,1482,0
3,362,1481,0
3,363,1481,0
3,364,1481,0
3,365,1482,0
3,363,1482,-8
3,362,1481,-8
3,360,1479,-8
3,359,1477,-8
3,358,1474,-8
3,354,1472,-32
3,353,1468,-24
3,354,1462,-24
3,356,1457,32
3,355,1454,32
3,356,1452,-16
3,355,1451,8
3,355,1451,16
3,356,1451,24
3,357,1452,16
3,355,1452,-32
3,353,1452,16
3,353,1453,8
3,349,1455,39
3,346,1457,8
3,342,1460,-32
3,339,1463,24
3,335,1467,8
3,328,1473,56
3,322,1478,0
3,314,1483,-39
3,308,1488,24
3,302,1493,16
3,296,1498,16
3,292,1504,16
3,289,1511,16
3,286,1516,8
3,281,1521,16
3,277,1525,-8
3,272,1528,-39
3,267,1530,-8
3,262,1534,24
3,258,1538,16
3,253,1540,-24
3,248,1541,-24
3,243,1541,-8
3,239,1543,-8
3,235,1544,-8
3,231,1543,-16
3,225,1542,-8
3,219,1540,-8
3,215,1541,8
3,213,1541,-8
3,212,1540,-39
3,210,1539,-16
3,209,1537,-24
3,206,1534,-8
3,206,1532,0
3,203,1528,-32
3,201,1525,0
3,199,1521,16
3,195,1517,8
3,194,1514,-39
3,195,1509,-24
3,198,1506,8
3,202,1502,32
3,206,1500,32
3,207,1498,8
3,210,1495,-24
3,212,1491,8
3,216,1488,24
3,219,1483,-16
3,223,1480,-8
3,226,1477,-24
3,229,1474,16
3,233,1471,-8
3,235,1468,-24
3,241,1465,8
3,247,1461,8
3,251,1460,0
3,255,1459,-8
3,259,1456,-8
3,263,1454,0
3,267,1451,-16
3,270,1448,-24
3,273,1444,-24
3,277,1439,-16
3,280,1435,16
3,281,1433,-8
3,283,1431,-56
3,286,1428,0
3,289,1426,8
3,291,1424,0
3,291,1422,0
3,293,1420,-16
3,294,1418,8
3,293,1417,16
3,292,1415,-8
3,291,1412,16
3,293,1410,8
3,294,1407,16
3,298,1404,0
3,300,1401,-16
3,303,1399,16
3,306,1397,24
3,306,1396,0
3,308,1395,-8
3,311,1395,24
3,315,1394,32
3,321,1394,0
3,327,1394,32
3,331,1394,24
3,336,1394,39
3,338,1396,16
3,341,1397,-16
3,343,1397,0
3,344,1399,32
3,347,1402,16
3,354,1404,-8
3,361,1405,-24
3,366,1405,-8
3,372,1406,8
3,375,1407,-39
3,379,1407,-8
3,384,1407,16
3,388,1409,16
3,391,1411,32
3,395,1412,0
3,398,1413,-8
3,400,1414,0
3,406,1413,16
3,413,1414,8
3,419,1414,8
3,425,1414,-32
3,431,1415,0
3,436,1417,32
3,442,1417,-8
3,447,1417,-16
3,449,1418,-8
3,454,1418,16
3,461,1421,32
3,468,1424,8
3,473,1425,-16
3,478,1425,16
3,484,1425,-16
3,489,1425,8
3,494,1424,-32
3,500,1423,8
3,503,1422,8
3,504,1421,-24
3,505,1420,-16
3,507,1417,-8
3,508,1416,16
3,509,1413,-16
3,511,1411,-16
3,512,1409,8
3,513,1408,32
3,514,1408,8
3,516,1407,16
3,516,1408,16
3,516,1409,39
3,518,1410,16
3,522,1410,24
3,523,1410,0
3,523,1410,0
3,523,1411,16
3,524,1413,-16
3,524,1414,0
3,524,1416,-8
3,523,1418,16
3,523,1418,-16
3,522,1419,-39
3,521,1419,-8
3,523,1418,8
3,524,1417,8
3,523,1417,-8
3,523,1417,-8
3,519,1418,-8
3,515,1418,16
3,512,1419,-8
3,512,1418,16
3,512,1417,0
3,510,1417,32
3,509,1417,-8
3,509,1416,16
3,511,1412,-16
3,513,1410,16
3,512,1409,0
3,511,1406,-32
3,508,1403,-16
3,505,1401,-16
3,502,1399,8
3,501,1396,-8
3,500,1392,8
3,499,1389,0
3,499,1386,-8
3,499,1382,8
3,501,1379,8
3,501,1378,-8
3,499,1378,39
3,499,1377,8
3,499,1375,-8
3,499,1374,16
3,499,1372,0
3,501,1371,-8
3,503,1369,-32
3,504,1367,8
3,505,1365,24
3,505,1363,0
3,506,1362,-16
3,505,1362,8
3,505,1361,24
3,506,1359,-8
3,507,1359,8
3,506,1358,8
3,508,1357,24
3,508,1358,8
3,507,1360,-24
3,507,1361,8
3,508,1362,24
3,507,1364,8
3,507,1365,-8
3,509,1366,-24
3,512,1367,8
3,515,1367,8
3,519,1371,-16
3,522,1371,-8
3,527,1366,8
3,530,1361,24
3,531,1359,-8
3,533,1359,-24
3,533,1359,-8
3,533,1358,0
3,533,1359,-8
3,534,1359,-16
3,534,1360,-8
3,532,1360,-8
3,529,1362,24
3,526,1362,8
3,522,1362,-16
3,518,1362,-8
3,515,1363,8
3,511,1364,16
3,508,1366,8
3,508,1372,8
3,509,1377,8
3,506,1380,0
3,500,1384,8
3,495,1388,-8
3,492,1391,-8
3,490,1393,-8
3,486,1397,-8
3,482,1398,-8
3,476,1401,-16
3,474,1402,0
3,475,1402,0
3,478,1400,8
3,483,1399,0
3,488,1398,0
3,491,1398,8
3,495,1399,8
3,504,1401,16
3,511,1402,-8
3,514,1402,0
3,514,1402,-8
3,514,1399,-8
3,512,1398,-8
3,509,1398,-8
3,507,1398,-8
3,505,1399,0
3,502,1400,-16
3,501,1401,0
3,499,1403,-8
3,496,1404,0
3,495,1404,-8
3,493,1404,8
3,491,1403,-32
3,489,1402,16
3,488,1400,8
3,487,1397,32
3,485,1396,16
3,481,1394,-32
3,478,1394,8
3,475,1395,32
3,474,1397,39
3,474,1398,-8
3,471,1401,8
3,465,1403,8
3,461,1404,0
3,457,1405,-16
3,455,1406,-8
3,451,1410,-8
3,450,1411,16
3,448,1410,39
3,445,1411,-56
3,443,1412,56
3,441,1413,-32
3,439,1413,8
3,437,1413,48
3,436,1413,16
3,437,1412,-24
3,437,1411,-16
3,435,1410,-8
3,435,1409,0
3,432,1408,-16
3,427,1406,-24
3,423,1402,-16
3,418,1400,16
3,416,1399,8
3,414,1398,-48
3,412,1397,-56
3,406,1397,-24
3,403,1397,16
3,404,1396,24
3,404,1396,0
3,403,1396,-24
3,401,1396,-8
3,396,1395,8
3,392,1394,-16
3,388,1394,0
3,384,1393,-24
3,383,1391,-24
3,383,1386,0
3,385,1383,8
3,386,1381,16
3,385,1379,-39
3,383,1378,8
3,381,1377,32
3,379,1377,16
3,374,1378,-8
3,371,1379,-16
3,365,1382,64
3,360,1384,16
3,358,1385,0
3,359,1385,0
3,359,1383,-24
3,359,1381,-8
3,359,1380,32
3,357,1379,24
3,356,1379,16
3,356,1378,-64
3,359,1376,-8
3,360,1376,-8
3,360,1377,48
3,362,1377,8
3,362,1377,-16
3,361,1377,-8
3,361,1377,8
3,360,1376,-8
3,361,1375,-16
3,361,1372,-24
3,362,1370,-24
3,362,1368,0
3,363,1365,16
3,363,1361,32
3,363,1359,8
3,363,1358,56
3,361,1358,16
3,359,1359,24
3,356,1359,-24
3,354,1358,0
3,352,1358,0
3,350,1358,8
3,349,1358,16
3,348,1358,0
3,349,1359,0
3,348,1359,-8
3,346,1361,-8
3,344,1362,-24
3,339,1364,-8
3,336,1365,-8
3,332,1365,24
3,330,1362,39
3,328,1361,24
3,328,1361,-32
3,326,1361,8
3,325,1362,32
3,324,1362,-8
3,329,1360,8
3,331,1360,8
3,332,1361,8
3,334,1363,0
3,333,1365,8
3,328,1367,0
3,324,1368,0
3,322,1370,-8
3,322,1371,-8
3,322,1370,-32
3,323,1369,-32
3,325,1368,0
3,323,1368,24
3,324,1368,8
3,325,1367,-48
3,325,1367,-8
3,325,1367,24
3,325,1368,48
3,325,1369,39
3,325,1371,0
3,323,1373,8
3,322,1375,8
3,326,1378,0
3,332,1378,-8
3,336,1378,-16
3,336,1378,-24
3,336,1377,-32
3,339,1375,-8
3,339,1374,24
3,342,1373,24
3,343,1373,-8
3,343,1372,-48
3,342,1371,0
3,341,1371,-8
3,341,1372,48
3,340,1373,16
3,339,1374,-8
3,339,1375,8
3,340,1376,16
3,341,1377,8
3,340,1379,8
3,341,1379,-8
3,345,1376,-16
3,347,1374,-24
3,347,1371,-39
3,348,1367,-39
3,349,1363,-16
3,350,1362,24
3,350,1359,39
3,350,1358,0
3,348,1358,-64
3,348,1359,8
3,348,1360,24
3,347,1363,56
3,345,1366,24
3,344,1369,-8
3,341,1374,8
3,341,1377,16
3,340,1381,16
3,338,1385,8
3,339,1390,8
3,340,1394,8
3,339,1397,-8
3,334,1400,-24
3,332,1402,-24
3,327,1401,-48
3,320,1399,-16
3,315,1397,24
3,317,1396,8
3,317,1396,-24
3,318,1396,-16
3,319,1397,0
3,318,1398,24
3,313,1399,24
3,309,1401,-8
3,303,1402,-16
3,301,1403,-8
3,299,1403,0
3,294,1404,0
3,292,1404,0
3,291,1404,0
3,293,1405,8
3,302,1405,8
3,309,1404,-8
3,311,1405,-32
3,312,1404,-8
3,312,1402,8
3,313,1399,32
3,313,1398,-8
3,310,1398,8
3,306,1398,0
3,301,1400,24
3,295,1401,0
3,291,1401,-8
3,293,1400,8
3,294,1399,0
3,295,1401,8
3,296,1403,0
3,295,1404,8
3,295,1405,8
3,299,1407,-24
3,301,1408,-8
3,301,1408,-16
3,302,1409,8
3,302,1409,8
3,301,1410,16
3,299,1410,-8
3,298,1411,-39
3,298,1412,-8
3,301,1415,32
3,303,1418,48
3,305,1419,8
3,305,1422,16
3,306,1425,8
3,306,1428,8
3,306,1431,8
3,306,1433,0
3,305,1436,0
3,305,1439,-24
3,304,1441,-16
3,308,1442,16
3,310,1444,-8
3,311,1445,-32
3,311,1446,-56
3,311,1447,8
3,312,1448,24
3,314,1450,32
3,315,1452,8
3,316,1455,-16
3,313,1458,0
3,312,1459,-24
3,313,1458,-16
3,312,1456,-24
3,311,1455,-8
3,310,1453,-24
3,308,1449,-8
3,305,1445,32
3,302,1444,16
3,300,1444,32
3,299,1443,-39
3,300,1442,-8
3,298,1440,-16
3,297,1439,24
3,297,1438,-8
3,297,1438,-8
3,297,1437,-24
3,295,1436,-16
3,295,1433,-16
3,295,1430,-16
3,295,1427,0
3,296,1424,0
3,295,1421,-16
3,296,1418,32
3,298,1417,39
3,300,1414,56
3,302,1414,24
3,301,1415,39
3,301,1416,8
3,301,1418,0
3,301,1418,-8
3,301,1419,8
3,302,1420,8
3,304,1423,0
3,305,1425,8
3,309,1426,0
3,309,1427,-8
3,310,1428,-8
3,310,1429,-24
3,309,1430,-32
3,309,1430,-16
3,312,1428,8
3,312,1426,32
3,311,1426,-8
3,310,1427,16
3,307,1430,16
3,304,1433,24
3,302,1436,24
3,299,1438,8
3,294,1439,8
3,290,1440,0
3,290,1441,0
3,291,1441,0
3,288,1441,0
3,287,1441,0
3,283,1442,-8
3,281,1445,0
3,281,1446,-24
3,281,1447,-39
3,280,1446,-24
3,282,1445,8
3,282,1445,24
3,281,1446,8
3,279,1447,-48
3,279,1448,-8
3,275,1450,32
3,274,1453,48
3,273,1456,8
3,271,1459,-8
3,265,1462,8
3,262,1465,8
3,259,1467,0
3,256,1470,8
3,256,1474,8
3,255,1478,0
3,253,1482,0
3,252,1486,16
3,252,1491,0
3,252,1494,-8
3,253,1498,-8
3,253,1501,-24
3,252,1502,-32
3,251,1501,-39
3,251,1500,-39
3,250,1496,-48
3,252,1490,-24
3,254,1486,-24
3,258,1481,-24
3,262,1474,-16
3,266,1468,0
3,271,1461,-8
3,275,1455,16
3,278,1450,0
3,280,1445,-8
3,281,1442,-8
3,283,1439,0
3,284,1438,0
3,286,1436,0
3,288,1431,0
3,286,1427,0
3,285,1424,0
3,287,1420,8
3,292,1415,16
3,299,1407,8
3,304,1401,0
3,305,1397,-32
3,306,1393,-16
3,307,1390,8
3,308,1388,24
3,305,1387,24
3,304,1387,0
3,302,1386,0
3,300,1387,0
3,297,1387,0
3,295,1385,0
3,294,1384,0
3,295,1384,0
3,295,1384,-16
3,296,1383,-32
3,297,1378,-39
3,298,1374,8
3,295,1370,32
3,294,1367,39
3,294,1366,8
3,296,1366,-8
3,298,1365,8
3,297,1366,39
3,298,1367,24
3,299,1368,0
3,300,1369,8
3,299,1371,-8
3,300,1373,16
3,299,1374,0
3,298,1375,8
3,296,1377,-8
3,295,1377,-8
3,296,1377,-16
3,298,1377,-24
3,296,1375,-24
3,295,1373,-8
3,295,1369,24
3,295,1366,-48
3,296,1365,-24
3,297,1364,24
3,300,1364,48
3,301,1366,39
3,301,1369,24
3,303,1371,8
3,304,1374,16
3,304,1377,0
3,305,1380,8
3,304,1384,8
3,304,1387,-8
3,306,1391,-8
3,308,1392,-16
3,306,1394,-24
3,305,1394,-39
3,304,1392,-24
3,306,1391,24
3,307,1389,48
3,306,1390,8
3,305,1391,-32
3,303,1393,24
3,303,1394,16
3,302,1397,48
3,301,1400,8
3,301,1404,-16
3,300,1408,-8
3,298,1411,0
3,294,1413,-16
3,291,1414,-8
3,288,1417,0
3,287,1419,8
3,286,1420,0
3,286,1421,0
3,286,1422,-8
3,285,1422,0
3,283,1424,24
3,282,1426,-16
3,284,1427,16
3,286,1427,-48
3,287,1427,8
3,289,1427,39
3,288,1428,0
3,287,1430,8
3,286,1432,0
3,288,1434,32
3,289,1437,32
3,289,1440,8
3,289,1444,0
3,290,1446,-8
3,291,1449,0
3,293,1451,-8
3,293,1453,-24
3,293,1455,-24
3,292,1456,-39
3,292,1454,-39
3,293,1452,-16
3,294,1449,32
3,294,1448,39
3,294,1449,-39
3,292,1449,-8
3,290,1451,16
3,288,1453,24
3,287,1455,39
3,286,1458,24
3,286,1462,-8
3,285,1465,8
3,284,1468,-8
3,284,1471,-8
3,284,1471,-8
3,284,1472,-8
3,286,1472,0
3,287,1474,0
3,289,1475,8
3,290,1476,0
3,290,1475,-8
3,291,1474,-24
3,290,1473,-24
3,292,1472,39
3,292,1471,0
3,291,1470,-39
3,292,1468,-56
3,292,1467,-8
3,294,1466,32
3,295,1466,48
3,294,1465,-8
3,295,1464,0
3,297,1463,39
3,297,1462,16
3,297,1463,0
3,298,1463,-8
3,299,1461,-8
3,301,1456,0
3,300,1454,-8
3,300,1452,-24
3,301,1451,-39
3,301,1448,-24
3,301,1445,16
3,300,1443,24
3,300,1441,-48
3,301,1438,8
3,302,1437,0
3,305,1435,-16
3,307,1435,24
3,308,1435,-16
3,306,1435,8
3,306,1435,0
3,305,1435,16
3,305,1435,0
3,306,1434,8
3,308,1435,8
3,308,1436,-8
3,307,1437,-8
3,306,1437,-24
3,306,1436,-16
3,309,1433,-16
3,316,1430,16
3,319,1427,56
3,319,1425,64
3,317,1424,-24
3,317,1423,8
3,317,1422,24
3,315,1423,24
3,314,1424,0
3,312,1426,-8
3,311,1427,0
3,310,1428,8
3,309,1429,16
3,309,1430,0
3,308,1431,0
3,307,1432,-8
3,303,1433,-24
3,302,1432,-16
3,302,1431,16
3,299,1431,24
3,297,1431,-16
3,295,1431,-32
3,296,1430,0
3,295,1430,24
3,294,1430,39
3,293,1431,0
3,293,1433,-16
3,293,1434,0
3,292,1436,8
3,292,1438,0
3,291,1440,8
3,294,1442,8
3,293,1444,-8
3,294,1445,-8
3,294,1446,-24
3,296,1446,-24
3,296,1446,32
3,296,1445,0
3,291,1448,-64
3,290,1449,-24
3,290,1449,0
3,290,1449,24
3,289,1449,24
3,290,1451,32
3,290,1453,-16
3,291,1454,-8
3,292,1455,8
3,295,1456,8
3,297,1458,8
3,297,1460,0
3,297,1461,-8
3,297,1462,-16
3,296,1463,-8
3,295,1463,0
3,294,1464,16
3,294,1465,-48
3,292,1468,39
3,292,1468,0
3,292,1467,24
3,293,1466,32
3,296,1466,16
3,297,1467,0
3,301,1467,-8
3,301,1468,-8
3,304,1469,0
3,305,1470,-8
3,305,1471,8
3,302,1472,-16
3,301,1473,-32
3,300,1472,-32
3,301,1470,8
3,301,1468,8
3,302,1465,-16
3,303,1463,-48
3,304,1461,8
3,303,1459,16
3,304,1459,48
3,306,1458,-8
3,308,1457,0
3,309,1457,0
3,310,1456,8
3,313,1455,8
3,314,1455,0
3,316,1454,0
3,317,1454,-16
3,314,1453,-32
3,313,1452,0
3,314,1451,16
3,316,1448,32
3,319,1446,-39
3,320,1446,-32
3,319,1446,16
3,319,1448,24
3,322,1449,32
3,323,1451,8
3,325,1452,-8
3,328,1454,8
3,330,1456,0
3,332,1459,8
3,329,1462,8
3,328,1463,0
3,329,1464,8
3,330,1465,-16
3,330,1465,-32
3,329,1467,-8
3,328,1468,24
3,328,1468,-16
3,328,1469,8
3,330,1469,0
3,332,1470,8
3,337,1472,8
3,340,1475,24
3,342,1476,8
3,344,1479,-16
3,346,1481,8
3,349,1483,8
3,353,1485,8
3,355,1489,8
3,356,1494,8
3,356,1498,0
3,352,1502,-8
3,350,1505,0
3,349,1504,-32
3,349,1502,-24
3,351,1501,16
3,354,1504,-16
3,358,1505,-24
3,362,1507,-24
3,365,1509,16
3,369,1511,48
3,375,1514,24
3,379,1519,32
3,383,1522,8
3,386,1526,16
3,390,1531,0
3,397,1533,8
3,403,1537,0
3,408,1540,0
3,413,1544,-8
3,414,1548,-16
3,418,1549,-16
3,420,1551,-24
3,422,1551,0
3,425,1550,0
3,427,1550,16
3,429,1550,-8
3,430,1551,-8
3,432,1553,16
3,431,1556,-8
3,432,1558,48
3,434,1560,24
3,434,1563,-24
3,434,1565,-8
3,432,1567,-8
3,432,1568,-8
3,431,1569,-8
3,428,1570,0
3,425,1571,0
3,424,1573,0
3,422,1574,-8
3,425,1576,-24
3,426,1575,-32
3,426,1574,-32
3,426,1572,0
3,430,1569,24
3,431,1567,-8
3,430,1565,-32
3,430,1563,-24
3,430,1563,16
3,429,1564,16
3,429,1564,32
3,430,1566,0
3,429,1569,0
3,427,1571,-8
3,427,1571,0
3,427,1571,8
3,427,1569,-8
3,425,1569,0
3,426,1570,-8
3,429,1571,-8
3,430,1571,-8
3,431,1570,-16
3,429,1568,-32
3,427,1564,-39
3,426,1560,-16
3,423,1556,8
3,420,1552,8
3,417,1550,0
3,415,1547,-8
3,412,1546,0
3,410,1544,16
3,405,1543,8
3,402,1544,16
3,399,1544,8
3,396,1544,-16
3,392,1543,8
3,388,1542,0
3,384,1543,0
3,381,1542,-8
3,380,1540,-16
3,376,1538,-16
3,375,1534,-24
3,374,1531,-16
3,373,1527,-39
3,372,1523,0
3,371,1519,32
3,370,1516,-39
3,370,1515,-48
3,369,1513,0
3,367,1513,16
3,368,1514,48
3,368,1517,39
3,368,1519,8
3,368,1520,16
3,369,1518,16
3,371,1518,16
3,371,1519,8
3,372,1522,0
3,372,1526,0
3,372,1528,0
3,372,1530,-16
3,371,1530,-32
3,370,1529,-32
3,371,1526,0
3,370,1524,8
3,369,1521,0
3,367,1519,8
3,366,1517,-48
3,365,1514,-8
3,365,1512,16
3,364,1510,24
3,364,1511,16
3,363,1512,-8
3,364,1512,-16
3,363,1513,-8
3,362,1514,8
3,359,1518,-8
3,356,1519,-16
3,356,1518,-16
3,357,1515,-16
3,358,1512,8
3,356,1510,24
3,355,1508,0
3,354,1506,-56
3,354,1506,-8
3,353,1508,16
3,353,1510,32
3,353,1512,32
3,353,1515,16
3,351,1517,-8
3,346,1518,8
3,341,1520,0
3,334,1522,-16
3,329,1523,0
3,327,1524,-16
3,325,1523,-24
3,324,1521,-8
3,321,1519,-8
3,321,1518,-32
3,321,1516,-8
3,321,1514,8
3,320,1513,0
3,320,1514,39
3,319,1514,0
3,318,1514,-8
3,317,1513,-16
3,315,1513,8
3,314,1513,8
3,312,1512,-16
3,311,1510,-16
3,310,1508,-8
3,310,1506,8
3,312,1504,8
3,314,1503,48
3,314,1502,-39
3,313,1502,0
3,316,1502,16
3,319,1502,39
3,319,1502,24
3,320,1503,-8
3,321,1502,0
3,323,1500,0
3,327,1498,8
3,333,1496,-16
3,336,1493,-24
3,337,1490,-32
3,337,1488,16
3,336,1486,0
3,336,1484,-32
3,336,1483,-48
3,337,1481,0
3,336,1481,16
3,338,1480,32
3,338,1481,8
3,339,1481,-16
3,339,1481,0
3,338,1480,0
3,337,1480,8
3,335,1480,0
3,333,1479,0
3,332,1479,-16
3,331,1477,-24
3,331,1474,-24
3,329,1472,16
3,329,1471,0
3,329,1469,-24
3,330,1467,-24
3,330,1467,16
3,329,1467,24
3,328,1467,48
3,324,1468,8
3,321,1470,-8
3,320,1471,0
3,318,1473,0
3,316,1475,16
3,314,1477,8
3,312,1479,8
3,313,1483,0
3,318,1484,-16
3,320,1485,-24
3,320,1482,-39
3,322,1480,0
3,324,1479,8
3,325,1479,0
3,325,1480,32
3,325,1481,-16
3,326,1484,24
3,326,1487,39
3,326,1491,64
3,325,1496,24
3,324,1501,-8
3,321,1505,8
3,322,1508,8
3,324,1512,8
3,323,1512,0
3,324,1516,-8
3,326,1521,0
3,326,1525,-16
3,327,1529,-8
3,326,1531,-32
3,328,1532,-32
3,334,1533,-16
3,338,1533,0
3,340,1531,32
3,337,1529,24
3,333,1526,-32
3,331,1524,0
3,331,1523,24
3,332,1523,39
3,336,1522,0
3,341,1520,-16
3,347,1519,0
3,351,1518,16
3,354,1518,8
3,359,1517,8
3,362,1517,0
3,364,1516,-8
3,367,1516,0
3,368,1517,-8
3,368,1516,-32
3,367,1514,-39
3,368,1512,-8
3,371,1510,16
3,373,1506,39
3,374,1502,48
3,375,1499,-56
3,373,1498,-8
3,371,1497,16
3,370,1497,32
3,373,1495,39
3,374,1493,0
3,374,1493,-8
3,373,1496,8
3,371,1498,-8
3,369,1501,8
3,368,1503,8
3,371,1503,0
3,373,1505,0
3,370,1508,8
3,366,1514,0
3,360,1517,-16
3,355,1520,8
3,354,1524,0
3,354,1524,-32
3,354,1524,-8
3,358,1522,16
3,358,1520,-8
3,356,1519,56
3,353,1518,-16
3,347,1517,16
3,340,1517,24
3,333,1519,64
3,327,1523,16
3,325,1527,-8
3,320,1532,8
3,318,1536,16
3,316,1539,0
3,313,1542,-8
3,308,1545,0
3,304,1549,-8
3,302,1552,-16
3,298,1555,-32
3,294,1556,-32
3,290,1556,-8
3,287,1556,24
3,283,1557,-16
3,280,1558,48
3,280,1558,-24
3,281,1557,0
3,282,1557,8
3,284,1556,32
3,286,1556,8
3,287,1554,0
3,289,1553,-8
3,292,1552,8
3,293,1552,-8
3,293,1551,0
3,292,1550,-24
3,292,1548,-24
3,292,1546,0
3,292,1544,8
3,292,1542,-16
3,294,1540,8
3,294,1539,16
3,296,1539,16
3,298,1539,39
3,301,1538,16
3,303,1537,0
3,305,1536,-16
3,309,1535,0
3,309,1534,-8
3,308,1534,-8
3,308,1532,-32
3,309,1529,-24
3,309,1527,-8
3,310,1524,-8
3,310,1521,-8
3,309,1518,0
3,311,1520,0
3,311,1521,39
3,312,1521,8
3,313,1521,24
3,314,1522,-8
3,314,1522,24
3,316,1524,39
3,318,1526,24
3,320,1527,-8
3,320,1530,0
3,322,1533,16
3,325,1533,8
3,328,1535,8
3,330,1536,8
3,331,1537,8
3,329,1539,8
3,329,1541,0
3,330,1543,-8
3,334,1542,0
3,340,1543,-8
3,345,1543,-16
3,350,1542,8
3,353,1541,16
3,355,1541,-24
3,354,1542,-8
3,353,1542,-16
3,351,1544,24
3,350,1546,-8
3,351,1549,16
3,351,1552,32
3,351,1557,0
3,351,1563,16
3,349,1568,8
3,349,1574,0
3,350,1579,0
3,352,1585,24
3,354,1590,-8
3,352,1596,0
3,352,1599,-24
3,353,1601,-16
3,351,1602,-16
3,350,1602,-8
3,347,1603,-16
3,345,1604,8
3,343,1606,32
3,342,1608,39
3,343,1611,-16
3,344,1613,-56
3,345,1614,-16
3,346,1614,8
3,346,1615,48
3,346,1617,32
3,346,1620,8
3,346,1624,0
3,345,1630,0
3,343,1635,0
3,341,1639,0
3,340,1643,0
3,339,1648,8
3,339,1650,-24
3,339,1651,-24
3,337,1652,-48
3,336,1650,-32
3,339,1645,8
3,341,1642,8
3,344,1641,48
3,347,1642,-24
3,348,1640,0
3,350,1638,0
3,351,1638,24
3,351,1639,0
3,351,1639,-24
3,352,1638,-8
3,352,1636,8
3,351,1636,32
3,350,1636,0
3,351,1635,-39
3,352,1634,8
3,351,1630,-16
3,352,1626,0
3,352,1624,-8
3,351,1621,-24
3,351,1618,-48
3,351,1615,-16
3,351,1611,0
3,352,1608,16
3,353,1603,-16
3,355,1599,8
3,355,1593,-16
3,355,1587,0
3,352,1582,0
3,351,1577,-16
3,350,1572,-8
3,350,1566,0
3,350,1559,0
3,350,1552,0
3,351,1546,16
3,350,1541,-8
3,350,1536,16
3,352,1531,-8
3,353,1525,-24
3,352,1521,0
3,350,1517,0
3,347,1513,-8
3,345,1510,0
3,344,1506,0
3,344,1501,16
3,345,1496,-8
3,349,1493,16
3,351,1489,8
3,352,1485,0
3,353,1480,-16
3,352,1477,0
3,351,1473,8
3,348,1470,8
3,345,1468,-8
3,342,1465,-8
3,340,1461,16
3,337,1459,16
3,335,1457,-8
3,331,1456,8
3,328,1455,16
3,326,1455,0
3,328,1453,-8
3,327,1453,0
3,326,1452,24
3,323,1451,24
3,320,1451,-24
3,317,1450,-16
3,314,1450,8
3,312,1449,16
3,307,1449,16
3,306,1447,-16
3,307,1445,16
3,305,1444,16
3,303,1444,24
3,302,1444,-8
3,302,1443,16
3,303,1444,0
3,304,1444,-16
3,306,1443,-8
3,307,1442,24
3,308,1441,16
3,310,1442,16
3,313,1443,32
3,315,1443,-8
3,317,1445,16
3,319,1446,0
3,321,1448,8
3,322,1450,8
3,324,1452,24
3,327,1455,8
3,328,1457,0
3,331,1461,8
3,334,1464,16
3,338,1467,0
3,342,1470,0
3,348,1474,24
3,352,1478,0
3,355,1481,-8
3,358,1484,0
3,362,1487,8
3,363,1489,-8
3,365,1490,-32
3,369,1490,-24
3,373,1490,16
3,375,1490,-24
3,377,1489,-39
3,379,1487,-16
3,382,1485,8
3,384,1483,8
3,386,1482,8
3,388,1480,-8
3,389,1477,16
3,391,1475,-8
3,393,1472,0
3,395,1468,-24
3,397,1465,24
3,397,1463,-8
3,398,1460,-8
3,400,1457,0
3,402,1454,24
3,404,1452,24
3,404,1450,-8
3,405,1448,0
3,405,1447,24
3,405,1448,48
3,404,1448,16
3,404,1450,0
3,405,1451,16
3,406,1453,0
3,408,1456,32
3,407,1458,24
3,406,1460,-8
3,406,1461,24
3,407,1462,0
3,408,1464,0
3,408,1465,-16
3,409,1467,24
3,409,1470,0
3,409,1474,0
3,411,1478,16
3,414,1480,24
3,417,1484,39
3,422,1488,0
3,427,1491,-24
3,430,1495,16
3,431,1499,32
3,431,1504,-16
3,431,1509,-8
3,432,1513,16
3,434,1517,39
3,437,1520,-16
3,439,1524,8
3,442,1528,0
3,444,1532,24
3,447,1534,0
3,450,1536,-39
3,451,1537,-8
3,453,1539,16
3,453,1540,-16
3,455,1540,-32
3,458,1538,0
3,459,1539,24
3,460,1540,24
3,459,1540,-16
3,460,1540,0
3,461,1539,16
3,462,1539,-8
3,461,1538,-24
3,462,1537,-8
3,462,1538,24
3,461,1539,16
3,462,1538,-24
3,463,1537,8
3,462,1536,-16
3,461,1536,8
3,462,1534,-8
3,466,1531,8
3,470,1529,24
3,472,1528,-8
3,471,1528,8
3,473,1529,24
3,474,1529,16
3,474,1528,0
3,473,1528,16
3,472,1528,8
3,472,1527,8
3,472,1527,-8
3,472,1527,-32
3,473,1527,8
3,475,1527,32
3,476,1527,-8
3,477,1526,-8
3,476,1526,8
3,475,1525,16
3,472,1526,16
3,470,1526,-8
3,468,1527,8
3,467,1529,16
3,465,1532,-8
3,463,1533,0
3,461,1534,8
3,457,1536,8
3,457,1538,0
3,456,1540,-16
3,456,1542,8
3,454,1544,-8
3,453,1545,0
3,451,1546,-32
3,450,1548,0
3,450,1549,8
3,450,1550,8
3,448,1550,-24
3,445,1552,0
3,443,1554,32
3,442,1557,24
3,441,1560,16
3,440,1563,-8
3,438,1566,16
3,437,1568,16
3,436,1570,0
3,434,1570,-8
3,433,1571,8
3,433,1573,8
3,433,1574,-16
3,433,1574,-8
3,433,1575,8
3,433,1576,8
3,434,1578,-8
3,434,1579,-24
3,434,1581,-8
3,434,1582,16
3,437,1583,-16
3,439,1584,-16
3,440,1585,16
3,439,1586,24
3,438,1586,-24
3,439,1587,0
3,441,1588,16
3,442,1589,8
3,443,1590,-32
3,444,1590,-8
3,446,1591,8
3,447,1591,24
3,449,1593,16
3,452,1593,0
3,455,1593,16
3,458,1594,32
3,460,1595,-24
3,462,1595,-24
3,464,1596,8
3,465,1597,32
3,467,1598,0
3,469,1599,-16
3,470,1600,16
3,471,1602,32
3,472,1603,-32
3,472,1603,-8
3,473,1603,16
3,473,1604,16
3,473,1605,-8
3,474,1606,-16
3,475,1606,8
3,474,1608,24
3,477,1610,16
3,478,1611,-16
3,479,1613,8
3,479,1614,32
3,478,1617,16
3,477,1619,-8
3,477,1621,24
3,476,1624,32
3,474,1626,0
3,473,1629,-32
3,470,1631,8
3,467,1634,16
3,462,1635,-32
3,460,1636,-16
3,459,1636,0
3,457,1638,24
3,456,1639,-24
3,453,1639,-39
3,450,1638,-16
3,447,1639,8
3,446,1639,8
3,446,1638,-24
3,444,1638,0
3,442,1638,24
3,439,1638,-8
3,436,1638,-39
3,434,1636,0
3,429,1637,32
3,427,1637,0
3,430,1636,-16
3,432,1634,0
3,434,1632,16
3,435,1630,24
3,436,1629,-32
3,435,1628,-32
3,432,1627,16
3,430,1625,32
3,429,1626,0
3,428,1625,-16
3,427,1624,16
3,425,1624,8
3,425,1623,-16
3,425,1622,0
3,427,1621,24
3,428,1621,32
3,428,1621,16
3,428,1622,16
3,429,1623,39
3,430,1626,39
3,431,1629,-24
3,432,1631,0
3,432,1634,8
3,432,1635,-8
3,432,1636,-24
3,433,1638,-16
3,434,1640,-16
3,434,1642,32
3,433,1644,0
3,432,1645,-24
3,431,1645,8
3,431,1645,8
3,430,1645,0
3,429,1643,-32
3,428,1642,-16
3,428,1641,16
3,431,1639,-16
3,431,1637,-16
3,433,1635,16
3,434,1634,32
3,436,1633,-16
3,436,1632,0
3,437,1629,16
3,437,1628,-16
3,437,1627,0
3,437,1626,-16
3,437,1624,16
3,437,1624,24
3,438,1621,-16
3,439,1619,-32
3,442,1617,-8
3,447,1615,8
3,450,1612,-8
3,453,1609,-32
3,456,1607,8
3,459,1607,24
3,459,1609,8
3,459,1608,-8
3,461,1605,0
3,461,1602,-24
3,462,1601,0
3,459,1601,-64
3,458,1600,-8
3,458,1599,16
3,462,1600,16
3,464,1599,16
3,467,1597,0
3,470,1595,0
3,470,1593,0
3,466,1593,-8
3,463,1592,-8
3,461,1591,16
3,457,1589,-24
3,455,1588,-16
3,454,1587,8
3,453,1586,16
3,451,1584,-8
3,448,1583,0
3,444,1583,0
3,440,1583,39
3,437,1584,32
3,434,1585,0
3,432,1586,-16
3,428,1587,16
3,427,1589,64
3,426,1592,8
3,423,1593,-24
3,422,1594,8
3,422,1597,16
3,420,1599,16
3,414,1602,32
3,410,1606,16
3,407,1610,24
3,405,1614,16
3,402,1616,-8
3,399,1618,0
3,397,1621,8
3,393,1625,0
3,387,1628,-16
3,384,1632,8
3,383,1635,24
3,384,1637,24
3,387,1638,-8
3,390,1640,32
3,392,1641,16
3,395,1642,32
3,395,1644,16
3,397,1646,0
3,399,1649,8
3,403,1651,32
3,406,1654,0
3,410,1656,0
3,414,1658,-8
3,419,1660,0
3,422,1663,-8
3,426,1665,-24
3,433,1667,16
3,439,1670,32
3,446,1672,16
3,451,1674,8
3,457,1675,-24
3,463,1676,0
3,469,1678,16
3,475,1680,8
3,479,1683,-8
3,482,1685,-24
3,485,1686,-48
3,487,1686,-48
3,488,1684,-48
3,488,1681,-39
3,485,1678,-32
3,484,1675,-24
3,483,1671,-16
3,480,1666,-16
3,473,1663,-8
3,467,1659,-8
3,466,1652,-8
3,464,1645,-8
3,462,1637,-8
3,461,1634,-8
3,462,1629,-8
3,462,1624,-16
3,460,1618,-8
3,454,1610,8
3,449,1603,8
3,446,1595,24
3,441,1588,16
3,437,1583,8
3,434,1579,39
3,431,1576,16
3,430,1572,0
3,429,1567,-8
3,426,1563,0
3,424,1560,8
3,422,1558,-16
3,421,1553,-16
3,420,1551,24
3,419,1548,16
3,418,1545,0
3,417,1543,-8
3,417,1541,16
3,416,1539,0
3,414,1537,-32
3,414,1534,8
3,412,1531,0
3,412,1529,0
3,412,1527,-8
3,413,1525,8
3,413,1523,0
3,414,1519,-24
3,418,1515,-24
3,421,1510,-8
3,424,1506,-8
3,426,1503,-8
3,428,1499,-8
3,430,1494,0
3,431,1490,8
3,432,1485,8
3,434,1482,-8
3,436,1479,8
3,435,1475,0
3,435,1471,-16
3,437,1468,-8
3,437,1465,24
3,439,1461,0
3,442,1457,0
3,443,1454,16
3,448,1449,0
3,450,1447,8
3,453,1443,-8
3,454,1441,24
3,454,1441,8
3,455,1441,32
3,458,1439,-24
3,461,1437,16
3,464,1434,16
3,466,1433,24
3,470,1432,8
3,474,1430,-8
3,477,1428,16
3,483,1425,8
3,487,1421,-16
3,491,1419,-16
3,494,1417,24
3,495,1415,0
3,498,1411,0
3,500,1408,8
3,503,1406,8
3,506,1405,0
3,507,1404,0
3,510,1401,-8
3,513,1398,-8
3,515,1396,24
3,518,1394,0
3,520,1391,0
3,523,1389,0
3,524,1386,16
3,526,1384,-8
3,528,1381,-8
3,530,1378,-8
3,532,1375,8
3,534,1374,0
3,536,1372,-16
3,538,1370,-8
3,536,1371,56
3,537,1370,8
3,538,1367,16
3,540,1364,8
3,542,1362,32
3,544,1361,8
3,547,1358,8
3,549,1358,16
3,549,1357,16
3,551,1355,-16
3,552,1353,-8
3,553,1350,0
3,554,1348,8
3,555,1346,0
3,557,1346,-24
3,557,1344,-39
3,557,1342,-16
3,556,1339,8
3,556,1337,8
3,554,1335,0
3,553,1332,8
3,553,1331,24
3,554,1331,8
3,554,1331,-16
3,553,1330,-8
3,552,1330,8
3,552,1329,16
3,551,1329,-8
3,549,1329,16
3,550,1331,16
3,548,1335,64
3,547,1339,16
3,545,1343,16
3,544,1348,32
3,545,1352,24
3,544,1356,16
3,543,1360,0
3,542,1363,0
3,541,1366,24
3,540,1370,16
3,538,1374,-16
3,538,1376,-8
3,540,1379,-8
3,541,1380,0
3,542,1382,-8
3,542,1381,-24
3,542,1381,-16
3,542,1381,0
3,539,1383,8
3,538,1384,-24
3,539,1384,0
3,540,1385,24
3,542,1386,8
3,544,1385,-16
3,545,1384,-39
3,545,1383,16
3,545,1383,39
3,545,1383,-16
3,546,1383,24
3,548,1383,16
3,548,1384,16
3,549,1385,16
3,550,1386,-8
3,550,1388,16
3,550,1391,32
3,550,1393,16
3,551,1396,16
3,551,1398,-8
3,551,1402,32
3,551,1407,8
3,552,1412,-16
3,553,1415,0
3,555,1419,8
3,555,1424,16
3,555,1427,24
3,555,1430,8
3,556,1433,24
3,557,1438,32
3,558,1442,16
3,559,1445,-16
3,560,1447,16
3,561,1450,8
3,561,1456,0
3,562,1460,24
3,562,1464,0
3,564,1466,32
3,564,1469,0
3,564,1472,-32
3,562,1475,16
3,561,1479,8
3,561,1482,0
3,560,1484,-24
3,558,1485,0
3,559,1486,-16
3,561,1487,-8
3,562,1488,-24
3,563,1488,-8
3,564,1488,-8
3,566,1486,0
3,566,1485,0
3,568,1484,-39
3,567,1484,-8
3,566,1482,16
3,566,1481,0
3,566,1480,-8
3,567,1480,16
3,568,1479,-8
3,569,1478,0
3,569,1477,0
3,570,1477,-8
3,570,1477,8
3,571,1476,8
3,569,1479,-8
3,569,1479,0
3,569,1479,-8
3,568,1479,-8
3,571,1478,-16
3,575,1476,-8
3,579,1473,0
3,585,1470,16
3,592,1468,24
3,595,1465,56
3,593,1465,24
3,592,1467,24
3,590,1470,16
3,585,1474,24
3,582,1478,-8
3,581,1480,-16
3,583,1481,-8
3,584,1484,-8
3,585,1487,0
3,586,1488,-24
3,585,1489,8
3,584,1491,0
3,584,1491,-8
3,584,1491,16
3,583,1490,-8
3,583,1490,16
3,581,1490,0
3,579,1491,-8
3,578,1493,0
3,578,1495,16
3,578,1498,24
3,580,1499,16
3,583,1501,16
3,585,1503,8
3,584,1506,16
3,582,1511,16
3,577,1517,-8
3,574,1522,8
3,572,1528,16
3,569,1532,8
3,570,1534,0
3,571,1535,-8
3,570,1538,0
3,569,1541,8
3,570,1544,-8
3,570,1547,0
3,573,1550,16
3,577,1552,-8
3,577,1556,8
3,577,1558,-8
3,578,1561,0
3,579,1564,-16
3,581,1567,-16
3,584,1569,24
3,585,1572,-16
3,588,1575,-24
3,589,1578,0
3,589,1582,24
3,589,1586,0
3,587,1589,-32
3,588,1591,-8
3,591,1593,16
3,593,1593,-16
3,593,1594,0
3,590,1596,-8
3,588,1597,8
3,585,1599,8
3,582,1600,-16
3,580,1601,-24
3,577,1603,16
3,575,1603,-8
3,573,1604,-16
3,572,1605,-16
3,573,1603,-8
3,573,1602,0
3,571,1601,-8
3,572,1601,-16
3,572,1600,-8
3,570,1600,16
3,570,1599,-8
3,570,1597,-8
3,569,1595,0
3,566,1594,-8
3,562,1593,-24
3,560,1593,-16
3,560,1590,0
3,559,1587,0
3,556,1586,-8
3,553,1585,-16
3,550,1585,24
3,547,1586,24
3,547,1586,0
3,547,1585,8
3,545,1585,8
3,543,1585,24
3,540,1586,-16
3,540,1586,-24
3,536,1587,-8
3,533,1587,24
3,530,1588,8
3,529,1587,0
3,525,1589,-8
3,521,1590,8
3,518,1590,0
3,515,1590,8
3,514,1589,0
3,512,1588,-8
3,509,1587,-16
3,507,1587,8
3,506,1587,-8
3,506,1586,16
3,505,1586,32
3,501,1587,0
3,499,1587,-24
3,496,1591,8
3,493,1594,8
3,492,1596,0
3,495,1595,8
3,497,1594,16
3,499,1594,32
3,502,1596,8
3,504,1596,-8
3,503,1596,0
3,501,1597,32
3,501,1597,16
3,501,1598,-16
3,502,1598,16
3,504,1598,24
3,504,1600,8
3,504,1602,-24
3,502,1605,0
3,502,1608,24
3,504,1607,-8
3,507,1607,8
3,509,1607,-8
3,510,1608,24
3,510,1610,16
3,512,1611,-8
3,513,1611,-8
3,514,1611,16
3,515,1613,32
3,515,1615,8
3,514,1616,-39
3,515,1616,-16
3,515,1617,8
3,517,1619,0
3,518,1619,0
3,518,1620,-8
3,518,1620,8
3,518,1621,8
3,516,1623,8
3,516,1625,0
3,514,1628,8
3,515,1631,8
3,516,1633,0
3,516,1636,-8
3,519,1636,0
3,521,1636,0
3,523,1636,0
3,526,1637,0
3,528,1634,0
3,530,1633,-8
3,531,1632,0
3,532,1630,-8
3,531,1628,8
3,530,1628,0
3,525,1628,16
3,521,1627,16
3,519,1625,-39
3,519,1622,16
3,519,1620,16
3,521,1617,-8
3,522,1615,-32
3,523,1613,16
3,525,1612,32
3,526,1610,-16
3,530,1607,-16
3,532,1603,16
3,534,1602,39
3,536,1600,-24
3,538,1598,8
3,540,1596,24
3,543,1595,39
3,547,1594,-16
3,551,1590,8
3,555,1589,32
3,558,1588,0
3,560,1588,-16
3,564,1587,-16
3,567,1586,16
3,571,1585,0
3,574,1586,-24
3,577,1585,-24
3,580,1584,-8
3,583,1582,16
3,585,1580,-16
3,587,1577,-56
3,587,1573,-16
3,588,1568,8
3,587,1563,-24
3,586,1557,-32
3,585,1550,-24
3,584,1543,-24
3,583,1536,-24
3,582,1528,-39
3,581,1520,-24
3,579,1511,-24
3,577,1502,-16
3,574,1492,-24
3,572,1482,0
3,569,1474,-8
3,565,1467,-8
3,561,1459,-8
3,558,1451,-8
3,554,1443,8
3,552,1435,8
3,550,1428,0
3,547,1421,8
3,545,1415,8
3,541,1409,16
3,539,1403,16
3,537,1398,24
3,537,1393,16
3,537,1387,16
3,536,1383,16
3,535,1380,16
3,534,1376,8
3,534,1369,0
3,535,1364,0
3,538,1364,0
3,537,1364,-8
3,537,1364,-8
3,537,1361,-8
3,537,1359,-8
3,537,1357,-8
3,535,1352,-32
3,532,1345,-48
3,529,1335,-56
3,525,1324,-56
3,519,1314,-79
3,514,1304,-96
3,491,1271,-72
3,467,1235,-72
3,451,1195,-64
3,429,1154,-72
3,395,1073,-64
3,364,996,-64
3,328,923,-79
3,273,862,-64
3,234,799,-64
3,207,728,-56
3,190,655,-48
3,186,590,-39
3,174,535,-48
3,156,484,-39
3,134,440,-32
3,110,417,-32
3,86,399,-32
3,62,366,-8
3,39,358,-8
3,18,350,-8