0,372,413,0
0,374,416,0
0,376,418,0
0,383,419,0
0,388,420,0
0,389,421,0
0,389,421,0
0,388,421,0
0,388,421,0
0,388,421,0
0,387,421,0
0,390,418,0
0,392,417,0
0,394,417,0
0,396,419,0
0,397,421,8
0,398,422,0
0,397,424,-8
0,396,426,0
0,398,427,8
0,399,428,0
0,400,429,0
0,401,432,0
0,404,433,0
0,406,432,0
0,408,431,0
0,408,430,0
0,409,433,0
0,405,437,0
0,399,438,0
0,392,443,0
0,386,445,0
0,381,446,0
0,378,445,0
0,377,440,-16
0,379,437,0
0,381,435,0
0,382,434,0
0,382,435,0
0,381,433,0
0,378,429,0
0,374,425,0
0,374,422,0
0,377,421,0
0,379,419,0
0,378,416,0
0,376,412,0
0,358,394,0
0,326,386,0
0,284,370,-8
0,294,352,0
0,321,346,0
0,359,337,0
0,393,334,0
0,247,342,0
0,115,339,0
0,115,340,0
0,153,340,0
0,199,339,0
0,228,341,0
0,260,348,0
0,296,354,0
0,329,360,0
0,358,366,0
0,390,357,0
0,409,368,0
0,417,362,0
0,409,353,0
0,408,320,0
0,406,320,0
0,401,327,0
0,394,330,0
0,388,329,0
0,385,328,0
0,381,327,0
0,378,329,0
0,370,340,0
0,363,349,0
0,359,353,0
0,356,354,0
0,355,377,0
0,354,392,0
0,347,404,0
0,356,404,0
0,361,407,0
0,363,408,0
0,364,405,0
0,364,399,0
0,365,391,0
0,366,384,0
0,354,370,0
0,352,366,0
0,355,362,0
0,360,364,0
0,365,366,0
0,369,361,0
0,373,357,0
0,375,353,0
0,383,339,0
0,379,342,0
0,373,335,0
0,375,353,0
0,381,362,0
0,388,359,0
0,399,355,0
0,412,349,0
0,424,343,0
0,413,339,0
0,405,333,0
0,393,327,0
0,364,325,0
0,366,299,0
0,370,311,0
0,367,323,0
0,383,336,0
0,405,344,0
0,408,341,0
0,386,344,0
0,357,345,0
0,347,344,0
0,347,343,0
0,353,346,0
0,357,352,0
0,291,378,0
0,222,408,0
0,238,412,0
0,244,410,0
0,251,407,0
0,268,400,0
0,283,393,0
0,295,399,8
0,304,398,8
0,319,394,0
0,332,389,0
0,332,384,0
0,332,381,0
0,338,388,0
0,341,389,0
0,345,391,0
0,347,397,0
0,346,399,0
0,342,403,0
0,339,405,0
0,337,404,8
0,338,403,8
0,338,402,8
0,339,401,16
0,341,401,16
0,341,403,8
0,340,408,16
0,338,411,0
0,338,410,0
0,334,408,-8
0,331,407,-8
0,333,408,-16
0,335,409,-16
0,336,411,-8
0,335,409,-8
0,331,408,-8
0,329,409,-8
0,327,414,0
0,327,417,-24
0,325,414,0
0,325,414,0
0,327,416,0
0,330,417,0
0,330,417,0
0,330,413,0
0,330,409,0
0,330,407,0
0,331,407,0
0,328,404,0
0,328,400,0
0,330,394,0
0,334,384,0
0,339,380,0
0,341,371,0
0,343,355,0
0,345,347,0
0,363,339,0
0,395,342,0
0,428,355,0
0,449,380,0
0,443,416,0
0,434,427,0
0,429,420,0
0,425,415,0
0,421,413,0
0,415,414,0
0,409,409,0
0,405,395,0
0,404,385,0
0,400,364,0
0,402,361,0
0,392,356,0
0,322,329,0
0,273,324,0
0,269,339,0
0,289,349,0
0,318,353,0
0,341,352,0
0,355,350,0
0,361,348,0
0,361,344,0
0,359,349,0
0,345,347,0
0,336,344,0
0,333,341,0
0,332,340,0
0,333,342,0
0,334,344,0
0,335,344,0
0,342,339,8
0,351,339,0
0,358,334,0
0,356,336,0
0,357,351,0
0,366,357,0
0,376,356,0
0,385,349,0
0,391,338,0
0,393,337,0
0,397,340,0
0,409,341,0
0,437,320,0
0,467,329,0
0,469,316,0
0,454,323,0
0,434,322,0
0,424,320,0
0,420,305,0
0,421,306,0
0,421,315,0
0,421,293,0
0,417,313,0
0,415,317,0
0,413,319,0
0,413,313,0
0,411,306,0
0,406,295,0
0,406,300,0
0,404,298,-8
0,403,324,0
0,402,318,-8
0,400,308,-8
0,396,332,0
0,394,359,0
0,406,384,-8
0,436,427,0
0,448,466,0
0,442,481,0
0,426,497,0
0,408,488,0
0,402,467,0
0,396,433,8
0,389,409,8
0,375,414,0
0,377,408,8
0,396,392,-8
0,410,395,0
0,406,384,0
0,390,377,0
0,374,383,0
0,376,390,0
0,378,393,0
0,384,397,8
0,380,399,0
0,367,399,0
0,359,400,0
0,357,401,0
0,361,409,0
0,361,412,0
0,360,414,0
0,357,415,0
0,353,417,8
0,351,420,0
0,350,421,0
0,352,418,-8
0,353,418,0
0,347,422,0
0,343,426,0
0,340,430,-8
0,340,434,0
0,343,442,0
0,345,450,-8
0,339,452,-24
0,330,453,-24
0,319,450,-16
0,310,447,8
0,307,447,8
0,309,450,0
0,314,451,8
0,317,453,16
0,319,452,16
0,321,451,16
0,319,454,16
0,320,457,0
0,321,462,8
0,324,468,0
0,327,478,8
0,329,485,0
0,327,491,0
0,327,494,-16
0,328,495,-8
0,329,494,-16
0,329,492,-8
0,328,491,-16
0,330,491,0
0,335,488,0
0,337,481,0
0,337,477,0
0,339,473,-8
0,340,466,0
0,340,461,0
0,342,446,0
0,346,440,0
0,358,442,0
0,369,447,0
0,393,455,0
0,410,461,0
0,428,466,0
0,446,462,0
0,451,456,0
0,445,452,0
0,444,448,0
0,441,445,0
0,431,432,0
0,423,421,0
0,415,414,0
0,409,409,0
0,405,402,0
0,402,402,0
0,405,394,0
0,405,385,0
0,404,377,0
0,404,374,0
0,405,369,0
0,403,360,0
0,402,358,0
0,400,354,-8
0,389,348,0
0,375,351,0
0,360,341,0
0,350,339,0
0,342,333,0
0,348,324,0
0,356,325,8
0,367,320,0
0,371,307,0
0,380,285,0
0,385,296,0
0,386,300,0
0,382,294,0
0,375,292,0
0,381,297,0
0,396,306,0
0,406,317,0
0,409,322,0
0,404,341,0
0,396,354,0
0,387,366,0
0,379,369,0
0,370,368,0
0,357,354,0
0,354,367,0
0,352,377,0
0,352,380,0
0,349,376,0
0,345,383,0
0,340,390,0
0,336,398,0
0,331,406,0
0,321,413,0
0,323,411,0
0,325,407,0
0,326,403,0
0,330,392,0
0,337,385,0
0,343,377,0
0,347,367,0
0,349,360,0
0,357,353,0
0,365,350,0
0,370,348,0
0,371,342,0
0,372,333,0
0,370,325,0
0,366,321,0
0,361,323,0
0,357,322,0
0,359,328,0
0,364,307,0
0,366,303,0
0,367,304,0
0,368,307,0
0,370,313,0
0,373,320,0
0,376,323,0
0,377,320,0
0,379,312,0
0,382,312,0
0,386,318,0
0,389,322,0
0,396,324,0
0,392,321,0
0,390,322,0
0,384,316,0
0,380,311,0
0,376,308,0
0,375,314,0
0,380,307,0
0,375,317,0
0,369,327,0
0,367,313,0
0,362,309,0
0,359,305,0
0,354,312,0
0,348,324,0
0,319,322,0
0,295,340,0
0,259,363,0
0,239,370,0
0,240,382,0
0,262,410,0
0,277,423,0
0,274,417,0
0,277,412,-8
0,280,409,0
0,261,401,0
0,258,386,0
0,265,382,0
0,289,360,8
0,306,359,0
0,319,353,0
0,331,357,0
0,329,372,0
0,314,377,0
0,302,380,0
0,302,373,0
0,303,369,0
0,306,366,0
0,310,362,0
0,316,360,0
0,321,361,0
0,321,362,0
0,320,361,0
0,318,361,0
0,316,361,0
0,313,361,0
0,311,365,0
0,312,366,0
0,313,364,0
0,315,362,0
0,318,360,0
0,327,354,0
0,334,344,0
0,335,340,0
0,350,338,0
0,365,337,0
0,377,335,0
0,384,333,0
0,386,333,0
0,386,337,0
0,376,350,0
0,357,366,0
0,341,366,0
0,339,355,0
0,343,352,0
0,346,346,0
0,342,338,0
0,320,335,0
0,323,319,0
0,307,350,0
0,296,379,0
0,306,389,0
0,327,368,-8
0,343,359,0
0,350,354,0
0,342,361,0
0,331,377,0
0,326,395,0
0,336,401,0
0,342,377,0
0,352,363,0
0,365,358,0
0,378,352,0
0,387,343,0
0,395,330,0
0,405,312,0
0,404,312,0
0,289,317,0
0,179,329,0
0,141,345,0
0,164,361,0
0,193,379,0
0,207,407,0
0,233,417,0
0,277,404,0
0,320,400,0
0,338,407,0
0,332,408,0
0,338,408,0
0,330,405,0
0,333,395,0
0,336,400,0
0,349,402,0
0,365,401,0
0,381,398,0
0,395,393,0
0,406,390,0
0,411,390,0
0,411,390,0
0,409,391,0
0,408,390,0
0,408,389,0
0,410,383,0
0,415,380,0
0,417,374,0
0,412,371,0
0,405,369,0
0,387,368,0
0,371,368,0
0,359,365,0
0,355,361,0
0,356,361,0
0,357,361,0
0,357,363,0
0,355,366,0
0,350,369,0
0,349,372,0
0,350,372,0
0,351,371,0
0,352,369,0
0,352,367,0
0,354,364,0
0,354,362,0
0,355,361,0
0,356,357,0
0,359,356,0
0,362,366,8
0,365,369,0
0,367,370,0
0,364,360,0
0,363,356,0
0,364,353,0
0,365,345,0
0,364,339,0
0,356,333,0
0,341,332,0
0,317,337,0
0,287,340,0
0,278,343,0
0,297,354,0
0,326,371,0
0,358,393,0
0,370,400,0
0,379,409,0
0,380,419,0
0,374,423,0
0,371,424,0
0,369,424,0
0,367,422,0
0,365,421,0
0,363,419,0
0,361,417,0
0,359,414,0
0,358,412,0
0,362,410,0
0,370,397,0
0,372,395,0
0,370,391,0
0,367,394,0
0,369,394,0
0,369,394,0
0,368,393,0
0,366,392,0
0,365,392,0
0,364,393,0
0,362,397,-8
0,361,400,0
0,360,403,0
0,361,404,0
0,363,405,0
0,365,405,0
0,367,405,0
0,367,404,0
0,369,403,0
0,371,403,0
0,372,403,0
0,373,402,0
0,373,402,0
0,372,403,0
0,370,402,0
0,369,399,0
0,366,396,0
0,360,393,0
0,355,391,0
0,347,383,0
0,346,376,0
0,342,376,0
0,336,376,0
0,330,370,0
0,323,365,0
0,316,365,0
0,315,365,0
0,317,362,0
0,315,359,0
0,313,355,0
0,318,352,0
0,338,348,0
0,343,344,0
0,347,341,0
0,350,341,0
0,345,342,0
0,338,341,0
0,332,337,0
0,324,333,0
0,322,337,0
0,305,335,0
0,282,337,0
0,273,337,0
0,274,335,0
0,278,334,0
0,281,335,0
0,284,337,0
0,285,343,0
0,283,349,0
0,283,361,0
0,281,369,0
0,281,373,0
0,281,374,0
0,282,374,0
0,281,376,0
0,281,372,0
0,284,370,0
0,285,370,0
0,285,373,0
0,285,377,0
0,284,379,0
0,282,380,0
0,282,381,0
0,285,385,0
0,292,393,0
0,298,403,0
0,302,409,0
0,301,413,0
0,300,415,0
0,299,415,0
0,298,414,8
0,301,413,8
0,304,412,8
0,304,409,8
0,306,408,8
0,304,410,-8
0,306,414,0
0,309,414,0
0,312,415,0
0,316,415,0
0,320,418,0
0,321,420,8
0,321,421,8
0,317,420,8
0,312,422,0
0,312,427,0
0,316,430,0
0,322,432,0
0,329,435,0
0,333,438,0
0,337,441,0
0,337,441,0
0,333,441,0
0,331,443,0
0,328,447,0
0,331,453,0
0,338,465,0
0,349,485,0
0,384,541,0
0,419,594,0
0,404,585,0
0,400,578,0
0,393,562,0
0,391,547,0
0,407,509,0
0,431,487,0
0,447,488,0
0,453,494,0
0,456,502,0
0,462,524,0
0,460,542,0
0,458,540,0
0,454,538,0
0,447,534,0
0,441,530,0
0,437,525,0
0,436,521,0
0,435,518,0
0,436,515,0
0,433,514,-8
0,428,510,-24
0,427,508,-8
0,425,504,-16
0,420,497,16
0,414,490,24
0,409,484,-16
0,405,479,-16
0,401,472,-16
0,398,466,-8
0,387,448,0
0,377,430,0
0,358,403,0
0,347,379,0
0,341,360,0
0,335,344,0
0,330,331,0
0,324,322,0
0,317,320,0
0,318,321,0
0,319,320,0
0,316,313,0
0,314,306,0
0,312,303,0
0,310,299,0
0,310,297,0
0,309,296,0
0,307,295,0
0,304,294,0
0,301,292,0
0,299,292,0
0,294,291,0
0,292,289,0
0,297,295,0
0,303,298,0
0,305,308,0
0,310,321,0
0,315,326,0
0,321,345,0
0,326,348,0
0,331,346,0
0,328,337,-8
0,323,324,0
0,318,317,-8
0,310,309,-16
0,309,303,-8
0,312,299,-8
0,313,289,-8
0,312,284,0
0,315,283,0
0,327,295,0
0,343,315,0
0,340,295,0
0,340,291,0
0,332,280,0
0,321,276,0
0,309,303,0
0,313,298,0
0,315,292,0
0,317,288,0
0,318,281,0
0,316,274,0
0,316,273,0
0,322,280,0
0,329,278,0
0,332,274,0
0,336,274,0
0,339,276,0
0,347,277,0
0,351,277,0
0,351,276,0
0,346,277,0
0,345,278,0
0,348,277,0
0,346,269,0
0,345,268,0
0,333,260,0
0,329,258,8
0,328,264,0
0,333,271,8
0,337,263,16
0,340,265,16
0,345,262,8
0,348,281,16
0,354,305,16
0,364,324,8
0,373,326,0
0,387,331,-8
0,392,337,0
0,394,347,0
0,388,373,0
0,381,383,8
0,378,395,0
0,374,421,0
0,368,428,0
0,373,429,-8
0,375,431,0
0,375,446,0
0,375,449,0
0,373,451,8
0,369,451,8
0,367,450,-8
0,362,449,-8
0,353,448,-8
0,350,447,-8
0,350,447,-8
0,350,447,-8
0,349,446,-8
0,347,448,0
0,344,448,0
0,340,447,0
0,338,448,0
0,337,451,0
0,334,451,0
0,331,451,0
0,326,453,0
0,316,457,0
0,309,460,0
0,300,457,0
0,294,455,0
0,290,452,0
0,289,449,0
0,289,446,0
0,289,443,0
0,288,442,0
0,286,441,0
0,280,442,0
0,275,442,0
0,281,441,0
0,284,441,0
0,284,441,0
0,281,440,0
0,282,439,0
0,289,437,0
0,296,435,0
0,301,432,0
0,305,428,0
0,308,426,0
0,310,426,0
0,312,426,0
0,311,427,0
0,312,427,0
0,314,426,0
0,318,426,0
0,323,425,0
0,330,422,0
0,342,416,0
0,352,413,0
0,371,408,0
0,379,407,0
0,380,409,0
0,379,410,0
0,378,410,0
0,377,409,0
0,377,409,0
0,378,407,0
0,379,406,0
0,380,405,0
0,381,404,0
0,382,403,0
0,383,401,0
0,382,398,0
0,379,400,0
0,377,399,0
0,376,400,0
0,377,400,0
0,378,399,0
0,380,397,0
0,385,395,0
0,388,395,0
0,390,397,0
0,391,398,0
0,390,400,0
0,389,402,0
0,388,400,0
0,389,399,0
0,391,398,0
0,393,398,0
0,395,400,0
0,396,405,0
0,395,409,0
0,390,411,0
0,385,411,0
0,380,411,0
0,375,414,0
0,371,417,0
0,367,420,0
0,360,423,0
0,354,426,0
0,347,427,0
0,342,428,0
0,336,431,0
0,331,433,0
0,326,433,0
0,321,434,0
0,319,436,0
0,316,439,0
0,313,442,0
0,312,446,0
0,313,450,0
0,320,454,0
0,329,457,0
0,341,460,0
0,349,461,0
0,355,461,0
0,360,461,0
0,361,459,0
0,361,452,0
0,356,445,0
0,350,442,0
0,330,432,0
0,299,419,0
0,257,413,0
0,270,428,0
0,305,452,0
0,355,447,0
0,380,439,0
0,399,445,0
0,435,447,0
0,472,432,0
0,505,407,0
0,542,366,0
0,560,359,0
0,555,359,0
0,530,364,0
0,476,364,0
0,398,370,0
0,339,364,0
0,309,353,0
0,302,343,0
0,311,323,0
0,316,339,0
0,317,347,0
0,313,349,0
0,310,349,0
0,309,349,0
0,312,349,0
0,324,347,0
0,335,345,0
0,339,343,0
0,344,341,0
0,353,343,0
0,361,343,0
0,361,350,0
0,358,354,0
0,356,358,0
0,354,362,0
0,351,365,0
0,349,364,0
0,348,362,0
0,348,361,0
0,348,360,0
0,350,356,0
0,352,354,0
0,358,359,0
0,355,357,0
0,353,361,0
0,354,376,0
0,356,378,0
0,357,381,0
0,356,384,0
0,355,385,0
0,353,385,0
0,351,384,0
0,345,380,0
0,342,377,0
0,340,381,0
0,343,385,0
0,346,389,0
0,349,392,0
0,349,395,0
0,349,396,0
0,348,396,0
0,348,397,0
0,349,399,0
0,350,399,0
0,349,400,0
0,346,405,0
0,339,407,0
0,331,406,0
0,324,404,-8
0,322,402,0
0,326,403,0
0,328,402,0
0,327,401,0
0,323,400,0
0,320,401,0
0,319,401,0
0,320,402,0
0,319,407,0
0,317,411,0
0,316,412,0
0,319,412,0
0,323,410,0
0,334,409,0
0,342,407,0
0,355,412,0
0,358,415,0
0,364,416,0
0,368,416,0
0,370,417,0
0,372,418,0
0,372,418,0
0,372,417,0
0,371,415,0
0,368,411,0
0,365,407,0
0,362,408,0
0,362,408,0
0,363,409,0
0,365,410,0
0,365,409,-8
0,366,404,0
0,364,401,0
0,361,400,0
0,362,397,0
0,374,394,8
0,383,387,8
0,390,383,8
0,390,382,0
0,379,383,8
0,372,388,0
0,373,389,16
0,376,389,16
0,379,389,8
0,383,390,8
0,386,391,8
0,392,389,8
0,396,391,0
0,399,392,0
0,402,398,0
0,402,404,0
0,398,411,0
0,396,418,0
0,388,422,16
0,380,425,8
0,370,427,0
0,356,429,-8
0,328,431,0
0,313,437,0
0,310,439,0
0,307,441,0
0,307,443,0
0,304,445,8
0,302,447,8
0,301,452,0
0,299,458,0
0,300,463,0
0,299,466,0
0,301,465,-16
0,307,465,-8
0,313,463,0
0,318,463,0
0,320,462,-8
0,319,461,-8
0,320,459,-8
0,322,455,-8
0,321,452,-8
0,317,450,-8
0,313,450,-8
0,312,455,0
0,314,458,0
0,317,460,0
0,318,466,0
0,323,475,0
0,327,485,0
0,330,491,0
0,333,492,0
0,336,493,0
0,342,493,0
0,348,492,0
0,351,491,0
0,351,491,0
0,351,489,0
0,349,486,0
0,344,483,0
0,338,480,0
0,334,476,0
0,330,473,0
0,331,469,0
0,335,470,0
0,338,473,0
0,337,474,0
0,335,475,0
0,329,477,0
0,326,476,0
0,327,475,0
0,330,473,0
0,334,470,0
0,336,467,0
0,337,463,0
0,335,457,0
0,338,452,0
0,344,448,0
0,347,443,0
0,346,437,0
0,341,435,0
0,329,431,0
0,304,418,0
0,297,402,0
0,297,395,0
0,308,390,0
0,349,399,0
0,375,400,0
0,375,386,0
0,367,367,0
0,361,351,0
0,361,335,0
0,362,326,0
0,373,331,0
0,380,341,0
0,385,348,0
0,384,346,0
0,379,342,0
0,373,336,0
0,367,332,0
0,361,331,0
0,356,333,0
0,351,337,0
0,347,344,0
0,345,352,0
0,346,355,0
0,347,359,0
0,350,364,0
0,356,373,0
0,373,375,0
0,382,374,0
0,388,376,0
0,394,372,0
0,397,359,0
0,400,357,0
0,403,356,0
0,407,350,0
0,413,338,0
0,429,313,0
0,431,310,0
0,422,318,0
0,410,319,0
0,407,328,0
0,413,318,0
0,420,310,0
0,427,309,0
0,425,316,0
0,423,315,0
0,430,302,0
0,427,315,0
0,435,336,0
0,432,337,0
0,426,343,0
0,410,346,0
0,378,340,0
0,370,339,0
0,380,350,0
0,385,350,0
0,382,350,0
0,373,351,0
0,364,348,0
0,361,350,0
0,361,355,0
0,361,354,0
0,361,350,0
0,363,348,0
0,365,338,0
0,368,334,0
0,369,333,0
0,367,331,0
0,365,335,0
0,370,334,0
0,369,328,0
0,370,330,0
0,375,324,0
0,378,318,0
0,377,314,0
0,370,323,0
0,352,347,0
0,308,383,0
0,234,408,0
0,178,422,0
0,144,428,0
0,156,422,0
0,187,409,0
0,206,400,0
0,224,402,0
0,236,403,0
0,243,402,0
0,243,402,0
0,244,400,0
0,249,399,0
0,259,399,0
0,262,399,0
0,267,399,0
0,273,397,0
0,277,395,0
0,281,396,0
0,286,397,0
0,290,400,0
0,294,404,0
0,299,406,0
0,302,404,0
0,305,402,0
0,310,401,0
0,313,401,0
0,315,399,0
0,317,398,0
0,319,398,0
0,322,396,0
0,326,392,0
0,329,390,0
0,332,388,0
0,334,384,0
0,334,379,0
0,336,370,0
0,340,365,0
0,344,361,0
0,349,366,0
0,353,372,0
0,356,366,0
0,354,374,0
0,340,384,0
0,324,393,0
0,292,401,0
0,266,409,0
0,267,413,0
0,271,410,0
0,274,399,0
0,274,393,0
0,276,391,0
0,282,389,0
0,290,386,0
0,296,382,0
0,302,377,0
0,305,371,0
0,305,366,0
0,309,362,8
0,318,357,0
0,324,353,0
0,335,352,0
0,341,353,0
0,344,358,0
0,347,360,0
0,350,363,0
0,356,364,8
0,360,365,0
0,364,366,0
0,367,365,0
0,368,363,0
0,367,365,0
0,367,366,0
0,366,368,8
0,367,369,0
0,366,367,0
0,364,365,0
0,360,366,0
0,356,367,0
0,356,366,8
0,355,366,0
0,353,370,0
0,355,373,0
0,359,382,0
0,363,393,0
0,365,406,0
0,365,416,0
0,362,423,0
0,354,425,0
0,343,423,0
0,330,421,0
0,302,404,0
0,294,392,0
0,277,384,0
0,249,401,0
0,213,439,0
0,160,473,0
0,124,498,0
0,143,501,0
0,159,495,0
0,178,485,0
0,205,446,0
0,212,428,0
0,214,423,0
0,209,417,0
0,198,411,0
0,183,406,0
0,143,402,0
0,111,396,0
0,43,387,0
0,1,368,0
0,-9,362,0
0,21,383,0
0,36,387,0
0,59,393,0
0,67,393,0
0,63,394,0
0,62,392,8
0,72,390,8
0,79,388,0
0,90,386,0
0,118,371,0
0,137,375,0
0,162,369,0
0,177,365,0
0,199,366,0
0,225,365,0
0,250,368,0
0,274,370,0
0,286,367,0
0,304,363,0
0,331,355,0
0,352,354,0
0,340,353,0
0,331,351,0
0,330,348,0
0,337,350,0
0,353,358,0
0,364,368,0
0,368,378,0
0,368,381,0
0,366,382,0
0,363,382,0
0,361,383,0
0,358,387,0
0,355,390,0
0,351,392,0
0,346,393,0
0,341,394,0
0,337,395,0
0,333,396,0
0,329,395,0
0,325,394,0
0,321,394,0
0,318,395,0
0,315,396,0
0,312,397,0
0,309,400,0
0,304,402,0
0,298,404,0
0,294,404,0
0,292,403,0
0,290,401,0
0,290,400,0
0,290,398,0
0,291,396,0
0,292,395,0
0,292,393,0
0,293,391,0
0,293,390,0
0,294,388,0
0,296,385,0
0,297,383,0
0,300,380,0
0,302,378,0
0,306,378,0
0,310,375,8
0,313,375,0
0,314,376,0
0,309,378,0
0,308,379,0
0,311,378,0
0,315,378,0
0,318,377,0
0,321,376,0
0,324,373,0
0,327,369,0
0,330,365,0
0,339,360,0
0,343,363,0
0,344,362,0
0,346,360,0
0,352,355,0
0,360,350,0
0,371,345,0
0,383,337,0
0,392,331,0
0,396,326,0
0,399,322,0
0,405,322,0
0,407,324,0
0,409,313,0
0,418,311,0
0,422,310,0
0,428,313,8
0,419,313,0
0,407,325,0
0,395,336,0
0,374,341,0
0,353,351,0
0,335,366,0
0,319,385,0
0,312,405,0
0,314,410,0
0,324,408,0
0,337,404,0
0,349,397,0
0,342,394,0
0,348,388,0
0,350,381,0
0,353,378,8
0,358,374,0
0,367,377,0
0,370,385,0
0,370,388,0
0,370,389,0
0,369,389,-8
0,369,387,0
0,368,385,0
0,367,385,0
0,368,386,0
0,370,388,0
0,374,390,0
0,377,392,0
0,378,392,0
0,380,391,0
0,381,389,0
0,381,387,0
0,378,386,0
0,377,385,0
0,375,383,0
0,376,383,0
0,377,381,0
0,378,375,0
0,378,374,0
0,381,378,0
0,386,381,0
0,390,383,0
0,384,394,-8
0,376,400,0
0,366,405,0
0,363,403,0
0,362,401,0
0,363,399,0
0,365,397,0
0,366,396,0
0,367,395,0
0,366,393,0
0,364,390,0
0,363,387,0
0,357,380,0
0,354,377,0
0,350,371,0
0,358,371,0
0,382,387,0
0,403,396,0
0,408,392,0
0,406,385,0
0,402,379,0
0,397,371,0
0,384,365,0
0,382,365,0
0,385,371,0
0,389,375,0
0,390,375,0
0,389,371,0
0,388,368,0
0,376,358,0
0,369,358,0
0,374,354,0
0,379,355,0
0,385,357,0
0,392,359,0
0,399,359,0
0,404,354,0
0,406,347,0
0,404,341,0
0,404,340,0
0,400,333,0
0,392,327,0
0,386,336,0
0,383,344,0
0,390,353,8
0,393,367,0
0,399,377,0
0,397,384,0
0,394,395,0
0,394,405,0
0,398,414,0
0,399,416,0
0,399,419,0
0,400,425,0
0,400,429,0
0,401,430,0
0,401,431,0
0,403,432,0
0,404,433,-8
0,404,433,-8
0,402,433,0
0,400,432,0
0,398,430,0
0,395,428,0
0,394,427,0
0,392,427,0
0,392,426,0
0,391,424,0
0,391,421,0
0,392,417,0
0,392,413,0
0,392,410,0
0,393,407,0
0,394,395,0
0,398,395,0
0,394,401,8
0,389,401,0
0,381,390,0
0,377,384,0
0,373,375,0
0,372,371,0
0,368,355,0
0,370,360,0
0,380,369,0
0,384,371,0
0,380,369,0
0,380,370,0
0,382,376,0
0,380,373,0
0,380,369,0
0,384,371,0
0,388,374,0
0,383,374,0
0,377,369,0
0,371,363,0
0,369,359,0
0,370,362,0
0,373,366,0
0,379,369,0
0,378,372,0
0,377,373,0
0,380,370,0
0,382,364,0
0,387,364,0
0,384,366,0
0,385,361,0
0,384,362,0
0,383,366,0
0,380,367,0
0,376,370,0
0,373,372,0
0,366,372,0
0,360,372,0
0,354,372,0
0,350,371,0
0,346,370,0
0,344,366,0
0,341,366,0
0,338,364,0
0,333,361,0
0,332,361,0
0,334,363,0
0,335,362,0
0,336,358,0
0,340,348,0
0,344,341,0
0,344,348,-8
0,336,340,0
0,324,359,0
0,330,362,0
0,335,369,0
0,355,368,0
0,368,370,0
0,369,376,0
0,371,383,0
0,374,387,0
0,380,389,0
0,388,386,0
0,388,378,0
0,382,383,0
0,373,393,0
0,367,400,0
0,358,404,0
0,344,407,0
0,305,415,0
0,299,415,8
0,301,415,0
0,304,415,0
0,306,413,0
0,312,401,0
0,319,397,0
0,329,394,0
0,346,389,0
0,357,381,0
0,363,376,0
0,364,373,0
0,369,381,0
0,371,380,0
0,376,378,8
0,381,378,8
0,383,382,0
0,382,386,0
0,383,388,0
0,380,391,0
0,382,394,0
0,384,397,0
0,384,398,0
0,383,396,0
0,380,397,0
0,372,398,0
0,366,398,0
0,367,392,0
0,364,390,0
0,367,388,0
0,384,390,0
0,405,387,0
0,419,385,0
0,429,385,0
0,438,385,0
0,451,380,0
0,462,375,0
0,470,382,0
0,471,384,0
0,465,381,0
0,458,375,0
0,448,373,0
0,456,383,0
0,471,393,0
0,484,408,0
0,493,413,0
0,488,416,0
0,472,415,8
0,452,419,8
0,431,420,8
0,401,416,8
0,384,414,16
0,364,425,8
0,344,452,0
0,323,485,0
0,310,513,16
0,314,522,16
0,317,524,8
0,319,524,8
0,323,522,0
0,326,522,0
0,329,523,0
0,333,522,-8
0,337,522,-8
0,339,522,-8
0,338,525,0
0,338,526,-8
0,341,524,-8
0,343,522,-8
0,344,519,-16
0,344,516,-16
0,346,511,-8
0,348,507,-8
0,349,503,-8
0,351,498,-16
0,352,492,-16
0,353,486,-16
0,353,481,-8
0,354,479,-8
0,356,477,-8
0,358,472,-8
0,360,465,0
0,362,456,0
0,364,452,0
0,365,441,0
0,362,428,0
0,365,426,0
0,372,402,16
0,382,377,16
0,392,368,8
0,406,356,8
0,420,344,8
0,419,339,8
0,408,341,0
0,410,344,0
0,411,320,-8
0,418,316,0
0,429,321,0
0,438,319,0
0,445,323,0
0,449,327,0
0,446,342,0
0,442,352,0
0,446,334,0
0,446,318,0
0,445,306,0
0,443,301,0
0,440,287,0
0,443,295,-8
0,442,290,0
0,440,284,0
0,447,282,0
0,447,278,0
0,448,291,0
0,449,283,0
0,447,274,0
0,443,274,0
0,440,283,0
0,435,290,0
0,436,300,0
0,445,309,0
0,456,325,0
0,461,332,0
0,450,342,0
0,455,341,0
0,458,345,0
0,455,345,0
0,445,318,0
0,417,316,0
0,413,316,0
0,422,307,0
0,427,303,-8
0,421,302,-8
0,414,303,-8
0,404,297,0
0,403,296,0
0,402,294,0
0,404,297,0
0,404,306,0
0,407,291,0
0,405,283,0
0,399,280,0
0,400,277,0
0,407,284,0
0,419,293,0
0,427,294,0
0,424,290,0
0,416,288,0
0,410,285,0
0,409,288,0
0,414,289,0
0,411,290,0
0,409,287,0
0,415,284,0
0,420,285,0
0,426,290,0
0,430,297,0
0,425,297,0
0,416,291,0
0,407,290,0
0,401,298,0
0,395,293,0
0,395,294,0
0,398,299,0
0,404,305,0
0,419,306,0
0,436,317,0
0,446,310,0
0,449,309,0
0,441,305,0
0,429,301,0
0,424,301,0
0,420,300,0
0,416,297,0
0,414,288,0
0,415,290,0
0,414,297,0
0,414,299,0
0,405,294,0
0,397,296,0
0,396,297,0
0,398,291,0
0,401,289,0
0,403,292,0
0,413,293,0
0,422,293,0
0,426,283,0
0,430,291,0
0,430,287,0
0,431,287,0
0,432,286,0
0,442,282,0
0,447,280,0
0,447,278,0
0,448,281,0
0,448,276,0
0,454,278,0
0,457,282,0
0,462,294,0
0,464,296,0
0,468,298,0
0,469,297,0
0,459,292,0
0,443,288,0
0,432,286,0
0,412,284,0
0,405,294,0
0,401,290,0
0,389,291,0
0,396,307,0
0,418,315,0
0,424,310,0
0,419,299,0
0,407,289,0
0,396,285,0
0,390,281,0
0,375,275,0
0,369,302,0
0,378,320,0
0,385,321,0
0,388,315,0
0,388,303,0
0,382,294,0
0,381,289,0
0,387,294,0
0,392,298,0
0,397,299,0
0,397,290,0
0,393,282,-8
0,396,283,-8
0,396,287,0
0,393,289,-8
0,385,295,-8
0,371,299,-8
0,360,312,0
0,352,312,0
0,338,313,0
0,335,307,0
0,324,299,0
0,322,291,0
0,324,294,0
0,324,289,0
0,328,297,-8
0,330,301,0
0,331,285,-8
0,336,287,0
0,332,292,0
0,331,301,0
0,330,310,0
0,331,314,0
0,333,312,0
0,330,305,0
0,327,304,0
0,327,305,0
0,326,304,0
0,324,305,0
0,321,308,0
0,319,304,0
0,326,308,0
0,330,312,0
0,335,318,0
0,346,311,0
0,354,309,0
0,352,310,0
0,347,311,0
0,343,314,0
0,340,314,0
0,335,308,0
0,336,283,0
0,346,272,0
0,353,275,0
0,355,280,0
0,354,284,0
0,350,284,0
0,345,283,0
0,340,283,0
0,347,296,0
0,344,297,0
0,336,278,0
0,330,273,0
0,327,274,0
0,329,278,0
0,335,290,0
0,352,293,0
0,364,291,0
0,373,287,0
0,383,285,0
0,397,296,0
0,407,306,0
0,407,310,0
0,379,314,0
0,351,322,0
0,333,329,0
0,324,320,0
0,322,313,0
0,321,309,0
0,319,303,0
0,305,306,0
0,181,284,0
0,73,310,0
0,9,308,0
0,50,298,0
0,93,317,0
0,140,312,0
0,184,314,0
0,219,318,0
0,245,322,0
0,265,325,0
0,281,325,0
0,297,324,0
0,311,338,0
0,327,334,0
0,337,327,0
0,343,324,0
0,346,323,0
0,347,323,0
0,348,323,0
0,349,323,0
0,349,323,0
0,349,327,0
0,348,331,0
0,346,333,0
0,344,333,0
0,338,334,0
0,335,332,0
0,334,330,0
0,333,329,0
0,334,326,0
0,334,323,0
0,333,319,0
0,332,315,0
0,333,311,0
0,334,323,0
0,334,335,0
0,335,352,0
0,337,364,0
0,336,364,0
0,336,362,0
0,336,358,0
0,335,356,0
0,336,353,0
0,333,348,0
0,330,345,0
0,328,341,0
0,327,337,0
0,324,334,0
0,323,333,0
0,325,330,0
0,328,333,0
0,333,330,0
0,335,308,0
0,319,308,0
0,314,312,0
0,310,314,0
0,296,319,0
0,281,319,0
0,279,316,0
0,282,313,0
0,288,314,0
0,308,300,0
0,327,296,0
0,348,299,0
0,355,297,0
0,354,298,0
0,351,300,0
0,348,303,0
0,347,307,0
0,347,308,0
0,349,312,0
0,353,318,0
0,356,322,0
0,359,326,0
0,360,328,0
0,361,329,0
0,359,326,0
0,356,324,0
0,355,326,0
0,364,313,0
0,362,331,0
0,324,346,0
0,305,331,0
0,303,322,0
0,304,313,0
0,303,303,0
0,304,297,0
0,305,299,0
0,307,303,0
0,304,301,0
0,301,302,0
0,304,305,0
0,307,309,0
0,308,313,0
0,293,334,-8
0,288,327,0
0,291,347,0
0,299,350,0
0,309,338,0
0,314,326,0
0,321,323,0
0,326,324,0
0,324,318,0
0,320,308,0
0,314,300,0
0,311,294,0
0,312,291,0
0,320,288,0
0,318,292,0
0,333,311,0
0,340,301,0
0,338,274,0
0,336,267,0
0,336,269,0
0,337,273,0
0,338,281,0
0,341,288,0
0,341,289,0
0,338,287,0
0,332,285,0
0,328,288,0
0,325,297,0
0,324,307,0
0,327,309,0
0,333,304,0
0,338,298,0
0,341,294,0
0,343,292,0
0,341,293,0
0,336,320,0
0,328,349,0
0,323,361,0
0,318,346,0
0,326,335,0
0,332,340,0
0,340,334,0
0,347,327,0
0,343,305,0
0,333,316,0
0,315,332,0
0,309,329,0
0,299,336,0
0,286,352,0
0,285,351,0
0,290,340,0
0,296,340,0
0,301,332,8
0,307,323,16
0,312,325,8
0,319,320,16
0,326,319,8
0,338,323,8
0,347,318,8
0,357,324,8
0,366,328,0
0,372,328,0
0,373,323,0
0,375,319,0
0,377,308,0
0,383,317,0
0,386,318,0
0,386,318,0
0,384,324,0
0,378,331,0
0,372,333,0
0,368,329,0
0,358,314,-8
0,352,337,0
0,350,348,-8
0,351,343,-16
0,350,337,-24
0,347,334,0
0,338,334,16
0,331,356,0
0,325,365,24
0,323,370,24
0,328,374,24
0,329,386,8
0,328,404,16
0,329,407,8
0,330,405,8
0,343,405,8
0,349,408,8
0,355,405,8
0,362,398,8
0,369,400,16
0,373,411,8
0,373,415,8
0,375,421,0
0,381,429,0
0,386,438,0
0,387,445,0
0,389,451,0
0,392,453,-8
0,395,453,-8
0,398,451,-8
0,400,449,0
0,402,449,0
0,404,449,0
0,407,452,0
0,408,455,0
0,409,459,0
0,410,463,0
0,411,466,0
0,413,469,0
0,416,470,0
0,418,470,0
0,418,472,0
0,419,475,0
0,418,483,0
0,417,493,0
0,416,504,0
0,416,512,-8
0,415,514,-16
0,414,513,-16
0,411,514,0
0,408,513,-16
0,405,514,-16
0,402,513,-8
0,399,509,-8
0,398,506,-8
0,393,503,0
0,389,500,-8
0,387,498,0
0,386,495,8
0,387,492,8
0,388,491,8
0,387,489,0
0,387,488,-8
0,387,482,0
0,384,480,-8
0,382,477,-8
0,383,473,-8
0,383,468,-8
0,383,463,-8
0,384,459,-8
0,386,456,-8
0,387,454,0
0,388,451,0
0,387,448,0
0,390,445,0
0,389,440,0
0,388,438,0
0,387,436,0
0,387,436,0
0,386,433,0
0,386,432,0
0,386,433,0
0,384,432,0
0,382,428,0
0,382,425,0
0,383,420,0
0,384,414,0
0,385,406,0
0,394,394,0
0,419,364,0
0,437,359,0
0,423,352,0
0,415,353,0
0,425,351,0
0,427,353,0
0,420,357,0
0,414,361,0
0,416,378,0
0,430,391,0
0,444,403,0
0,454,421,0
0,451,422,0
0,440,410,0
0,432,406,0
0,422,383,0
0,415,367,0
0,410,357,0
0,406,360,0
0,404,362,0
0,400,356,0
0,392,347,0
0,379,341,0
0,364,336,0
0,349,324,0
0,342,320,0
0,343,319,0
0,349,321,0
0,357,323,0
0,368,330,0
0,385,339,0
0,408,352,0
0,433,343,0
0,444,343,0
0,444,342,0
0,443,339,0
0,442,341,0
0,438,342,0
0,436,341,0
0,436,339,0
0,441,331,0
0,436,330,0
0,437,324,0
0,447,326,0
0,454,322,0
0,462,308,0
0,467,296,0
0,465,277,0
0,454,276,0
0,440,282,0
0,429,286,0
0,418,297,0
0,408,295,0
0,405,299,0
0,407,311,0
0,411,328,0
0,415,339,0
0,420,350,0
0,428,372,0
0,433,387,0
0,437,399,0
0,441,411,0
0,451,423,0
0,448,418,0
0,462,399,0
0,458,383,0
0,408,381,0
0,377,390,0
0,363,408,0
0,351,416,0
0,333,410,0
0,331,409,0
0,331,408,0
0,332,405,0
0,328,400,0
0,334,398,8
0,340,402,0
0,341,398,0
0,340,395,0
0,342,391,0
0,346,387,8
0,345,385,0
0,352,348,0
0,362,346,0
0,384,309,0
0,414,326,0
0,438,314,0
0,440,320,0
0,431,323,0
0,434,313,0
0,430,312,-8
0,417,306,0
0,418,320,0
0,402,314,0
0,391,309,0
0,374,299,0
0,361,302,0
0,358,309,0
0,363,310,0
0,369,301,0
0,376,298,0
0,389,305,0
0,399,312,0
0,408,312,0
0,416,311,0
0,422,309,0
0,428,313,0
0,432,310,0
0,431,303,0
0,430,303,0
0,433,295,0
0,445,287,0
0,451,297,0
0,447,304,0
0,439,304,0
0,433,305,0
0,430,302,0
0,433,307,0
0,439,311,0
0,440,333,0
0,438,320,0
0,434,316,0
0,434,315,0
0,412,319,0
0,380,325,0
0,345,336,0
0,330,336,0
0,333,331,0
0,325,327,0
0,325,325,0
0,332,337,0
0,349,338,0
0,362,336,0
0,363,344,0
0,349,343,0
0,319,335,0
0,284,332,0
0,256,334,0
0,226,359,0
0,212,382,0
0,276,398,0
0,313,411,0
0,359,426,0
0,386,431,0
0,387,422,0
0,385,412,0
0,385,403,0
0,392,389,0
0,404,378,0
0,418,371,0
0,423,366,0
0,417,366,0
0,404,364,0
0,394,356,0
0,405,347,0
0,427,340,0
0,456,316,0
0,471,321,0
0,463,311,0
0,449,316,0
0,423,338,0
0,409,347,0
0,412,342,0
0,422,340,0
0,423,337,0
0,427,339,0
0,440,344,0
0,451,350,-8
0,458,357,0
0,454,361,0
0,449,363,0
0,444,362,0
0,447,353,-8
0,449,349,0
0,449,343,0
0,445,339,0
0,434,336,0
0,426,330,0
0,437,342,0
0,437,328,0
0,438,309,0
0,442,306,0
0,429,300,0
0,406,298,0
0,395,294,0
0,411,300,0
0,426,302,0
0,445,321,0
0,462,385,0
0,471,419,0
0,467,417,0
0,455,407,0
0,440,398,0
0,438,383,0
0,445,367,0
0,457,347,0
0,467,351,0
0,468,338,0
0,468,332,0
0,475,315,0
0,482,307,0
0,490,293,0
0,497,293,0
0,498,293,0
0,484,286,-8
0,474,292,0
0,469,297,0
0,458,303,0
0,445,302,0
0,424,291,0
0,423,288,0
0,424,288,0
0,426,306,0
0,427,318,0
0,428,323,0
0,429,320,0
0,432,315,0
0,431,308,0
0,437,302,0
0,445,296,-8
0,438,317,0
0,432,313,0
0,439,309,0
0,446,289,0
0,442,281,0
0,435,291,0
0,426,289,0
0,414,301,0
0,408,307,0
0,408,309,0
0,414,315,0
0,424,318,0
0,418,312,0
0,409,307,0
0,391,303,0
0,389,291,0
0,418,281,0
0,445,283,0
0,460,303,0
0,470,302,-8
0,455,309,0
0,452,310,-8
0,437,307,0
0,437,322,0
0,430,339,0
0,427,329,0
0,428,336,0
0,423,335,0
0,418,339,0
0,410,336,0
0,404,336,0
0,396,341,0
0,389,339,0
0,390,338,0
0,390,345,0
0,391,348,0
0,393,345,0
0,392,337,0
0,392,336,0
0,390,341,0
0,379,355,0
0,374,364,0
0,374,371,0
0,375,375,8
0,376,375,0
0,376,374,0
0,379,369,0
0,389,367,0
0,401,372,0
0,419,366,0
0,427,365,0
0,426,364,0
0,426,361,0
0,417,357,0
0,412,355,0
0,410,350,8
0,410,348,0
0,407,350,0
0,408,348,0
0,398,345,-8
0,391,344,0
0,376,352,-8
0,369,362,0
0,370,369,0
0,371,372,0
0,372,372,0
0,370,375,-8
0,369,375,0
0,369,376,0
0,368,377,0
0,368,377,0
0,368,376,0
0,368,373,0
0,369,371,0
0,374,368,0
0,379,367,0
0,376,365,0
0,379,355,0
0,383,352,0
0,386,348,0
0,389,344,0
0,392,337,0
0,391,336,0
0,371,348,0
0,358,353,0
0,358,360,0
0,359,358,0
0,364,358,0
0,369,365,0
0,367,364,0
0,359,366,0
0,351,371,0
0,345,376,0
0,340,378,0
0,344,375,0
0,353,373,0
0,360,374,0
0,366,378,0
0,370,379,0
0,373,379,0
0,376,379,0
0,377,377,0
0,374,377,0
0,371,375,0
0,370,373,0
0,369,369,0
0,367,368,0
0,366,365,0
0,367,363,0
0,370,357,0
0,372,349,0
0,374,342,0
0,374,340,0
0,371,341,0
0,366,340,0
0,356,335,0
0,349,331,0
0,349,324,0
0,336,323,0
0,230,304,0
0,134,310,0
0,61,315,0
0,97,320,0
0,152,311,0
0,186,298,0
0,244,294,0
0,285,299,0
0,308,315,0
0,318,338,0
0,321,363,0
0,325,379,0
0,327,390,0
0,330,406,0
0,327,408,0
0,320,404,0
0,321,386,0
0,334,384,0
0,365,360,8
0,378,342,0
0,382,329,0
0,367,331,0
0,364,348,0
0,361,347,0
0,375,343,0
0,379,341,0
0,367,352,0
0,356,352,0
0,352,349,0
0,354,344,0
0,352,343,0
0,351,343,0
0,355,346,0
0,349,351,0
0,334,356,0
0,327,360,0
0,331,348,0
0,328,340,0
0,312,335,8
0,280,364,0
0,276,378,0
0,245,377,0
0,255,359,0
0,285,353,0
0,322,354,0
0,355,355,0
0,382,351,0
0,397,349,0
0,404,344,0
0,417,342,0
0,426,342,0
0,426,341,0
0,435,344,0
0,433,347,0
0,429,347,0
0,430,344,8
0,430,348,0
0,428,347,0
0,423,345,0
0,419,339,8
0,416,347,0
0,412,351,0
0,410,354,0
0,411,358,-8
0,413,359,0
0,413,361,0
0,412,363,0
0,411,360,0
0,409,360,0
0,394,357,0
0,370,370,0
0,360,378,0
0,370,396,0
0,370,402,0
0,371,404,0
0,372,402,0
0,374,400,0
0,377,399,0
0,381,398,0
0,385,396,0
0,387,392,0
0,389,388,0
0,391,378,0
0,391,372,0
0,391,369,0
0,392,365,0
0,391,364,0
0,400,363,0
0,406,355,0
0,410,371,0
0,414,377,0
0,414,379,0
0,407,378,0
0,405,375,0
0,408,375,0
0,409,371,0
0,409,361,8
0,404,366,0
0,389,369,0
0,386,364,0
0,389,372,0
0,397,382,0
0,399,387,0
0,400,394,0
0,398,403,0
0,397,408,0
0,399,410,0
0,400,410,0
0,401,410,0
0,400,409,0
0,395,408,0
0,393,405,0
0,389,402,0
0,392,392,0
0,401,382,0
0,412,379,0
0,422,378,0
0,435,377,0
0,448,373,0
0,460,373,0
0,464,375,0
0,453,376,0
0,445,376,0
0,437,384,0
0,432,384,0
0,430,386,0
0,425,387,0
0,421,388,0
0,419,389,0
0,418,387,-8
0,417,385,-8
0,418,381,0
0,418,378,0
0,416,377,0
0,416,370,0
0,411,367,0
0,404,367,0
0,401,369,0
0,410,367,0
0,410,360,0
0,407,356,0
0,402,354,0
0,400,351,0
0,398,346,0
0,398,344,0
0,395,341,0
0,390,341,0
0,388,341,0
0,385,336,0
0,382,334,0
0,379,332,0
0,375,323,0
0,365,318,0
0,374,304,0
0,388,307,8
0,391,312,8
0,389,329,8
0,389,337,8
0,392,329,8
0,395,327,8
0,402,331,8
0,413,339,8
0,409,335,0
0,388,332,0
0,373,358,0
0,368,347,0
0,384,358,0
0,403,352,0
0,418,351,0
0,437,354,0
0,440,349,0
0,442,348,0
0,438,344,0
0,432,337,0
0,428,346,0
0,431,356,0
0,432,378,-8
0,434,392,0
0,434,393,0
0,435,393,0
0,440,391,0
0,444,391,0
0,446,394,0
0,445,395,0
0,443,396,0
0,437,394,0
0,434,395,0
0,433,397,0
0,433,399,0
0,434,400,0
0,435,400,0
0,435,398,0
0,433,395,0
0,432,393,0
0,431,390,0
0,427,383,0
0,424,376,0
0,424,374,0
0,421,377,0
0,420,384,0
0,420,386,0
0,420,388,0
0,420,388,0
0,419,388,0
0,418,386,0
0,417,386,0
0,416,387,0
0,417,387,0
0,417,388,0
0,417,389,0
0,417,389,0
0,419,391,0
0,420,393,0
0,422,394,0
0,426,395,0
0,427,395,0
0,427,393,0
0,426,391,0
0,426,391,0
0,426,390,0
0,426,389,0
0,426,388,0
0,426,386,0
0,425,384,0
0,425,383,0
0,424,382,0
0,422,381,0
0,420,380,0
0,418,381,0
0,418,381,0
0,418,379,0
0,418,377,0
0,418,376,0
0,419,375,0
0,418,373,0
0,419,374,0
0,420,375,0
0,420,375,0
0,420,375,0
0,419,376,0
0,420,377,0
0,421,377,0
0,422,378,0
0,421,381,0
0,421,383,0
0,421,383,0
0,420,382,0
0,418,381,0
0,417,381,0
0,416,382,0
0,416,383,0
0,416,384,0
0,417,385,0
0,418,386,0
0,420,386,0
0,420,384,0
0,420,381,0
0,421,379,-8
0,422,379,0
0,424,379,0
0,422,379,0
0,420,381,0
0,419,383,0
0,419,383,0
0,419,384,0
0,420,385,0
0,419,383,8
0,420,384,0
0,422,384,0
0,424,384,0
0,426,382,0
0,427,380,0
0,427,379,0
0,429,379,0
0,430,379,0
0,430,378,0
0,431,378,0
0,432,378,0
0,433,379,0
0,433,379,0
0,432,379,0
0,431,379,0
0,431,379,0
0,430,380,0
0,426,378,0
0,424,378,0
0,422,378,0
0,420,382,0
0,418,386,0
0,417,388,0
0,417,392,0
0,419,396,0
0,420,398,0
0,421,398,0
0,422,398,0
0,422,397,0
0,421,396,0
0,421,395,0
0,421,395,0
0,422,396,0
0,421,395,0
0,421,395,0
0,422,394,0
0,421,393,0
0,422,392,0
0,422,392,0
0,422,392,0
0,423,390,0
0,423,390,0
0,423,390,0
0,422,390,0
0,422,389,0
0,421,386,0
0,420,384,0
0,420,384,0
0,420,383,0
0,420,384,0
0,418,385,0
0,416,386,8
0,415,387,0
0,416,389,0
0,416,390,0
0,414,392,0
0,413,393,0
0,412,393,0
0,411,394,0
0,411,394,0
0,411,393,0
0,412,393,0
0,412,393,0
0,412,392,0
0,412,392,0
0,413,393,0
0,413,394,0
0,413,394,0
0,413,395,0
0,413,394,0
0,414,394,0
0,416,390,0
0,420,389,0
0,423,390,0
0,425,391,0
0,427,392,0
0,428,393,0
0,429,393,0
0,429,392,0
0,428,389,0
0,427,385,-8
0,425,382,0
0,425,379,0
0,426,375,0
0,419,371,0
0,413,376,0
0,410,373,-16
0,402,376,8
0,398,379,-8
0,401,376,0
0,397,376,-8
0,391,375,-8
0,386,376,-8
0,384,378,-8
0,381,381,-8
0,370,383,-8
0,369,372,-8
0,356,369,-8
0,346,367,0
0,342,366,0
0,339,363,0
0,339,359,0
0,341,357,0
0,348,356,0
0,349,353,0
0,337,354,0
0,330,351,0
0,328,344,0
0,330,338,0
0,334,333,0
0,341,329,0
0,351,325,0
0,368,312,0
0,378,295,0
0,388,277,0
0,401,280,0
0,403,286,0
0,407,270,0
0,411,268,0
0,412,271,0
0,412,275,0
0,410,279,0
0,405,282,0
0,397,280,0
0,390,278,0
0,383,273,0
0,378,268,0
0,376,264,0
0,375,266,0
0,365,285,-8
0,366,296,0
0,372,303,0
0,377,307,0
0,379,308,0
0,381,309,0
0,378,309,0
0,367,303,0
0,364,304,0
0,364,305,0
0,366,308,0
0,369,313,0
0,369,335,0
0,361,349,0
0,355,344,0
0,358,333,0
0,361,324,0
0,361,316,0
0,364,301,0
0,354,302,0
0,275,305,0
0,202,303,0
0,201,296,0
0,222,316,0
0,246,300,0
0,268,293,0
0,287,288,0
0,307,290,0
0,327,294,0
0,341,301,0
0,353,310,0
0,368,321,0
0,388,320,0
0,397,304,0
0,398,285,0
0,382,287,0
0,386,307,0
0,388,290,0
0,384,278,0
0,381,273,0
0,376,268,0
0,370,257,0
0,371,261,0
0,376,273,0
0,388,259,0
0,395,254,0
0,396,252,0
0,394,252,0
0,384,271,0
0,378,271,0
0,374,271,0
0,369,270,0
0,368,267,0
0,368,268,0
0,369,269,0
0,371,271,0
0,373,273,0
0,375,275,0
0,377,277,0
0,377,281,0
0,378,287,0
0,376,293,0
0,380,294,0
0,393,295,0
0,411,291,0
0,432,296,0
0,434,302,0
0,429,302,0
0,416,305,0
0,405,299,0
0,401,302,0
0,400,301,0
0,403,301,0
0,406,301,0
0,403,298,0
0,408,297,0
0,419,280,0
0,433,287,0
0,422,293,0
0,404,321,0
0,390,323,0
0,377,314,0
0,369,313,8
0,369,306,0
0,367,305,8
0,376,302,0
0,389,303,0
0,393,311,8
0,401,320,8
0,393,322,8
0,374,343,16
0,372,350,-16
0,358,360,8
0,351,373,0
0,336,406,0
0,302,442,0
0,284,459,0
0,315,441,8
0,330,424,-8
0,333,424,-8
0,339,423,0
0,342,422,-8
0,342,423,0
0,339,431,0
0,340,436,0
0,344,438,0
0,344,427,0
0,351,418,0
0,363,408,8
0,375,406,0
0,378,395,0
0,384,389,0
0,366,384,0
0,362,378,0
0,389,384,0
0,395,384,0
0,400,386,0
0,395,389,0
0,393,392,0
0,394,392,0
0,395,390,0
0,396,384,0
0,395,379,0
0,394,374,0
0,392,366,0
0,388,358,0
0,387,358,0
0,394,354,-8
0,400,349,0
0,410,357,0
0,418,349,0
0,434,364,0
0,437,368,0
0,366,345,0
0,230,338,0
0,223,322,0
0,250,316,0
0,286,313,0
0,318,313,0
0,340,325,0
0,371,303,0
0,387,305,0
0,424,302,0
0,456,304,0
0,470,284,0
0,471,289,0
0,487,286,0
0,481,297,0
0,467,303,0
0,450,306,0
0,436,306,0
0,424,308,0
0,408,325,0
0,410,311,0
0,407,308,0
0,411,313,0
0,409,328,0
0,408,314,0
0,410,308,0
0,413,306,0
0,412,307,0
0,410,308,0
0,408,313,0
0,399,316,0
0,391,318,0
0,387,319,0
0,390,318,0
0,395,316,0
0,404,314,0
0,412,310,0
0,413,307,0
0,403,308,0
0,395,318,0
0,373,314,0
0,378,306,0
0,375,293,0
0,373,313,0
0,375,324,0
0,382,329,0
0,389,325,0
0,390,320,0
0,383,315,0
0,365,307,0
0,336,297,0
0,318,296,0
0,318,288,0
0,334,275,0
0,351,269,0
0,370,262,0
0,394,285,0
0,411,302,0
0,423,309,0
0,437,298,0
0,437,303,0
0,427,338,0
0,430,358,0
0,436,366,0
0,447,360,0
0,440,350,0
0,438,340,0
0,438,335,0
0,437,338,0
0,442,312,-8
0,434,309,0
0,432,305,0
0,439,312,0
0,427,315,0
0,404,312,0
0,399,303,0
0,413,322,0
0,416,330,0
0,407,330,0
0,398,343,0
0,395,357,0
0,399,367,0
0,390,362,0
0,359,348,0
0,336,340,0
0,326,339,0
0,329,343,0
0,336,352,0
0,338,370,0
0,321,377,0
0,306,370,0
0,292,359,0
0,284,364,0
0,297,373,0
0,312,377,0
0,321,377,0
0,329,383,0
0,339,390,0
0,349,395,0
0,357,395,0
0,367,394,0
0,384,385,0
0,391,377,0
0,394,374,0
0,390,374,0
0,387,373,0
0,390,370,0
0,395,363,0
0,401,352,0
0,403,350,0
0,408,353,0
0,411,355,0
0,419,354,0
0,424,350,0
0,433,349,0
0,436,344,0
0,438,335,0
0,430,319,0
0,426,312,0
0,434,318,0
0,438,308,0
0,442,299,0
0,446,296,0
0,466,304,0
0,468,307,-8
0,456,323,0
0,435,346,8
0,404,361,0
0,393,365,8
0,389,369,0
0,397,370,0
0,391,384,0
0,391,402,0
0,370,419,0
0,361,425,0
0,353,426,0
0,347,421,0
0,342,414,0
0,349,401,0
0,362,388,0
0,375,365,0
0,383,353,0
0,377,345,0
0,379,347,0
0,389,350,0
0,386,346,0
0,393,319,0
0,400,316,0
0,409,317,0
0,405,309,0
0,402,312,0
0,405,336,0
0,418,330,0
0,422,333,0
0,431,314,-8
0,461,297,0
0,485,287,0
0,490,298,0
0,482,304,0
0,476,318,0
0,463,312,0
0,451,318,0
0,435,313,0
0,416,324,0
0,399,322,0
0,407,313,0
0,414,313,0
0,421,317,0
0,428,319,0
0,424,318,0
0,416,315,0
0,409,310,0
0,393,306,0
0,395,314,0
0,445,314,0
0,487,328,0
0,470,372,0
0,449,405,0
0,431,421,0
0,425,413,0
0,412,403,0
0,404,406,0
0,395,425,0
0,380,440,0
0,363,447,8
0,358,446,8
0,363,439,8
0,369,443,8
0,373,450,0
0,382,447,8
0,392,446,0
0,399,444,0
0,406,451,0
0,411,461,0
0,411,462,0
0,414,462,0
0,415,459,0
0,415,458,0
0,415,457,-8
0,414,456,-8
0,414,454,0
0,412,452,0
0,411,450,0
0,411,447,0
0,410,444,0
0,409,442,0
0,408,440,0
0,407,438,0
0,407,435,0
0,406,433,0
0,405,430,0
0,405,430,0
0,404,429,0
0,404,427,0
0,404,425,0
0,403,422,0
0,402,420,0
0,401,418,0
0,400,415,0
0,398,411,0
0,397,409,0
0,396,407,0
0,396,406,0
0,395,403,0
0,396,400,0
0,396,398,0
0,396,394,0
0,395,391,0
0,395,389,0
0,396,387,0
0,397,386,0
0,398,384,0
0,399,384,0
0,398,383,0
0,396,383,0
0,392,382,0
0,388,380,0
0,386,379,0
0,383,374,0
0,381,371,0
0,373,361,0
0,365,353,0
0,355,341,0
0,350,329,0
0,352,323,0
0,356,322,0
0,358,317,0
0,361,315,0
0,364,315,0
0,370,320,0
0,376,325,0
0,378,331,0
0,376,332,0
0,373,331,0
0,359,315,0
0,351,315,0
0,350,318,0
0,354,320,0
0,362,319,0
0,368,315,0
0,372,313,0
0,369,303,0
0,367,299,0
0,367,299,0
0,367,301,0
0,368,304,0
0,368,309,0
0,365,313,0
0,362,315,0
0,358,315,0
0,357,315,0
0,360,315,0
0,365,318,0
0,372,322,0
0,377,324,0
0,367,321,0
0,366,312,0
0,361,321,0
0,358,327,0
0,341,331,8
0,343,333,0
0,350,337,0
0,358,337,0
0,367,338,0
0,368,332,0
0,372,334,0
0,373,329,8
0,373,326,8
0,376,326,8
0,382,323,8
0,391,322,8
0,396,315,0
0,399,310,0
0,401,313,0
0,399,311,0
0,399,322,0
0,406,335,0
0,401,334,0
0,390,332,8
0,391,346,0
0,387,335,0
0,405,323,0
0,413,336,-8
0,411,345,-8
0,412,337,-8
0,406,337,-8
0,402,330,-16
0,405,315,-8
0,396,313,0
0,390,312,0
0,384,315,0
0,371,329,0
0,353,332,0
0,357,334,0
0,365,328,0
0,375,322,0
0,381,323,0
0,382,326,0
0,379,332,0
0,376,337,0
0,371,339,0
0,364,336,0
0,355,334,0
0,345,331,0
0,338,328,0
0,333,325,0
0,334,333,0
0,338,339,0
0,344,345,0
0,350,350,0
0,355,353,0
0,358,351,0
0,358,347,0
0,356,342,0
0,355,339,0
0,355,346,0
0,352,347,0
0,351,344,0
0,350,343,0
0,349,342,0
0,348,338,0
0,352,342,0
0,361,359,8
0,364,363,0
0,368,362,0
0,374,364,0
0,380,368,0
0,383,370,0
0,384,371,0
0,384,372,0
0,382,371,0
0,381,370,8
0,381,372,0
0,380,374,0
0,379,374,0
0,378,373,0
0,376,370,0
0,374,369,0
0,372,368,0
0,367,367,0
0,366,366,0
0,365,364,0
0,364,363,0
0,364,361,0
0,365,359,0
0,365,358,0
0,366,357,0
0,365,354,0
0,367,357,0
0,369,358,0
0,370,358,0
0,371,357,0
0,372,356,0
0,372,356,0
0,371,354,0
0,373,353,0
0,377,353,-8
0,380,352,0
0,382,352,0
0,382,353,0
0,380,352,0
0,379,350,0
0,379,348,0
0,378,345,0
0,375,352,0
0,365,355,0
0,364,353,8
0,367,352,16
0,370,347,16
0,374,346,8
0,380,342,8
0,389,343,8
0,402,347,8
0,412,348,8
0,417,347,8
0,419,340,0
0,426,344,0
0,433,343,0
0,435,341,0
0,437,345,0
0,434,347,-8
0,432,351,0
0,433,350,-8
0,435,350,0
0,438,350,0
0,437,346,0
0,442,342,0
0,453,334,0
0,454,332,0
0,454,325,0
0,452,334,0
0,450,344,0
0,445,348,0
0,442,356,0
0,442,362,0
0,443,365,0
0,443,364,0
0,444,363,0
0,444,362,0
0,445,364,0
0,442,370,0
0,441,389,0
0,438,399,0
0,428,412,0
0,417,425,0
0,412,422,0
0,410,417,0
0,409,415,0
0,409,410,-8
0,408,394,0
0,408,366,0
0,409,360,0
0,410,360,0
0,408,360,0
0,405,360,0
0,400,362,0
0,393,350,0
0,377,334,0
0,358,322,0
0,352,319,0
0,358,321,0
0,370,325,0
0,382,328,0
0,396,334,0
0,406,339,0
0,413,346,0
0,413,351,0
0,400,343,0
0,391,342,0
0,385,343,0
0,387,347,0
0,389,357,0
0,395,369,0
0,397,375,0
0,398,377,0
0,395,375,0
0,395,374,0
0,396,367,0
0,400,364,0
0,407,361,0
0,414,360,0
0,419,362,0
0,422,366,0
0,421,371,0
0,419,374,0
0,419,374,0
0,418,374,0
0,417,374,0
0,417,375,0
0,415,377,0
0,411,381,0
0,408,386,0
0,407,389,0
0,408,390,0
0,408,392,0
0,406,396,0
0,405,396,0
0,404,394,0
0,403,393,0
0,405,392,0
0,407,395,0
0,408,397,0
0,408,398,0
0,407,399,0
0,407,398,0
0,407,398,0
0,406,396,0
0,406,393,0
0,405,390,0
0,403,389,0
0,400,388,0
0,398,386,0
0,399,384,0
0,400,381,0
0,401,379,0
0,401,375,0
0,405,374,0
0,408,364,0
0,409,359,0
0,408,354,0
0,406,348,0
0,400,340,0
0,399,339,0
0,400,342,0
0,402,336,0
0,402,340,0
0,400,337,0
0,396,332,0
0,393,328,0
0,390,325,0
0,391,322,0
0,399,327,0
0,412,336,0
0,429,342,0
0,441,331,0
0,446,329,0
0,449,318,0
0,447,325,0
0,443,330,0
0,435,330,0
0,425,326,0
0,413,320,0
0,407,322,0
0,400,309,8
0,393,311,0
0,387,309,0
0,385,315,0
0,395,315,0
0,403,312,0
0,407,313,0
0,415,315,0
0,428,316,0
0,433,321,0
0,433,332,0
0,433,351,0
0,435,361,0
0,439,368,0
0,441,372,0
0,440,370,0
0,436,367,0
0,431,368,0
0,429,367,0
0,425,362,0
0,420,352,0
0,415,346,0
0,409,339,0
0,405,338,0
0,403,338,0
0,401,335,0
0,398,331,0
0,389,324,0
0,382,321,0
0,382,322,0
0,380,318,0
0,383,318,0
0,384,325,0
0,389,330,0
0,388,327,0
0,401,342,0
0,406,345,0
0,406,345,0
0,404,347,0
0,398,347,0
0,404,359,0
0,409,369,0
0,413,377,0
0,417,383,0
0,424,394,0
0,424,396,0
0,424,398,0
0,423,399,0
0,423,401,0
0,425,402,0
0,424,402,0
0,424,400,0
0,423,398,0
0,420,394,-8
0,420,393,0
0,419,391,0
0,418,396,0
0,417,396,0
0,417,396,0
0,417,395,0
0,417,392,0
0,417,390,0
0,417,388,0
0,416,385,8
0,415,383,0
0,415,380,0
0,415,378,0
0,415,375,0
0,413,362,0
0,410,354,0
0,410,354,0
0,412,349,0
0,414,343,0
0,417,345,0
0,418,348,0
0,416,342,0
0,415,338,0
0,423,347,0
0,434,354,0
0,435,352,0
0,432,351,0
0,432,353,0
0,430,356,0
0,428,361,0
0,426,365,0
0,424,368,0
0,423,370,0
0,426,371,0
0,424,368,0
0,419,365,0
0,411,360,0
0,407,366,0
0,406,367,0
0,405,365,0
0,405,365,8
0,404,364,0
0,410,367,0
0,412,371,0
0,414,371,-8
0,414,373,-8
0,414,373,-8
0,413,374,-8
0,411,374,-8
0,408,374,0
0,402,373,-8
0,375,367,0
0,296,362,0
0,268,366,0
0,275,370,0
0,312,399,0
0,328,439,0
0,333,453,0
0,331,437,0
0,331,418,0
0,336,406,0
0,344,395,0
0,352,385,0
0,354,377,0
0,352,373,0
0,347,371,0
0,340,370,0
0,336,369,0
0,334,369,0
0,332,369,0
0,330,368,0
0,329,368,0
0,330,370,0
0,332,376,0
0,335,380,0
0,337,379,0
0,338,377,0
0,335,377,0
0,334,376,0
0,334,374,0
0,334,370,0
0,334,368,0
0,334,360,0
0,337,356,0
0,344,353,0
0,364,343,0
0,387,349,0
0,401,352,0
0,401,350,0
0,393,349,0
0,386,344,0
0,382,332,0
0,383,319,0
0,386,306,0
0,384,315,0
0,377,322,0
0,373,331,0
0,382,330,8
0,396,335,8
0,410,336,0
0,415,332,0
0,394,339,-8
0,377,342,0
0,351,363,0
0,346,370,0
0,340,381,8
0,338,382,0
0,336,377,0
0,337,370,0
0,341,365,8
0,355,367,0
0,384,360,0
0,411,360,0
0,432,358,0
0,422,344,0
0,413,341,0
0,406,346,0
0,393,347,0
0,389,343,0
0,391,340,0
0,395,341,0
0,396,343,0
0,395,344,0
0,393,346,0
0,394,348,0
0,396,350,0
0,398,349,0
0,402,337,8
0,403,329,0
0,398,322,0
0,387,310,0
0,379,296,0
0,370,277,0
0,355,257,0
0,347,270,0
0,361,290,0
0,402,293,0
0,429,295,0
0,450,295,0
0,452,286,0
0,441,282,0
0,423,283,0
0,409,281,0
0,399,272,0
0,376,264,0
0,366,259,0
0,362,254,0
0,359,252,0
0,363,254,0
0,371,259,0
0,373,266,0
0,379,273,0
0,386,279,0
0,393,280,0
0,394,283,0
0,386,284,0
0,389,278,0
0,395,284,0
0,387,276,0
0,380,293,0
0,384,304,0
0,386,303,0
0,385,306,0
0,385,305,0
0,366,297,-8
0,336,319,0
0,330,329,0
0,355,347,0
0,365,343,0
0,363,338,0
0,379,329,-8
0,383,332,0
0,398,350,0
0,403,345,-8
0,419,332,0
0,427,322,0
0,427,317,0
0,430,319,0
0,427,300,0
0,434,300,0
0,437,303,0
0,427,297,0
0,426,305,0
0,427,313,0
0,435,302,0
0,442,286,0
0,440,288,0
0,449,292,-8
0,454,300,8
0,458,324,0
0,464,320,8
0,456,315,8
0,440,306,0
0,423,300,0
0,404,299,0
0,397,305,0
0,407,304,0
0,415,294,0
0,422,306,0
0,424,311,0
0,421,310,0
0,414,306,0
0,410,304,0
0,414,300,0
0,421,297,0
0,425,293,0
0,426,289,0
0,421,287,0
0,414,287,0
0,408,288,0
0,414,294,0
0,406,283,0
0,382,285,0
0,374,274,-8
0,387,292,0
0,433,313,0
0,466,303,0
0,475,292,0
0,461,291,0
0,442,291,0
0,432,313,0
0,456,328,0
0,475,312,0
0,486,311,0
0,493,305,0
0,496,293,0
0,488,301,0
0,481,300,0
0,456,293,0
0,437,286,0
0,447,287,0
0,465,281,0
0,480,273,0
0,481,259,0
0,499,249,0
0,522,251,0
0,538,258,0
0,535,256,0
0,528,255,0
0,528,253,0
0,519,264,0
0,475,281,0
0,440,280,0
0,424,272,0
0,413,286,0
0,415,301,0
0,420,291,0
0,424,287,0
0,425,290,0
0,422,294,0
0,422,300,0
0,426,305,0
0,427,303,0
0,428,309,0
0,426,303,0
0,423,297,0
0,422,302,0
0,419,303,0
0,410,304,0
0,400,298,0
0,394,296,0
0,392,297,0
0,392,299,0
0,399,300,0
0,414,280,0
0,427,277,0
0,434,272,0
0,431,272,0
0,422,278,0
0,417,291,0
0,416,302,0
0,414,307,0
0,407,312,0
0,401,315,0
0,403,304,0
0,405,297,0
0,415,304,0
0,423,308,0
0,425,309,0
0,419,311,0
0,396,309,0
0,391,289,0
0,396,320,0
0,399,347,0
0,399,356,0
0,399,356,0
0,413,346,0
0,415,322,0
0,417,306,0
0,406,307,0
0,420,320,0
0,435,316,0
0,442,308,0
0,447,302,0
0,453,301,0
0,444,303,0
0,434,304,0
0,420,303,0
0,407,298,0
0,392,292,0
0,380,284,-8
0,390,295,0
0,402,282,8
0,410,290,0
0,416,289,8
0,421,301,0
0,419,303,0
0,412,303,0
0,404,305,0
0,397,304,0
0,380,310,8
0,369,318,0
0,364,323,0
0,362,321,0
0,357,328,0
0,361,342,0
0,353,339,0
0,351,341,-8
0,351,339,-8
0,354,340,0
0,353,342,0
0,353,345,0
0,360,333,-8
0,362,330,-8
0,359,331,0
0,353,333,0
0,353,345,0
0,355,354,0
0,358,386,0
0,351,395,0
0,347,400,0
0,345,402,0
0,340,396,0
0,335,390,0
0,338,376,0
0,343,352,-8
0,346,341,0
0,343,336,0
0,342,336,0
0,342,334,0
0,339,331,-8
0,322,325,-8
0,321,312,-8
0,325,305,0
0,328,298,0
0,328,284,0
0,334,278,0
0,342,280,0
0,345,285,0
0,340,290,0
0,326,293,0
0,314,295,0
0,309,297,0
0,309,301,0
0,312,305,0
0,316,305,0
0,319,302,0
0,322,297,0
0,322,293,0
0,321,290,0
0,320,289,0
0,321,292,0
0,322,296,0
0,317,302,0
0,304,317,0
0,295,317,0
0,306,319,0
0,313,324,8
0,313,317,0
0,300,327,0
0,297,329,0
0,299,326,0
0,294,331,0
0,288,323,0
0,286,312,0
0,287,318,0
0,294,312,0
0,306,309,0
0,314,305,0
0,319,304,0
0,322,299,0
0,328,304,0
0,332,289,0
0,321,291,0
0,334,283,0
0,330,287,0
0,334,296,0
0,338,295,0
0,340,292,0
0,340,297,0
0,333,300,0
0,328,306,0
0,336,320,0
0,339,315,0
0,340,318,0
0,349,312,16
0,352,315,16
0,352,319,8
0,359,320,16
0,370,326,16
0,377,327,16
0,396,327,16
0,421,330,8
0,438,326,8
0,443,339,0
0,440,355,0
0,435,363,0
0,429,370,0
0,420,364,0
0,427,358,0
0,436,360,0
0,438,353,0
0,431,343,0
0,422,337,0
0,418,335,0
0,418,334,0
0,421,337,0
0,424,350,0
0,425,359,0
0,415,364,0
0,407,367,0
0,406,379,0
0,407,381,0
0,411,375,0
0,415,370,0
0,421,367,0
0,428,365,0
0,431,370,0
0,432,375,0
0,432,378,0
0,431,378,0
0,430,378,0
0,429,373,0
0,429,377,0
0,430,385,0
0,427,392,0
0,425,395,0
0,424,395,0
0,424,394,0
0,423,393,0
0,423,392,0
0,423,391,0
0,423,391,0
0,423,390,0
0,424,390,0
0,424,390,0
0,425,391,0
0,425,392,0
0,425,393,0
0,425,391,0
0,421,390,0
0,418,391,0
0,416,390,0
0,416,389,0
0,417,388,0
0,418,389,0
0,421,389,0
0,424,390,0
0,426,391,0
0,428,391,0
0,430,391,0
0,431,391,0
0,431,388,0
0,428,386,0
0,427,384,0
0,426,383,0
0,427,383,0
0,430,383,0
0,432,382,-8
0,432,381,0
0,432,382,0
0,430,381,0
0,429,384,0
0,428,385,0
0,427,384,0
0,427,383,0
0,427,382,0
0,427,381,0
0,430,378,0
0,431,378,0
0,432,378,0
0,432,378,0
0,432,378,0
0,432,379,0
0,432,381,0
0,433,382,0
0,434,382,0
0,437,383,0
0,440,382,0
0,442,381,0
0,442,381,0
0,441,379,0
0,438,377,0
0,437,375,0
0,436,376,0
0,435,381,0
0,436,386,0
0,435,385,0
0,435,383,0
0,434,380,0
0,434,377,0
0,434,379,0
0,434,383,0
0,433,383,0
0,432,383,0
0,432,382,0
0,432,382,0
0,432,382,0
0,434,382,0
0,435,383,0
0,435,382,0
0,435,382,0
0,434,381,0
0,432,381,0
0,430,382,0
0,430,384,0
0,430,384,0
0,429,384,0
0,427,384,0
0,423,383,0
0,420,383,0
0,419,384,0
0,419,385,0
0,420,386,0
0,420,386,0
0,421,387,0
0,423,387,0
0,424,387,0
0,425,388,0
0,426,389,0
0,427,390,0
0,426,390,0
0,425,389,0
0,424,388,0
0,423,388,0
0,424,389,0
0,425,390,0
0,427,391,0
0,429,391,0
0,430,391,0
0,430,391,0
0,430,391,0
0,430,390,0
0,430,390,0
0,430,389,0
0,431,390,0
0,432,391,0
0,432,393,0
0,432,393,0
0,433,393,0
0,435,391,0
0,437,389,0
0,435,388,0
0,434,385,0
0,431,380,0
0,429,377,0
0,427,374,0
0,431,369,0
0,432,368,0
0,431,362,0
0,424,348,0
0,410,341,0
0,411,351,0
0,420,347,0
0,431,336,0
0,437,337,-8
0,441,333,0
0,438,328,0
0,430,331,0
0,425,339,-8
0,413,344,-8
0,410,353,-8
0,400,359,-8
0,397,384,-8
0,404,391,-8
0,406,385,-8
0,409,376,-8
0,413,362,-8
0,432,337,0
0,442,333,0
0,324,298,0
0,214,302,0
0,209,298,0
0,230,301,0
0,260,306,0
0,288,305,0
0,312,300,0
0,326,292,0
0,332,289,0
0,338,288,0
0,344,291,0
0,349,292,0
0,351,291,0
0,351,289,0
0,348,284,0
0,344,285,0
0,342,297,0
0,344,301,0
0,344,298,-8
0,344,313,0
0,346,319,0
0,355,318,0
0,358,303,0
0,347,320,0
0,350,316,0
0,351,313,0
0,354,320,0
0,351,315,0
0,344,310,0
0,337,303,0
0,329,324,0
0,322,333,0
0,318,325,0
0,320,305,0
0,308,306,0
0,301,308,0
0,299,312,0
0,299,313,0
0,300,316,0
0,301,319,0
0,301,335,-8
0,305,333,0
0,309,331,0
0,310,327,0
0,310,319,0
0,308,322,0
0,308,322,0
0,308,320,0
0,307,319,0
0,308,313,0
0,307,305,0
0,308,302,0
0,308,303,0
0,309,302,0
0,309,298,0
0,308,293,0
0,294,303,0
0,288,306,0
0,287,297,0
0,289,290,0
0,290,289,0
0,287,293,0
0,284,295,0
0,286,302,0
0,290,304,0
0,302,298,8
0,315,302,0
0,337,303,0
0,349,303,0
0,352,307,0
0,358,293,0
0,359,303,0
0,360,314,0
0,366,312,0
0,365,307,0
0,356,304,0
0,345,299,0
0,335,313,0
0,305,318,0
0,304,307,0
0,311,335,0
0,330,353,0
0,340,347,0
0,343,337,0
0,341,328,0
0,338,320,0
0,335,314,0
0,335,313,0
0,339,315,0
0,353,321,0
0,368,325,0
0,379,329,0
0,381,319,0
0,382,321,0
0,380,324,0
0,377,327,0
0,377,328,0
0,379,325,0
0,382,320,0
0,385,318,0
0,387,317,0
0,385,315,0
0,385,312,0
0,384,311,0
0,364,312,0
0,354,306,0
0,347,305,0
0,337,309,0
0,317,314,0
0,295,316,0
0,279,320,0
0,277,331,0
0,280,329,0
0,289,319,0
0,311,316,0
0,340,310,0
0,367,313,0
0,392,322,0
0,404,334,0
0,416,332,0
0,410,336,0
0,392,325,0
0,373,316,0
0,357,316,0
0,349,321,8
0,344,325,8
0,351,338,0
0,352,352,0
0,371,374,8
0,375,384,-8
0,367,388,-8
0,361,380,0
0,366,374,0
0,368,370,0
0,378,362,0
0,382,357,0
0,379,348,0
0,369,341,0
0,364,341,0
0,367,331,0
0,374,324,0
0,376,317,0
0,374,317,0
0,371,315,0
0,369,308,0
0,373,307,0
0,385,314,0
0,396,324,0
0,403,331,0
0,406,334,0
0,402,341,0
0,392,346,0
0,394,349,0
0,386,330,0
0,379,322,0
0,368,322,0
0,353,325,0
0,337,327,0
0,335,318,0
0,354,314,0
0,385,320,0
0,414,321,0
0,448,322,0
0,476,315,0
0,496,316,0
0,504,323,0
0,498,334,0
0,486,346,0
0,474,356,0
0,459,367,0
0,430,373,0
0,409,383,0
0,394,395,0
0,379,393,8
0,360,401,0
0,348,396,0
0,348,383,0
0,346,381,0
0,339,372,0
0,339,373,8
0,341,368,0
0,350,373,-8
0,354,382,0
0,362,385,0
0,363,385,0
0,356,382,0
0,343,379,0
0,329,374,0
0,320,369,0
0,319,367,0
0,321,352,0
0,319,337,0
0,331,349,0
0,349,361,0
0,360,351,0
0,366,357,0
0,371,362,0
0,369,362,0
0,373,358,0
0,368,339,0
0,368,349,-8
0,363,352,0
0,363,358,0
0,365,361,0
0,363,368,0
0,368,374,8
0,375,374,8
0,376,378,0
0,377,378,-8
0,373,378,-8
0,372,376,0
0,369,373,0
0,367,370,0
0,368,372,0
0,367,372,0
0,367,373,0
0,369,372,0
0,372,371,0
0,377,374,0
0,379,377,0
0,386,378,0
0,396,376,0
0,408,374,0
0,415,375,0
0,413,374,0
0,408,377,0
0,403,380,-8
0,400,381,0
0,400,380,-8
0,400,380,0
0,403,381,-8
0,404,380,0
0,404,380,0
0,402,382,0
0,404,383,-16
0,404,383,0
0,401,380,0
0,400,374,0
0,403,372,0
0,406,371,0
0,410,370,0
0,410,358,0
0,401,353,0
0,397,320,0
0,397,304,0
0,410,312,0
0,412,310,0
0,415,309,0
0,419,312,0
0,424,325,0
0,445,335,0
0,448,338,0
0,437,343,0
0,416,344,0
0,403,345,0
0,392,344,0
0,393,346,0
0,401,344,0
0,403,338,0
0,395,343,0
0,388,352,0
0,385,356,0
0,386,362,0
0,390,365,0
0,391,368,0
0,399,362,-16
0,422,359,0
0,439,361,0
0,447,363,0
0,451,361,0
0,455,359,0
0,451,357,0
0,449,355,0
0,448,353,0
0,443,344,0
0,429,340,8
0,422,326,0
0,386,341,0
0,369,335,0
0,369,331,0
0,376,327,0
0,385,321,0
0,388,319,0
0,388,328,0
0,382,334,0
0,376,333,0
0,371,337,0
0,383,340,0
0,399,344,0
0,414,347,0
0,426,347,0
0,430,348,0
0,429,355,0
0,428,360,0
0,430,361,0
0,435,356,0
0,444,349,0
0,454,336,0
0,459,325,0
0,441,333,0
0,405,348,0
0,347,349,0
0,308,348,0
0,230,337,0
0,193,332,0
0,214,333,0
0,243,326,0
0,275,322,0
0,306,321,0
0,332,320,0
0,357,324,0
0,394,324,0
0,425,323,0
0,461,309,0
0,480,310,0
0,482,309,0
0,468,311,0
0,427,325,0
0,397,322,0
0,383,321,-8
0,386,314,0
0,396,325,0
0,395,308,0
0,398,317,0
0,404,320,0
0,390,309,0
0,381,308,0
0,359,308,0
0,342,318,0
0,330,318,0
0,343,317,0
0,355,320,0
0,366,321,0
0,372,323,0
0,392,304,0
0,392,313,0
0,402,330,0
0,408,336,0
0,411,338,0
0,405,334,0
0,396,336,0
0,388,340,0
0,390,347,0
0,398,354,0
0,406,359,0
0,412,360,0
0,423,360,0
0,430,361,0
0,427,358,0
0,422,353,0
0,418,349,0
0,416,347,0
0,413,344,0
0,409,341,0
0,398,339,0
0,400,330,0
0,427,315,0
0,451,317,0
0,455,301,0
0,452,316,0
0,459,310,24
0,484,328,0
0,490,328,0
0,489,327,0
0,484,324,0
0,471,322,0
0,459,324,0
0,449,330,0
0,435,341,0
0,429,354,0
0,447,378,0
0,455,385,0
0,448,369,0
0,444,351,0
0,427,342,0
0,421,360,0
0,375,372,0
0,330,375,0
0,310,366,0
0,325,362,0
0,350,338,0
0,382,324,0
0,410,320,0
0,424,305,0
0,440,294,0
0,465,269,0
0,479,285,0
0,486,298,8
0,470,294,0
0,446,310,0
0,429,317,0
0,429,341,0
0,422,346,0
0,422,341,0
0,432,331,0
0,428,337,0
0,422,340,0
0,414,356,0
0,408,351,0
0,410,345,0
0,392,344,0
0,383,344,0
0,379,343,0
0,374,366,0
0,374,375,0
0,372,378,0
0,376,381,8
0,376,382,0
0,377,384,0
0,377,386,0
0,378,388,0
0,379,390,-8
0,378,392,0
0,378,392,0
0,377,391,0
0,378,387,0
0,379,384,0
0,377,377,0
0,375,368,0
0,375,362,0
0,394,342,0
0,392,340,0
0,382,348,0
0,378,342,0
0,387,336,0
0,382,342,0
0,380,340,0
0,359,350,0
0,340,345,0
0,334,351,0
0,355,351,8
0,378,344,0
0,394,343,0
0,403,347,0
0,407,356,0
0,408,360,0
0,402,356,0
0,403,359,-8
0,395,362,0
0,395,362,0
0,399,362,0
0,398,361,0
0,399,361,0
0,408,364,0
0,415,365,0
0,429,356,0
0,448,337,0
0,466,334,0
0,481,318,0
0,482,320,0
0,487,321,0
0,490,323,0
0,473,329,0
0,470,337,0
0,480,338,0
0,488,335,0
0,482,328,0
0,472,318,0
0,463,311,0
0,457,307,0
0,460,304,0
0,460,305,0
0,456,299,0
0,450,295,0
0,457,285,0
0,447,291,0
0,442,298,0
0,436,308,0
0,430,317,0
0,424,328,0
0,408,334,0
0,387,330,0
0,386,336,0
0,400,333,0
0,425,329,0
0,441,318,0
0,455,324,0
0,456,327,0
0,448,332,0
0,436,341,0
0,426,356,0
0,425,366,0
0,425,368,0
0,413,367,0
0,381,359,0
0,332,354,0
0,286,354,0
0,254,357,0
0,232,362,0
0,228,367,0
0,219,358,0
0,225,356,0
0,243,355,0
0,266,350,0
0,290,344,0
0,316,339,0
0,359,331,0
0,392,323,0
0,418,318,0
0,444,318,0
0,445,319,0
0,440,322,0
0,435,313,0
0,434,297,0
0,422,299,0
0,290,269,0
0,156,279,0
0,47,286,0
0,34,312,0
0,40,320,0
0,93,327,0
0,160,330,0
0,224,341,0
0,271,334,0
0,296,301,0
0,316,305,0
0,328,308,0
0,341,314,0
0,353,315,0
0,363,313,0
0,373,310,0
0,381,312,0
0,386,315,0
0,391,320,0
0,403,319,0
0,413,315,0
0,422,317,0
0,441,314,0
0,461,315,0
0,475,313,0
0,485,314,0
0,494,313,0
0,505,318,0
0,516,314,0
0,527,315,0
0,538,316,0
0,520,327,0
0,511,331,0
0,506,331,0
0,496,333,0
0,486,334,0
0,475,333,0
0,497,347,0
0,495,351,0
0,471,349,0
0,454,346,0
0,436,343,0
0,428,343,0
0,425,342,0
0,422,342,0
0,420,341,0
0,417,341,0
0,415,340,0
0,413,340,0
0,410,340,0
0,412,340,0
0,413,341,0
0,417,345,0
0,420,348,0
0,421,348,0
0,420,348,0
0,420,347,0
0,424,344,-8
0,426,343,0
0,426,343,0
0,418,349,0
0,414,350,0
0,407,346,0
0,404,340,0
0,405,339,0
0,403,336,0
0,412,323,0
0,444,321,0
0,467,323,0
0,464,319,0
0,436,311,0
0,414,306,0
0,401,304,0
0,394,303,0
0,395,304,0
0,401,303,0
0,406,292,0
0,413,298,0
0,410,303,0
0,410,308,0
0,409,306,0
0,422,297,-32
0,417,301,0
0,404,305,0
0,389,305,0
0,390,305,0
0,392,308,0
0,396,314,0
0,398,317,0
0,400,320,0
0,403,328,0
0,402,331,0
0,400,335,0
0,402,340,0
0,402,324,0
0,406,306,0
0,394,283,0
0,384,296,0
0,383,304,0
0,385,308,0
0,392,312,0
0,396,313,0
0,397,316,0
0,383,316,0
0,368,328,0
0,361,323,0
0,363,318,0
0,372,315,0
0,376,308,0
0,385,298,0
0,399,291,0
0,408,293,0
0,412,311,0
0,425,298,0
0,421,305,0
0,415,323,0
0,406,335,0
0,417,341,0
0,438,331,0
0,466,327,0
0,484,327,0
0,498,325,0
0,502,315,0
0,496,308,8
0,491,303,8
0,492,304,0
0,489,310,0
0,485,313,0
0,482,316,0
0,476,302,0
0,466,313,0
0,454,321,0
0,444,330,0
0,443,331,0
0,431,338,0
0,415,332,0
0,399,337,0
0,393,313,0
0,394,312,0
0,409,311,0
0,416,314,0
0,418,339,0
0,426,373,0
0,427,393,0
0,436,386,0
0,452,368,0
0,455,359,0
0,449,350,0
0,462,338,0
0,496,344,0
0,516,335,8
0,529,349,0
0,543,361,0
0,535,365,0
0,503,381,0
0,471,392,0
0,459,397,0
0,470,386,-8
0,489,369,-8
0,514,351,-8
0,517,343,-8
0,504,351,0
0,469,356,0
0,437,351,0
0,417,346,0
0,408,348,0
0,391,344,0
0,386,347,0
0,393,344,0
0,391,342,0
0,388,333,0
0,398,348,0
0,400,353,0
0,406,355,0
0,403,350,0
0,405,350,0
0,411,343,0
0,407,341,0
0,402,339,0
0,398,332,0
0,394,331,0
0,383,328,0
0,377,326,0
0,359,325,0
0,362,326,0
0,368,330,0
0,369,325,0
0,365,319,0
0,362,316,0
0,362,311,0
0,367,311,0
0,380,316,0
0,396,320,0
0,406,318,0
0,405,315,0
0,389,316,0
0,379,316,0
0,374,319,0
0,375,320,0
0,382,324,0
0,396,320,0
0,412,325,0
0,423,331,0
0,429,333,0
0,440,337,0
0,450,344,0
0,457,351,0
0,462,348,0
0,459,345,0
0,448,342,8
0,447,337,0
0,450,327,-8
0,463,321,0
0,465,319,0
0,456,318,0
0,426,334,0
0,411,330,0
0,416,320,0
0,417,315,0
0,417,312,0
0,417,310,0
0,410,305,0
0,405,295,0
0,411,294,0
0,418,288,0
0,414,303,0
0,412,315,0
0,412,323,0
0,415,330,0
0,416,340,0
0,412,347,0
0,412,354,0
0,415,357,0
0,410,375,0
0,411,389,0
0,412,393,0
0,408,385,0
0,407,370,0
0,413,337,0
0,411,334,0
0,280,345,0
0,158,341,0
0,171,343,0
0,213,340,0
0,257,332,0
0,304,333,0
0,357,351,0
0,389,380,0
0,396,401,0
0,398,418,0
0,400,418,0
0,401,412,0
0,402,403,0
0,402,395,0
0,405,379,0
0,409,369,0
0,410,354,0
0,407,342,0
0,392,332,0
0,394,340,0
0,402,347,0
0,406,340,0
0,414,341,0
0,424,342,0
0,428,331,0
0,421,335,0
0,417,340,0
0,417,343,0
0,426,344,0
0,446,340,0
0,469,332,0
0,497,321,0
0,509,319,0
0,510,323,0
0,501,325,0
0,486,329,0
0,462,332,0
0,433,328,0
0,408,326,0
0,387,323,0
0,375,315,0
0,372,311,0
0,370,309,0
0,380,316,0
0,407,300,-8
0,436,309,0
0,453,319,0
0,458,330,0
0,443,346,0
0,411,355,0
0,384,361,0
0,367,365,0
0,359,367,0
0,355,368,0
0,357,364,0
0,372,358,0
0,381,355,0
0,374,355,0
0,368,357,0
0,362,357,0
0,352,363,0
0,340,371,0
0,337,376,0
0,353,372,0
0,375,366,0
0,388,361,0
0,386,355,0
0,384,361,0
0,377,359,0
0,381,355,0
0,386,346,0
0,402,339,0
0,442,310,0
0,469,314,0
0,460,324,0
0,449,330,0
0,452,345,0
0,435,346,0
0,414,348,0
0,408,364,8
0,383,383,0
0,375,395,0
0,358,402,-8
0,354,401,0
0,358,383,0
0,366,368,0
0,381,359,0
0,395,359,8
0,402,358,0
0,396,351,0
0,400,337,0
0,400,341,0
0,397,352,0
0,391,372,0
0,387,379,0
0,384,383,0
0,381,387,0
0,379,393,0
0,377,402,0
0,377,409,0
0,374,422,0
0,367,436,0
0,361,447,0
0,360,444,0
0,362,444,0
0,364,445,0
0,363,444,0
0,360,439,0
0,357,433,0
0,357,421,0
0,360,409,0
0,365,398,0
0,378,379,0
0,384,379,0
0,383,376,0
0,382,369,0
0,384,360,0
0,380,342,0
0,383,326,0
0,382,324,0
0,377,313,0
0,368,326,0
0,361,337,0
0,372,342,0
0,389,336,0
0,404,326,0
0,413,316,0
0,415,305,0
0,415,296,0
0,422,292,0
0,426,290,0
0,432,295,0
0,428,291,0
0,422,277,0
0,421,270,0
0,413,249,0
0,413,263,0
0,405,273,0
0,391,280,0
0,389,281,0
0,400,287,0
0,416,295,0
0,433,304,0
0,445,327,0
0,449,341,0
0,444,344,0
0,436,341,0
0,423,346,0
0,411,347,0
0,401,347,0
0,397,356,0
0,398,365,0
0,397,369,0
0,394,374,0
0,393,376,0
0,395,379,0
0,393,382,0
0,391,381,0
0,388,376,0
0,387,369,0
0,388,363,0
0,390,357,0
0,394,345,0
0,389,337,0
0,381,334,0
0,386,319,0
0,371,326,8
0,337,324,0
0,318,332,0
0,312,333,0
0,310,322,0
0,320,304,0
0,340,297,0
0,365,296,0
0,370,308,0
0,360,333,0
0,353,354,0
0,358,358,0
0,359,357,0
0,341,357,0
0,325,339,0
0,324,324,0
0,335,303,0
0,352,324,0
0,363,339,0
0,368,348,0
0,367,352,0
0,366,358,0
0,356,395,0
0,342,428,0
0,337,436,0
0,338,434,0
0,343,428,0
0,349,417,0
0,356,408,0
0,363,392,0
0,370,385,0
0,376,379,0
0,382,373,0
0,387,368,0
0,391,363,0
0,389,365,0
0,386,372,0
0,382,383,0
0,378,393,0
0,375,402,0
0,368,410,0
0,365,412,0
0,367,410,0
0,371,411,0
0,374,415,0
0,376,417,0
0,378,417,0
0,379,414,0
0,383,404,0
0,384,396,0
0,385,391,0
0,387,387,0
0,388,383,0
0,392,379,0
0,397,375,0
0,404,374,0
0,406,369,0
0,404,364,0
0,402,361,0
0,400,358,0
0,395,357,0
0,391,359,0
0,389,362,0
0,390,365,0
0,388,366,0
0,388,364,0
0,390,361,0
0,392,359,0
0,396,351,0
0,399,351,0
0,411,341,0
0,422,335,0
0,429,337,0
0,428,343,0
0,420,350,0
0,415,364,0
0,414,354,0
0,411,347,0
0,409,338,0
0,406,333,0
0,400,328,0
0,391,323,0
0,369,316,0
0,333,315,0
0,323,315,0
0,339,319,0
0,357,315,0
0,381,337,0
0,391,341,0
0,400,342,0
0,418,338,0
0,439,338,0
0,454,344,0
0,461,352,0
0,460,358,0
0,450,367,0
0,430,379,0
0,421,385,0
0,415,389,0
0,410,391,0
0,411,392,0
0,417,386,0
0,430,376,0
0,439,377,0
0,442,379,0
0,445,380,0
0,447,383,0
0,450,383,0
0,456,377,0
0,465,371,0
0,467,366,0
0,461,367,0
0,458,369,0
0,458,369,0
0,456,365,0
0,450,363,0
0,445,357,0
0,448,362,0
0,449,360,0
0,455,363,0
0,464,367,0
0,462,367,0
0,457,366,0
0,453,370,0
0,448,372,0
0,446,370,0
0,444,368,0
0,442,366,0
0,434,365,0
0,428,359,0
0,426,354,0
0,419,361,8
0,415,356,0
0,414,356,0
0,411,355,0
0,406,353,0
0,405,351,0
0,412,344,0
0,418,340,0
0,423,335,0
0,428,328,0
0,432,316,0
0,426,305,0
0,424,283,0
0,426,283,0
0,431,287,0
0,432,294,0
0,428,300,0
0,432,287,0
0,430,283,0
0,424,288,0
0,412,288,0
0,397,288,0
0,382,302,0
0,372,319,0
0,367,332,0
0,363,343,0
0,341,339,0
0,330,338,0
0,325,335,0
0,327,337,0
0,331,340,0
0,335,345,0
0,339,354,0
0,328,373,0
0,330,372,0
0,336,365,0
0,341,358,0
0,344,353,0
0,339,361,0
0,343,364,0
0,352,362,0
0,364,353,0
0,376,336,0
0,380,326,0
0,382,320,0
0,385,317,0
0,389,315,0
0,393,316,0
0,399,316,0
0,403,314,0
0,413,309,0
0,431,310,0
0,448,317,0
0,453,332,0
0,431,348,0
0,418,349,0
0,416,347,0
0,418,345,0
0,417,343,0
0,415,335,0
0,409,320,0
0,408,314,0
0,404,314,0
0,404,319,0
0,409,317,0
0,423,328,0
0,436,326,0
0,443,309,0
0,448,307,0
0,447,307,0
0,442,309,0
0,434,311,0
0,422,305,0
0,411,296,0
0,403,286,0
0,403,279,0
0,412,275,0
0,424,281,0
0,430,293,0
0,433,303,0
0,430,311,0
0,438,311,-8
0,435,309,0
0,426,312,0
0,394,323,0
0,379,330,0
0,343,344,0
0,303,346,0
0,283,337,0
0,258,337,0
0,265,321,0
0,256,340,0
0,272,322,0
0,276,328,0
0,296,327,0
0,304,319,0
0,305,322,0
0,308,321,0
0,323,328,0
0,341,327,0
0,356,322,0
0,362,318,0
0,373,323,0
0,402,334,0
0,446,320,0
0,469,320,0
0,477,324,0
0,479,339,0
0,500,341,0
0,498,332,0
0,486,337,0
0,478,342,0
0,467,331,0
0,453,327,0
0,430,323,0
0,402,316,0
0,383,322,0
0,379,314,0
0,382,329,0
0,367,331,0
0,360,358,0
0,307,362,0
0,198,317,0
0,101,315,0
0,123,306,0
0,181,301,0
0,231,305,0
0,272,304,0
0,297,303,0
0,309,317,0
0,315,327,0
0,326,338,0
0,317,346,0
0,319,366,0
0,315,416,0
0,309,474,0
0,303,489,0
0,297,501,0
0,291,511,0
0,291,524,0
0,302,517,0
0,315,486,0
0,353,447,0
0,396,423,0
0,439,404,0
0,480,388,0
0,498,389,0
0,488,392,0
0,469,395,0
0,473,414,0
0,483,421,0
0,484,424,0
0,473,419,0
0,457,408,0
0,449,400,0
0,443,394,0
0,441,390,0
0,442,384,0
0,443,382,0
0,443,381,0
0,439,380,0
0,434,380,0
0,428,382,0
0,426,383,0
0,425,382,0
0,425,380,0
0,426,379,0
0,427,379,0
0,427,379,0
0,427,378,0
0,426,376,0
0,426,375,0
0,426,375,0
0,426,376,0
0,426,377,0
0,422,375,0
0,419,374,0
0,417,373,0
0,417,373,0
0,418,374,0
0,419,374,0
0,419,374,0
0,418,378,0
0,418,382,0
0,417,385,0
0,415,388,0
0,413,390,0
0,410,390,0
0,407,390,0
0,404,390,0
0,401,388,0
0,399,387,0
0,399,385,0
0,399,385,0
0,398,384,0
0,401,381,8
0,404,379,8
0,408,377,0
0,409,377,0
0,407,378,0
0,404,378,0
0,401,379,0
0,399,382,0
0,396,381,0
0,398,380,0
0,399,381,0
0,401,380,0
0,403,378,8
0,405,377,8
0,407,376,0
0,410,375,0
0,413,370,0
0,411,367,0
0,413,370,0
0,421,372,0
0,420,366,0
0,418,362,0
0,412,358,0
0,408,354,0
0,403,356,0
0,390,360,0
0,383,366,0
0,383,377,0
0,387,385,0
0,391,387,0
0,394,385,0
0,400,382,0
0,407,380,0
0,407,390,0
0,409,391,0
0,411,391,0
0,413,390,0
0,416,389,0
0,419,388,0
0,419,386,0
0,420,387,0
0,421,387,-8
0,421,387,-8
0,420,388,-8
0,420,389,-8
0,420,391,-8
0,418,393,-8
0,415,394,-8
0,412,394,-8
0,410,395,-8
0,405,395,0
0,401,391,-8
0,401,388,0
0,401,386,0
0,402,385,0
0,403,385,0
0,403,385,0
0,402,383,0
0,401,380,0
0,400,378,0
0,396,372,0
0,393,367,0
0,393,364,0
0,392,359,8
0,392,363,8
0,391,367,0
0,386,367,0
0,385,365,0
0,390,366,0
0,396,366,0
0,400,368,0
0,400,371,0
0,396,375,0
0,391,376,0
0,382,376,0
0,370,378,0
0,359,382,0
0,355,383,0
0,353,384,0
0,353,383,0
0,359,382,0
0,363,379,0
0,365,377,0
0,366,376,0
0,364,375,0
0,360,373,0
0,357,373,0
0,357,373,0
0,363,374,0
0,368,375,0
0,369,375,0
0,373,374,0
0,375,373,0
0,378,369,-8
0,380,366,0
0,382,367,0
0,385,364,0
0,388,360,0
0,395,353,16
0,398,345,0
0,401,343,0
0,407,341,0
0,406,340,0
0,402,321,0
0,396,312,0
0,400,313,0
0,403,310,-8
0,401,303,0
0,403,296,0
0,413,302,0
0,422,308,0
0,429,311,0
0,429,306,-8
0,438,316,0
0,433,322,0
0,429,329,0
0,437,324,0
0,445,321,8
0,440,323,0
0,436,334,0
0,436,341,0
0,438,352,0
0,442,359,0
0,432,364,-8
0,429,373,0
0,418,372,0
0,417,368,0
0,419,373,0
0,424,386,0
0,435,385,0
0,438,387,8
0,429,385,0
0,409,381,0
0,396,385,8
0,402,387,-8
0,399,387,0
0,394,391,0
0,391,392,0
0,390,397,0
0,388,401,0
0,390,405,0
0,391,407,-8
0,393,407,-8
0,392,405,-8
0,394,400,-8
0,394,395,0
0,386,391,-8
0,380,384,0
0,378,388,0
0,363,383,0
0,347,363,0
0,348,369,0
0,376,368,0
0,385,361,0
0,392,342,0
0,408,356,0
0,425,361,0
0,436,372,0
0,450,363,0
0,462,349,0
0,468,364,0
0,463,356,0
0,448,351,0
0,438,350,0
0,430,344,0
0,405,332,0
0,389,342,0
0,406,357,0
0,415,370,0
0,411,365,0
0,402,368,0
0,407,365,0
0,416,361,0
0,422,359,0
0,423,353,0
0,417,348,0
0,422,337,0
0,433,335,0
0,441,335,0
0,450,310,-8
0,451,287,0
0,437,301,0
0,423,287,0
0,409,287,0
0,401,287,0
0,398,280,0
0,404,282,0
0,415,287,-8
0,434,284,-8
0,451,286,-8
0,470,292,0
0,478,293,0
0,455,287,0
0,419,312,0
0,407,331,0
0,397,329,0
0,389,349,8
0,391,360,0
0,402,376,0
0,407,386,0
0,426,365,0
0,441,358,0
0,448,359,0
0,451,361,0
0,452,361,0
0,456,339,0
0,462,340,0
0,467,345,0
0,472,352,0
0,470,359,0
0,463,368,0
0,457,372,0
0,448,376,0
0,441,378,0
0,435,381,0
0,425,382,0
0,403,380,0
0,380,378,0
0,360,375,0
0,344,373,0
0,340,379,0
0,359,389,0
0,369,392,0
0,380,393,0
0,389,393,0
0,398,390,0
0,404,388,0
0,406,387,0
0,405,386,0
0,401,386,0
0,397,386,0
0,393,387,0
0,388,387,0
0,382,387,0
0,377,389,0
0,374,392,0
0,370,390,0
0,366,386,0
0,363,381,0
0,352,367,0
0,340,357,0
0,318,358,0
0,293,347,0
0,273,340,0
0,271,336,0
0,279,334,0
0,285,334,0
0,283,336,0
0,297,343,0
0,313,347,0
0,335,358,0
0,363,368,0
0,383,370,0
0,394,359,0
0,393,353,0
0,384,348,0
0,389,356,0
0,403,378,0
0,417,393,0
0,421,394,0
0,421,394,0
0,420,401,0
0,411,407,0
0,400,414,0
0,386,429,0
0,377,435,0
0,372,439,0
0,370,437,0
0,369,435,0
0,369,434,0
0,373,434,0
0,377,433,0
0,379,435,0
0,377,436,0
0,371,436,0
0,366,435,0
0,365,434,0
0,364,432,0
0,362,430,0
0,360,428,0
0,359,427,0
0,358,426,0
0,357,426,0
0,355,426,0
0,351,424,0
0,348,425,0
0,347,421,0
0,345,417,0
0,344,414,0
0,343,410,0
0,342,406,0
0,342,402,0
0,345,397,0
0,344,383,0
0,341,367,0
0,354,338,0
0,350,337,0
0,344,339,0
0,342,342,0
0,340,341,0
0,339,344,0
0,328,351,0
0,308,343,0
0,300,337,0
0,296,327,0
0,306,323,0
0,323,310,0
0,344,306,0
0,362,302,0
0,367,312,0
0,369,328,0
0,388,435,0
0,447,587,0
0,513,739,0
0,569,855,0
0,623,958,0
0,629,940,0
0,625,905,0
0,617,832,-8
0,591,742,0
0,547,663,0
0,522,598,0
0,514,541,0
0,491,485,0
0,467,471,0
0,431,446,0
0,412,430,0
0,405,434,0
0,412,428,0
0,434,429,0
0,435,417,0
0,431,403,0
0,401,391,0
0,385,394,0
0,354,383,0
0,332,390,0
0,329,395,0
0,332,396,0
0,340,400,0
0,353,397,0
0,363,386,0
0,381,372,0
0,417,374,0
0,470,360,0
0,472,363,0
0,482,336,8
0,467,320,0
0,437,312,0
0,411,331,0
0,359,331,0
0,306,415,0
0,259,469,0
0,257,453,-8
0,286,437,8
0,309,418,-8
0,336,399,-8
0,351,398,0
0,329,380,0
0,326,385,0
0,331,374,0
0,332,387,0
0,328,431,0
0,329,440,0
0,331,456,0
0,335,472,0
0,338,479,0
0,340,479,0
0,339,476,-8
0,343,470,-8
0,348,470,8
0,355,464,0
0,367,452,0
0,373,453,0
0,372,442,0
0,380,423,0
0,388,407,0
0,371,384,0
0,366,367,0
0,378,363,0
0,394,357,0
0,395,353,0
0,392,347,0
0,393,339,0
0,372,344,0
0,348,364,0
0,337,366,8
0,338,364,0
0,360,353,0
0,407,331,0
0,440,332,0
0,459,332,0
0,464,339,0
0,449,349,0
0,441,359,0
0,441,358,0
0,438,345,0
0,441,349,0
0,439,349,0
0,444,351,0
0,442,354,0
0,444,348,0
0,439,354,0
0,435,354,0
0,431,355,0
0,432,355,0
0,434,354,0
0,438,357,0
0,438,358,0
0,435,354,0
0,429,354,0
0,418,353,0
0,408,353,0
0,397,354,0
0,386,354,0
0,377,357,0
0,367,361,0
0,365,363,0
0,362,365,0
0,363,365,0
0,365,361,0
0,368,359,0
0,371,358,0
0,373,355,8
0,380,346,0
0,390,345,0
0,412,343,0
0,429,348,0
0,461,353,0
0,486,347,0
0,368,325,0
0,261,322,0
0,246,326,0
0,272,318,0
0,304,314,0
0,329,316,0
0,357,340,0
0,389,357,0
0,421,361,0
0,446,357,0
0,480,350,0
0,526,357,0
0,560,368,0
0,570,364,0
0,545,342,0
0,506,329,0
0,472,327,0
0,444,322,0
0,429,319,0
0,402,312,0
0,368,304,0
0,353,308,0
0,396,336,0
0,461,378,0
0,521,395,0
0,521,363,0
0,510,339,0
0,481,333,0
0,462,359,0
0,454,363,0
0,448,353,0
0,449,361,0
0,456,378,0
0,466,401,0
0,477,422,0
0,482,451,0
0,485,504,0
0,485,520,0
0,485,536,0
0,484,536,0
0,483,530,0
0,482,523,0
0,473,498,0
0,459,468,0
0,424,429,0
0,401,404,0
0,386,383,0
0,386,377,0
0,393,363,0
0,407,362,0
0,426,365,0
0,435,353,0
0,444,347,0
0,420,349,0
0,371,349,0
0,326,347,0
0,277,342,0
0,228,338,0
0,214,337,0
0,263,371,0
0,296,386,0
0,314,382,0
0,324,377,0
0,331,369,0
0,338,362,0
0,344,362,0
0,349,359,0
0,355,356,0
0,363,346,0
0,375,341,0
0,384,344,0
0,377,352,0
0,379,356,0
0,384,358,0
0,391,358,0
0,396,358,0
0,400,358,0
0,405,357,0
0,411,358,0
0,415,359,0
0,419,361,0
0,417,362,0
0,413,364,0
0,415,365,0
0,418,366,0
0,423,366,0
0,433,377,0
0,436,382,0
0,441,387,0
0,443,390,0
0,442,387,0
0,441,388,0
0,440,388,0
0,441,389,0
0,443,393,0
0,442,396,0
0,440,395,0
0,436,395,0
0,432,395,0
0,430,398,0
0,427,400,0
0,421,398,0
0,413,397,0
0,402,395,0
0,393,396,0
0,387,401,0
0,383,407,0
0,383,410,0
0,385,411,0
0,386,410,-8
0,387,409,-8
0,388,408,0
0,388,406,0
0,391,400,0
0,393,394,0
0,396,395,0
0,394,405,0
0,389,406,0
0,369,408,0
0,320,407,0
0,308,395,0
0,314,393,0
0,332,394,0
0,348,386,0
0,366,389,0
0,371,380,0
0,354,364,0
0,337,356,0
0,325,341,0
0,331,344,0
0,319,333,0
0,318,329,0
0,321,327,0
0,339,330,0
0,348,332,0
0,356,329,0
0,353,327,0
0,377,332,-8
0,404,328,0
0,418,319,16
0,450,306,8
0,462,324,0
0,457,346,0
0,440,375,0
0,422,391,0
0,389,380,0
0,358,376,0
0,330,364,0
0,319,361,0
0,325,366,0
0,345,370,0
0,396,377,0
0,447,396,0
0,477,408,0
0,457,396,0
0,440,385,0
0,422,374,0
0,415,365,8
0,415,366,0
0,413,356,0
0,408,340,0
0,407,334,-8
0,413,333,0
0,425,328,0
0,417,323,0
0,389,315,0
0,377,318,0
0,374,314,0
0,394,313,0
0,428,317,0
0,458,330,0
0,447,336,0
0,457,313,0
0,466,301,-8
0,476,304,0
0,470,305,0
0,462,311,0
0,453,323,0
0,443,334,0
0,423,328,0
0,406,311,0
0,404,296,0
0,394,303,0
0,371,335,0
0,373,372,0
0,411,408,0
0,437,422,0
0,464,437,0
0,479,427,-8
0,477,414,-8
0,475,395,0
0,464,373,0
0,456,364,0
0,453,367,0
0,464,355,0
0,459,336,0
0,448,340,0
0,442,336,0
0,438,321,0
0,438,322,0
0,445,327,0
0,454,328,0
0,458,342,0
0,458,368,0
0,453,394,0
0,445,414,0
0,432,433,0
0,421,442,0
0,400,444,0
0,334,443,0
0,289,432,0
0,314,415,0
0,333,379,0
0,348,365,0
0,370,366,0
0,388,371,0
0,397,371,0
0,418,369,0
0,436,366,0
0,435,352,0
0,435,347,0
0,431,342,0
0,427,336,0
0,427,332,0
0,435,333,0
0,445,338,0
0,447,346,0
0,444,349,0
0,436,350,0
0,431,352,0
0,429,354,0
0,425,354,0
0,421,345,0
0,415,343,0
0,416,340,0
0,419,342,0
0,422,344,0
0,428,349,0
0,434,355,0
0,436,359,0
0,431,359,0
0,434,356,0
0,449,359,0
0,462,365,0
0,473,367,0
0,479,363,0
0,477,359,0
0,470,353,0
0,458,347,0
0,447,342,0
0,441,339,0
0,438,338,0
0,428,332,0
0,427,330,0
0,417,330,0
0,412,328,0
0,407,327,0
0,403,331,0
0,387,342,0
0,363,338,0
0,343,348,0
0,335,358,0
0,331,364,0
0,331,364,0
0,334,364,0
0,339,358,0
0,341,356,0
0,338,357,0
0,332,359,0
0,325,358,0
0,318,357,0
0,311,358,0
0,309,355,0
0,313,350,0
0,321,347,0
0,330,347,0
0,338,349,0
0,343,348,0
0,348,347,0
0,353,347,0
0,359,347,0
0,358,346,0
0,357,346,0
0,355,346,0
0,355,345,0
0,355,348,0
0,359,353,0
0,365,355,0
0,368,357,0
0,369,356,0
0,368,355,0
0,367,356,0
0,365,355,0
0,368,356,8
0,370,358,0
0,372,360,0
0,375,360,8
0,378,359,8
0,379,359,0
0,381,359,8
0,379,358,0
0,373,357,8
0,370,355,8
0,371,357,0
0,375,358,8
0,378,359,0
0,381,360,0
0,380,361,0
0,377,364,0
0,372,370,0
0,365,377,0
0,359,382,0
0,357,382,0
0,358,381,0
0,362,381,0
0,363,381,0
0,365,381,0
0,369,381,0
0,374,383,0
0,377,388,0
0,379,389,0
0,379,391,0
0,377,393,0
0,377,394,0
0,378,393,0
0,379,390,-8
0,385,385,0
0,390,383,0
0,395,380,-8
0,406,381,0
0,407,387,0
0,391,393,0
0,382,386,0
0,386,384,0
0,390,377,0
0,390,370,-8
0,383,371,0
0,384,372,0
0,390,373,0
0,403,370,0
0,411,372,0
0,417,374,8
0,427,368,-8
0,428,362,8
0,428,359,0
0,427,359,0
0,433,357,0
0,442,354,-8
0,448,352,0
0,446,357,0
0,440,363,0
0,437,364,0
0,436,364,0
0,439,363,0
0,443,365,0
0,447,365,0
0,449,362,0
0,452,359,8
0,457,362,0
0,460,361,0
0,461,359,0
0,459,358,0
0,458,369,0
0,457,370,0
0,457,369,0
0,458,369,0
0,460,370,0
0,460,366,0
0,461,367,8
0,460,369,-8
0,458,370,0
0,456,368,0
0,454,369,0
0,452,365,0
0,444,361,0
0,434,357,0
0,425,352,0
0,420,341,0
0,418,346,0
0,421,347,0
0,428,346,0
0,433,338,0
0,432,336,0
0,431,332,0
0,428,329,0
0,423,329,0
0,414,327,0
0,395,335,0
0,381,332,0
0,371,333,0
0,363,346,0
0,343,358,8
0,345,348,0
0,361,335,0
0,373,329,0
0,379,325,0
0,383,320,0
0,389,298,0
0,391,279,0
0,395,278,0
0,404,282,0
0,416,272,0
0,419,270,0
0,419,277,0
0,418,289,0
0,421,303,0
0,429,315,0
0,437,322,0
0,435,312,8
0,436,321,0
0,434,329,0
0,430,336,0
0,427,337,0
0,425,338,0
0,426,338,0
0,425,333,0
0,421,326,0
0,416,323,0
0,413,320,0
0,414,331,0
0,416,339,8
0,413,345,0
0,410,350,0
0,410,349,0
0,415,351,0
0,409,357,8
0,407,361,0
0,412,355,0
0,414,348,0
0,418,341,0
0,427,333,0
0,428,329,0
0,421,326,0
0,413,321,0
0,412,316,0
0,419,313,0
0,423,311,0
0,418,309,0
0,407,305,0
0,396,302,0
0,392,301,0
0,393,302,0
0,391,308,0
0,393,320,0
0,393,325,0
0,391,324,0
0,387,321,0
0,382,319,0
0,378,317,0
0,372,316,0
0,379,328,0
0,389,326,0
0,397,322,0
0,401,318,0
0,401,316,0
0,395,315,0
0,384,310,0
0,389,312,0
0,398,312,0
0,409,322,0
0,390,327,0
0,379,329,0
0,375,334,0
0,381,334,0
0,391,335,0
0,403,322,8
0,406,319,0
0,410,320,0
0,423,309,0
0,430,333,0
0,430,342,0
0,426,344,0
0,421,348,0
0,410,357,0
0,399,376,0
0,393,405,0
0,370,444,0
0,364,455,0
0,376,446,0
0,392,433,0
0,406,421,0
0,413,408,0
0,412,386,0
0,407,371,0
0,394,360,0
0,386,359,0
0,389,360,0
0,397,362,0
0,406,364,0
0,414,368,0
0,421,380,0
0,426,377,0
0,430,364,0
0,438,354,0
0,449,351,0
0,459,356,0
0,459,386,0
0,448,421,0
0,439,436,0
0,421,445,0
0,372,461,0
0,367,445,0
0,362,439,0
0,367,431,0
0,373,421,0
0,385,407,0
0,403,385,0
0,417,364,0
0,428,346,0
0,433,345,0
0,438,347,0
0,439,349,0
0,449,353,0
0,460,354,0
0,457,362,0
0,426,366,0
0,405,371,0
0,390,374,0
0,376,372,0
0,365,365,0
0,362,364,0
0,370,364,0
0,376,367,0
0,379,369,0
0,380,370,0
0,381,373,0
0,380,372,0
0,381,364,-8
0,380,365,0
0,378,367,0
0,370,366,-8
0,373,356,0
0,382,348,0
0,388,345,0
0,383,342,0
0,347,330,0
0,287,328,0
0,245,331,0
0,270,342,0
0,302,344,0
0,328,336,0
0,348,323,0
0,368,314,0
0,380,308,0
0,382,304,0
0,381,305,0
0,381,306,0
0,380,301,0
0,380,302,0
0,382,308,0
0,385,312,0
0,388,310,0
0,389,306,0
0,390,304,0
0,391,301,0
0,390,305,0
0,386,312,0
0,365,324,0
0,362,319,0
0,368,319,0
0,381,316,0
0,392,325,0
0,396,324,0
0,396,322,0
0,397,323,0
0,401,333,0
0,396,326,8
0,391,324,0
0,389,325,0
0,385,326,0
0,384,325,0
0,387,319,0
0,389,313,0
0,389,314,0
0,394,313,0
0,394,307,0
0,389,304,0
0,382,308,0
0,379,313,0
0,385,316,0
0,393,317,0
0,398,317,0
0,395,318,0
0,387,319,0
0,375,316,0
0,363,322,0
0,371,312,0
0,359,322,0
0,347,337,0
0,334,329,0
0,330,326,0
0,338,326,0
0,356,323,0
0,376,320,0
0,391,316,0
0,407,327,0
0,413,318,0
0,410,308,0
0,393,325,0
0,377,334,0
0,378,338,0
0,387,339,0
0,398,335,0
0,406,335,0
0,410,337,0
0,412,339,0
0,408,339,0
0,404,331,0
0,389,311,0
0,389,298,0
0,400,305,0
0,414,312,0
0,432,312,0
0,427,317,0
0,413,330,0
0,397,341,0
0,382,346,0
0,371,349,0
0,373,352,0