0,-306,1565,0
0,-310,1562,0
0,-316,1563,0
0,-323,1565,0
0,-326,1568,0
0,-326,1573,0
0,-325,1576,0
0,-324,1579,0
0,-319,1584,0
0,-314,1585,0
0,-311,1587,0
0,-309,1587,0
0,-308,1588,0
0,-306,1589,-8
0,-305,1589,0
0,-307,1587,-16
0,-309,1583,-16
0,-310,1582,-8
0,-307,1582,-16
0,-306,1583,-8
0,-302,1583,-16
0,-293,1583,-16
0,-286,1580,-16
0,-274,1578,-16
0,-267,1575,-8
0,-258,1569,-8
0,-249,1562,-8
0,-242,1557,0
0,-235,1548,0
0,-234,1540,0
0,-235,1534,0
0,-235,1527,0
0,-233,1521,0
0,-231,1518,0
0,-228,1515,0
0,-225,1509,-8
0,-222,1502,0
0,-222,1496,0
0,-223,1488,0
0,-223,1481,0
0,-223,1474,0
0,-222,1466,0
0,-219,1457,0
0,-217,1449,0
0,-218,1442,0
0,-219,1439,0
0,-219,1437,0
0,-219,1434,0
0,-219,1431,0
0,-218,1429,0
0,-217,1426,0
0,-217,1423,0
0,-216,1420,0
0,-215,1419,0
0,-213,1417,0
0,-211,1415,0
0,-209,1413,0
0,-206,1412,0
0,-204,1409,0
0,-205,1406,0
0,-205,1403,0
0,-206,1402,0
0,-208,1403,0
0,-209,1404,0
0,-209,1402,0
0,-208,1400,0
0,-208,1397,0
0,-209,1393,0
0,-210,1385,0
0,-211,1373,0
0,-211,1363,0
0,-213,1360,0
0,-212,1356,0
0,-208,1356,0
0,-203,1359,0
0,-199,1365,0
0,-195,1370,0
0,-195,1373,8
0,-193,1371,8
0,-192,1372,8
0,-195,1373,0
0,-195,1374,0
0,-196,1378,0
0,-198,1382,0
0,-196,1385,0
0,-195,1388,-8
0,-194,1388,-8
0,-191,1390,0
0,-191,1393,-8
0,-190,1394,0
0,-191,1396,-8
0,-189,1400,8
0,-184,1403,8
0,-177,1405,8
0,-174,1409,-8
0,-169,1410,16
0,-167,1412,-8
0,-161,1413,8
0,-155,1414,8
0,-153,1415,-16
0,-149,1417,16
0,-144,1417,8
0,-138,1417,8
0,-133,1418,16
0,-128,1419,16
0,-125,1422,16
0,-123,1424,16
0,-122,1428,8
0,-122,1431,8
0,-120,1435,0
0,-121,1440,0
0,-120,1449,-8
0,-118,1455,-16
0,-115,1457,-16
0,-111,1459,-8
0,-107,1459,-8
0,-107,1459,0
0,-105,1459,0
0,-106,1459,8
0,-109,1458,8
0,-113,1458,8
0,-116,1459,8
0,-117,1460,8
0,-120,1462,8
0,-121,1463,8
0,-120,1464,8
0,-122,1464,8
0,-121,1465,8
0,-124,1465,0
0,-128,1466,0
0,-134,1466,-8
0,-140,1466,-8
0,-144,1462,-8
0,-149,1459,-8
0,-154,1457,-8
0,-158,1457,0
0,-160,1457,8
0,-161,1462,8
0,-163,1464,16
0,-161,1470,16
0,-160,1476,16
0,-161,1484,16
0,-162,1488,8
0,-163,1490,8
0,-165,1492,0
0,-167,1493,0
0,-173,1492,-8
0,-179,1491,-8
0,-183,1494,-8
0,-186,1494,-8
0,-189,1495,-8
0,-194,1495,0
0,-201,1492,0
0,-210,1487,0
0,-217,1485,0
0,-223,1482,0
0,-228,1480,0
0,-228,1483,0
0,-226,1489,0
0,-222,1494,0
0,-219,1500,0
0,-217,1504,0
0,-216,1507,0
0,-214,1509,0
0,-210,1511,0
0,-204,1513,0
0,-201,1516,0
0,-201,1519,0
0,-200,1522,0
0,-195,1526,0
0,-189,1529,0
0,-186,1535,0
0,-189,1539,0
0,-196,1537,0
0,-200,1536,0
0,-210,1528,-8
0,-217,1520,0
0,-220,1520,0
0,-223,1519,0
0,-225,1519,0
0,-224,1522,0
0,-225,1522,0
0,-232,1518,-8
0,-237,1515,0
0,-236,1515,0
0,-236,1514,0
0,-238,1512,0
0,-244,1507,0
0,-252,1501,0
0,-260,1495,0
0,-262,1486,0
0,-264,1476,0
0,-265,1467,0
0,-267,1461,0
0,-266,1459,0
0,-263,1459,0
0,-259,1461,0
0,-252,1467,0
0,-244,1475,0
0,-241,1479,0
0,-239,1479,0
0,-243,1475,0
0,-250,1469,0
0,-255,1470,0
0,-258,1469,0
0,-259,1469,0
0,-262,1469,0
0,-266,1475,0
0,-269,1484,0
0,-272,1492,0
0,-275,1494,0
0,-279,1495,0
0,-285,1493,0
0,-289,1491,0
0,-296,1486,0
0,-298,1480,0
0,-299,1480,0
0,-298,1480,0
0,-297,1480,0
0,-296,1481,0
0,-295,1481,0
0,-294,1481,0
0,-297,1477,0
0,-296,1474,0
0,-290,1468,0
0,-282,1462,0
0,-277,1462,0
0,-274,1466,0
0,-275,1468,0
0,-278,1470,0
0,-281,1471,0
0,-287,1467,0
0,-293,1460,0
0,-300,1450,0
0,-306,1440,0
0,-308,1437,0
0,-301,1444,-8
0,-295,1450,0
0,-291,1454,0
0,-282,1458,-8
0,-274,1461,0
0,-268,1464,0
0,-261,1468,0
0,-257,1470,0
0,-249,1469,0
0,-242,1470,0
0,-236,1474,0
0,-231,1478,0
0,-231,1479,0
0,-227,1480,0
0,-229,1480,0
0,-236,1480,0
0,-243,1479,0
0,-254,1477,0
0,-269,1475,0
0,-277,1474,8
0,-275,1478,0
0,-267,1481,0
0,-259,1483,0
0,-253,1484,0
0,-249,1483,0
0,-249,1480,0
0,-253,1476,0
0,-256,1474,0
0,-256,1475,0
0,-247,1479,0
0,-237,1483,0
0,-229,1487,0
0,-222,1490,0
0,-220,1491,0
0,-221,1490,0
0,-226,1489,0
0,-231,1488,0
0,-237,1486,0
0,-240,1488,0
0,-242,1489,0
0,-243,1490,0
0,-244,1490,0
0,-247,1489,0
0,-247,1490,0
0,-245,1494,8
0,-244,1497,0
0,-242,1501,0
0,-240,1507,0
0,-240,1512,0
0,-240,1518,0
0,-242,1524,0
0,-247,1528,0
0,-247,1531,8
0,-247,1528,0
0,-246,1525,0
0,-246,1522,0
0,-245,1520,0
0,-244,1521,0
0,-242,1521,-8
0,-240,1518,-8
0,-237,1516,-8
0,-233,1514,-8
0,-229,1512,-8
0,-223,1509,-8
0,-217,1507,-8
0,-209,1505,0
0,-201,1502,0
0,-192,1500,0
0,-181,1496,0
0,-174,1492,8
0,-171,1490,8
0,-171,1489,8
0,-170,1487,8
0,-173,1484,8
0,-174,1481,8
0,-176,1481,16
0,-182,1481,8
0,-188,1480,8
0,-191,1480,0
0,-195,1479,0
0,-197,1476,0
0,-200,1476,0
0,-204,1476,0
0,-210,1477,0
0,-216,1479,0
0,-223,1481,0
0,-230,1482,0
0,-235,1482,0
0,-238,1484,0
0,-241,1482,0
0,-244,1477,0
0,-244,1475,0
0,-245,1476,0
0,-247,1478,0
0,-246,1481,0
0,-244,1486,0
0,-242,1490,0
0,-240,1494,0
0,-238,1498,0
0,-236,1502,0
0,-288,1463,0
0,-290,1464,0
0,-292,1465,0
0,-294,1470,0
0,-293,1482,0
0,-291,1496,0
0,-281,1513,0
0,-272,1526,0
0,-272,1528,0
0,-273,1527,0
0,-274,1524,0
0,-277,1521,0
0,-275,1518,0
0,-275,1514,0
0,-276,1510,0
0,-276,1508,0
0,-270,1508,-8
0,-267,1508,0
0,-268,1508,8
0,-267,1508,-8
0,-269,1506,-8
0,-271,1508,0
0,-270,1510,0
0,-271,1509,0
0,-273,1507,0
0,-274,1507,0
0,-274,1506,0
0,-272,1507,-8
0,-268,1508,0
0,-265,1508,0
0,-266,1508,0
0,-268,1507,0
0,-274,1503,8
0,-279,1500,0
0,-282,1500,0
0,-287,1499,8
0,-289,1498,0
0,-288,1499,0
0,-285,1504,0
0,-284,1506,0
0,-286,1505,0
0,-291,1501,0
0,-299,1495,0
0,-305,1489,0
0,-309,1479,0
0,-314,1472,0
0,-319,1468,0
0,-324,1463,0
0,-332,1455,0
0,-338,1449,0
0,-340,1453,0
0,-339,1457,0
0,-336,1460,0
0,-334,1463,0
0,-333,1464,0
0,-330,1466,0
0,-329,1466,0
0,-328,1465,0
0,-330,1465,0
0,-330,1466,0
0,-332,1465,0
0,-331,1466,0
0,-328,1468,0
0,-322,1473,0
0,-318,1477,0
0,-317,1481,0
0,-320,1482,0
0,-322,1485,0
0,-322,1487,0
0,-321,1490,0
0,-320,1491,0
0,-319,1492,0
0,-319,1494,0
0,-320,1498,0
0,-318,1499,0
0,-318,1498,0
0,-318,1498,0
0,-319,1500,0
0,-318,1501,0
0,-315,1501,0
0,-315,1501,0
0,-312,1500,0
0,-310,1499,0
0,-307,1497,0
0,-306,1497,0
0,-305,1498,0
0,-301,1498,0
0,-297,1497,0
0,-297,1498,0
0,-300,1499,0
0,-309,1501,0
0,-320,1503,0
0,-326,1505,0
0,-327,1505,0
0,-328,1502,8
0,-328,1500,0
0,-324,1503,0
0,-321,1504,0
0,-318,1504,0
0,-317,1506,-8
0,-317,1507,0
0,-318,1511,0
0,-318,1514,-8
0,-319,1513,-16
0,-318,1510,-16
0,-315,1506,-8
0,-314,1500,-8
0,-312,1497,0
0,-311,1501,0
0,-313,1503,8
0,-313,1506,8
0,-316,1506,0
0,-317,1508,8
0,-314,1509,8
0,-305,1512,16
0,-297,1516,0
0,-291,1519,8
0,-290,1521,8
0,-290,1523,0
0,-293,1524,0
0,-294,1525,0
0,-296,1525,8
0,-296,1525,0
0,-297,1526,0
0,-298,1528,0
0,-295,1528,0
0,-292,1529,0
0,-285,1529,-8
0,-275,1528,-16
0,-268,1528,0
0,-267,1529,-8
0,-269,1530,-8
0,-271,1531,0
0,-271,1529,39
0,-272,1525,-8
0,-275,1523,0
0,-274,1523,-16
0,-274,1523,-8
0,-274,1522,-8
0,-276,1525,8
0,-274,1529,-8
0,-270,1531,-8
0,-266,1533,-8
0,-260,1534,-8
0,-255,1533,-16
0,-251,1533,-16
0,-253,1531,0
0,-254,1531,0
0,-257,1532,0
0,-262,1529,0
0,-263,1527,8
0,-269,1524,0
0,-271,1523,16
0,-268,1524,16
0,-266,1524,0
0,-265,1526,0
0,-263,1531,0
0,-266,1535,0
0,-270,1539,0
0,-276,1540,0
0,-282,1539,0
0,-288,1540,0
0,-295,1541,0
0,-302,1543,0
0,-308,1545,0
0,-312,1545,0
0,-314,1546,0
0,-315,1548,0
0,-317,1549,0
0,-322,1549,0
0,-321,1549,0
0,-317,1551,0
0,-314,1554,-8
0,-310,1555,0
0,-307,1556,0
0,-307,1557,0
0,-306,1559,0
0,-303,1561,0
0,-301,1562,0
0,-299,1562,0
0,-296,1563,0
0,-292,1564,0
0,-289,1566,0
0,-289,1566,0
0,-288,1567,0
0,-288,1566,0
0,-288,1566,0
0,-287,1566,0
0,-287,1567,0
0,-285,1569,0
0,-282,1574,0
0,-279,1578,0
0,-280,1580,0
0,-280,1579,0
0,-280,1579,0
0,-281,1579,0
0,-279,1581,0
0,-277,1583,0
0,-275,1584,0
0,-273,1586,0
0,-269,1589,0
0,-262,1594,0
0,-256,1598,0
0,-257,1597,0
0,-258,1595,0
0,-258,1592,-8
0,-263,1589,-16
0,-266,1585,-16
0,-268,1580,-16
0,-270,1574,-24
0,-270,1572,-8
0,-265,1571,-16
0,-261,1571,-16
0,-262,1569,-24
0,-263,1566,-16
0,-269,1563,-24
0,-274,1559,-24
0,-281,1554,-24
0,-285,1550,-16
0,-288,1545,-16
0,-286,1540,-16
0,-280,1534,-8
0,-276,1530,-8
0,-270,1524,-8
0,-261,1517,0
0,-252,1512,0
0,-243,1506,0
0,-231,1496,0
0,-195,1477,8
0,-162,1474,8
0,-140,1467,8
0,-130,1453,8
0,-129,1444,8
0,-128,1438,8
0,-127,1434,8
0,-130,1430,8
0,-134,1429,8
0,-138,1427,8
0,-143,1425,0
0,-147,1422,8
0,-152,1421,8
0,-158,1420,8
0,-163,1420,0
0,-166,1420,0
0,-170,1420,0
0,-173,1420,0
0,-177,1421,8
0,-177,1423,0
0,-177,1424,8
0,-181,1423,8
0,-187,1423,0
0,-193,1425,0
0,-198,1429,0
0,-205,1430,0
0,-209,1430,0
0,-215,1427,0
0,-219,1426,0
0,-222,1427,0
0,-228,1428,0
0,-233,1428,0
0,-239,1427,0
0,-243,1425,0
0,-246,1423,0
0,-248,1420,0
0,-249,1418,0
0,-254,1415,0
0,-262,1413,0
0,-269,1414,0
0,-276,1417,0
0,-280,1419,0
0,-282,1421,0
0,-283,1420,0
0,-284,1418,0
0,-285,1418,0
0,-287,1419,0
0,-289,1420,0
0,-291,1421,0
0,-295,1422,0
0,-295,1424,8
0,-295,1425,-8
0,-295,1422,0
0,-294,1420,-8
0,-292,1421,0
0,-292,1422,-8
0,-295,1421,-24
0,-294,1421,16
0,-294,1420,8
0,-294,1419,8
0,-293,1419,8
0,-294,1419,8
0,-296,1419,0
0,-299,1418,8
0,-302,1418,16
0,-305,1418,8
0,-307,1419,8
0,-312,1420,8
0,-320,1421,8
0,-325,1421,8
0,-329,1422,0
0,-330,1423,8
0,-331,1423,8
0,-331,1424,0
0,-335,1425,0
0,-336,1427,0
0,-341,1426,0
0,-342,1425,0
0,-343,1425,0
0,-342,1426,0
0,-341,1426,0
0,-341,1426,0
0,-339,1432,0
0,-338,1435,0
0,-340,1435,0
0,-341,1436,0
0,-344,1438,-8
0,-345,1439,0
0,-341,1443,0
0,-336,1447,0
0,-334,1449,0
0,-332,1449,8
0,-334,1447,0
0,-334,1447,0
0,-334,1446,0
0,-335,1444,0
0,-337,1443,0
0,-338,1443,0
0,-339,1443,0
0,-344,1442,0
0,-349,1442,0
0,-360,1441,0
0,-369,1439,0
0,-374,1437,0
0,-376,1437,0
0,-376,1436,0
0,-377,1435,0
0,-377,1434,0
0,-382,1432,0
0,-386,1431,0
0,-392,1431,0
0,-396,1427,0
0,-400,1425,0
0,-402,1426,0
0,-406,1428,0
0,-410,1432,0
0,-414,1435,0
0,-424,1440,0
0,-430,1444,0
0,-430,1445,0
0,-430,1443,0
0,-428,1439,0
0,-425,1435,0
0,-425,1433,0
0,-425,1434,0
0,-424,1435,0
0,-423,1435,8
0,-418,1435,-8
0,-414,1435,0
0,-413,1435,0
0,-412,1436,0
0,-412,1436,0
0,-409,1437,0
0,-407,1436,0
0,-405,1435,0
0,-406,1434,0
0,-407,1435,0
0,-405,1435,0
0,-403,1437,0
0,-403,1438,0
0,-403,1440,0
0,-403,1443,0
0,-398,1447,0
0,-388,1449,0
0,-379,1450,0
0,-379,1449,0
0,-379,1448,0
0,-380,1447,0
0,-378,1448,0
0,-381,1450,0
0,-385,1451,0
0,-390,1450,0
0,-394,1449,0
0,-395,1448,0
0,-396,1447,0
0,-396,1446,0
0,-396,1445,0
0,-396,1444,0
0,-397,1443,0
0,-396,1443,0
0,-395,1443,0
0,-394,1443,0
0,-393,1443,0
0,-392,1443,0
0,-392,1443,0
0,-394,1443,0
0,-396,1443,0
0,-398,1442,0
0,-400,1441,0
0,-402,1440,0
0,-404,1439,0
0,-406,1437,0
0,-408,1436,0
0,-409,1435,0
0,-410,1434,0
0,-411,1434,0
0,-412,1435,0
0,-412,1438,0
0,-412,1440,0
0,-411,1442,0
0,-411,1443,0
0,-411,1444,0
0,-412,1444,0
0,-413,1444,0
0,-415,1444,0
0,-417,1443,0
0,-419,1442,0
0,-423,1440,0
0,-428,1438,0
0,-436,1436,0
0,-444,1434,0
0,-450,1434,0
0,-453,1434,0
0,-453,1435,0
0,-451,1437,0
0,-447,1440,0
0,-443,1442,0
0,-442,1440,0
0,-440,1439,0
0,-436,1439,0
0,-432,1439,0
0,-433,1439,0
0,-434,1440,0
0,-434,1440,0
0,-433,1441,0
0,-432,1442,0
0,-430,1444,0
0,-429,1444,0
0,-428,1445,0
0,-429,1446,0
0,-429,1447,0
0,-430,1448,0
0,-430,1449,0
0,-430,1451,0
0,-429,1452,0
0,-427,1453,0
0,-423,1455,0
0,-423,1457,0
0,-423,1460,0
0,-424,1463,0
0,-424,1465,0
0,-425,1470,0
0,-422,1473,0
0,-414,1478,0
0,-406,1482,0
0,-404,1480,0
0,-404,1477,0
0,-405,1474,0
0,-405,1472,0
0,-404,1471,0
0,-402,1470,0
0,-400,1470,0
0,-397,1471,0
0,-394,1472,0
0,-390,1472,0
0,-387,1474,0
0,-385,1476,0
0,-383,1479,0
0,-381,1484,0
0,-382,1487,0
0,-382,1488,0
0,-383,1488,0
0,-385,1487,0
0,-386,1487,0
0,-386,1488,0
0,-387,1489,0
0,-390,1487,8
0,-392,1484,0
0,-394,1481,8
0,-394,1479,0
0,-395,1476,0
0,-397,1477,0
0,-399,1478,0
0,-399,1482,0
0,-402,1487,0
0,-409,1491,0
0,-414,1495,0
0,-416,1496,0
0,-418,1495,0
0,-421,1494,0
0,-424,1494,0
0,-430,1492,-8
0,-433,1490,0
0,-436,1488,8
0,-437,1488,8
0,-441,1487,8
0,-446,1488,24
0,-447,1487,0
0,-448,1487,8
0,-445,1489,0
0,-442,1485,0
0,-435,1484,8
0,-431,1484,0
0,-428,1483,0
0,-429,1482,0
0,-431,1482,0
0,-439,1480,0
0,-445,1479,0
0,-452,1477,-8
0,-456,1473,-8
0,-455,1470,-8
0,-451,1470,-8
0,-450,1470,-16
0,-452,1471,-16
0,-453,1474,-8
0,-455,1474,-32
0,-457,1474,-24
0,-458,1473,-16
0,-456,1472,0
0,-455,1472,0
0,-452,1473,0
0,-451,1477,0
0,-453,1479,0
0,-452,1480,0
0,-449,1481,0
0,-448,1482,0
0,-443,1481,0
0,-442,1479,0
0,-438,1478,0
0,-438,1479,0
0,-436,1479,0
0,-439,1478,0
0,-441,1479,0
0,-442,1477,8
0,-440,1476,0
0,-439,1477,0
0,-437,1479,0
0,-435,1478,0
0,-430,1478,8
0,-422,1477,8
0,-415,1475,0
0,-414,1473,16
0,-413,1473,8
0,-409,1473,0
0,-404,1475,0
0,-403,1475,0
0,-403,1475,-8
0,-400,1475,-8
0,-399,1475,-8
0,-397,1474,-8
0,-396,1473,0
0,-399,1474,0
0,-400,1475,8
0,-398,1476,0
0,-399,1475,0
0,-400,1473,0
0,-401,1472,0
0,-399,1473,0
0,-395,1473,0
0,-395,1473,-8
0,-394,1473,-8
0,-395,1473,-8
0,-394,1473,0
0,-388,1473,0
0,-385,1473,0
0,-383,1469,0
0,-380,1467,0
0,-377,1466,0
0,-373,1465,0
0,-370,1466,0
0,-367,1466,0
0,-366,1465,0
0,-367,1464,0
0,-365,1462,0
0,-361,1463,0
0,-358,1466,0
0,-359,1467,-8
0,-356,1467,-16
0,-355,1467,-8
0,-358,1464,-16
0,-358,1461,-16
0,-360,1458,-16
0,-358,1455,-16
0,-356,1454,-8
0,-352,1450,-8
0,-344,1449,-8
0,-335,1448,-8
0,-324,1448,-8
0,-314,1447,-8
0,-304,1445,-8
0,-295,1442,-8
0,-284,1441,-8
0,-275,1438,-8
0,-265,1437,-8
0,-256,1434,-16
0,-246,1432,-16
0,-234,1429,-8
0,-208,1423,8
0,-197,1418,8
0,-189,1414,8
0,-183,1412,16
0,-178,1410,16
0,-177,1408,24
0,-177,1407,24
0,-180,1406,16
0,-183,1408,16
0,-187,1409,16
0,-193,1410,8
0,-196,1412,0
0,-203,1413,-8
0,-210,1410,-16
0,-218,1407,-16
0,-223,1406,-8
0,-228,1405,-8
0,-232,1409,0
0,-235,1412,0
0,-235,1419,0
0,-236,1425,0
0,-238,1425,0
0,-241,1425,8
0,-247,1421,0
0,-252,1418,0
0,-257,1417,0
0,-262,1415,0
0,-266,1417,0
0,-268,1419,0
0,-270,1419,0
0,-275,1416,8
0,-280,1413,0
0,-285,1411,0
0,-288,1409,0
0,-288,1408,0
0,-288,1406,0
0,-288,1406,0
0,-287,1405,0
0,-284,1404,0
0,-282,1404,0
0,-280,1404,0
0,-278,1403,0
0,-282,1402,0
0,-288,1402,0
0,-291,1403,0
0,-295,1402,0
0,-298,1400,0
0,-298,1399,0
0,-298,1398,0
0,-298,1399,0
0,-298,1399,0
0,-299,1400,0
0,-300,1400,0
0,-302,1401,0
0,-304,1402,0
0,-304,1403,0
0,-305,1405,0
0,-309,1407,0
0,-315,1412,0
0,-320,1414,0
0,-326,1417,0
0,-331,1420,0
0,-337,1422,0
0,-342,1425,0
0,-348,1424,0
0,-355,1422,0
0,-362,1420,0
0,-369,1419,0
0,-375,1417,0
0,-378,1415,0
0,-380,1413,0
0,-381,1413,0
0,-378,1414,0
0,-371,1413,0
0,-360,1412,0
0,-350,1411,0
0,-347,1410,0
0,-348,1410,0
0,-349,1409,0
0,-347,1406,0
0,-343,1403,0
0,-338,1401,0
0,-338,1397,0
0,-339,1395,0
0,-341,1394,0
0,-343,1393,-8
0,-343,1392,-8
0,-343,1392,0
0,-341,1392,-8
0,-339,1390,0
0,-336,1390,0
0,-336,1386,-8
0,-333,1385,0
0,-330,1381,-8
0,-326,1381,0
0,-322,1380,-8
0,-319,1379,-8
0,-315,1377,-8
0,-311,1375,-8
0,-309,1373,-8
0,-306,1372,-16
0,-303,1372,0
0,-301,1372,0
0,-296,1374,16
0,-295,1378,-8
0,-293,1380,8
0,-291,1380,8
0,-286,1380,8
0,-279,1381,0
0,-272,1383,0
0,-264,1385,0
0,-259,1387,-8
0,-255,1388,-8
0,-249,1386,-8
0,-240,1384,0
0,-229,1383,0
0,-218,1381,0
0,-208,1381,0
0,-198,1381,-8
0,-188,1377,-8
0,-177,1377,0
0,-168,1377,0
0,-160,1377,8
0,-152,1378,0
0,-147,1379,0
0,-144,1382,0
0,-140,1385,0
0,-134,1387,0
0,-125,1387,0
0,-116,1387,0
0,-108,1385,0
0,-101,1385,0
0,-96,1383,0
0,-90,1379,0
0,-84,1378,0
0,-79,1377,8
0,-74,1376,8
0,-71,1375,8
0,-69,1375,8
0,-67,1376,8
0,-65,1376,0
0,-65,1376,8
0,-65,1377,8
0,-68,1378,8
0,-73,1381,8
0,-79,1384,16
0,-87,1387,16
0,-95,1390,8
0,-102,1392,8
0,-109,1393,16
0,-120,1396,0
0,-131,1398,8
0,-139,1404,0
0,-147,1407,0
0,-153,1410,0
0,-159,1413,0
0,-166,1415,0
0,-176,1415,0
0,-185,1415,0
0,-194,1415,0
0,-203,1415,0
0,-214,1415,0
0,-224,1416,0
0,-231,1418,0
0,-236,1419,0
0,-240,1420,0
0,-243,1419,0
0,-245,1417,0
0,-246,1413,0
0,-245,1409,0
0,-245,1405,0
0,-246,1402,0
0,-242,1397,0
0,-237,1390,0
0,-235,1389,0
0,-240,1392,0
0,-247,1397,0
0,-258,1399,0
0,-272,1402,0
0,-286,1404,0
0,-299,1407,0
0,-311,1409,0
0,-324,1406,0
0,-336,1400,0
0,-344,1399,0
0,-347,1400,0
0,-346,1403,0
0,-344,1409,-8
0,-345,1413,0
0,-346,1415,0
0,-347,1417,0
0,-349,1418,0
0,-350,1418,0
0,-351,1419,0
0,-352,1420,0
0,-352,1421,0
0,-352,1421,0
0,-352,1421,0
0,-348,1422,0
0,-347,1422,0
0,-344,1425,0
0,-343,1428,0
0,-344,1429,0
0,-345,1430,0
0,-346,1431,0
0,-347,1431,0
0,-349,1431,0
0,-350,1433,0
0,-352,1434,0
0,-356,1435,0
0,-360,1435,0
0,-364,1433,0
0,-368,1431,0
0,-370,1431,0
0,-371,1431,0
0,-372,1432,0
0,-374,1433,0
0,-377,1433,0
0,-381,1434,0
0,-387,1435,0
0,-394,1436,0
0,-401,1437,0
0,-401,1437,0
0,-401,1437,0
0,-399,1438,0
0,-398,1440,0
0,-395,1442,0
0,-394,1443,0
0,-393,1442,0
0,-393,1442,0
0,-393,1442,0
0,-393,1442,0
0,-393,1442,0
0,-394,1444,0
0,-394,1446,0
0,-394,1447,0
0,-393,1446,0
0,-391,1446,0
0,-390,1446,0
0,-387,1446,0
0,-385,1446,0
0,-383,1446,0
0,-383,1444,0
0,-384,1443,16
0,-385,1443,16
0,-387,1443,8
0,-387,1444,16
0,-388,1446,16
0,-389,1448,16
0,-389,1450,8
0,-389,1452,8
0,-390,1455,16
0,-389,1459,8
0,-390,1464,8
0,-387,1467,0
0,-383,1475,-8
0,-380,1480,-8
0,-378,1484,-8
0,-376,1487,-8
0,-378,1486,0
0,-382,1486,0
0,-385,1487,0
0,-389,1487,0
0,-389,1487,0
0,-391,1488,0
0,-398,1491,8
0,-405,1495,0
0,-407,1498,0
0,-407,1502,0
0,-407,1510,0
0,-408,1514,0
0,-414,1512,0
0,-422,1510,0
0,-430,1509,-8
0,-435,1508,0
0,-438,1506,0
0,-441,1504,0
0,-442,1502,0
0,-444,1499,0
0,-445,1497,0
0,-447,1497,8
0,-449,1496,0
0,-455,1494,0
0,-459,1489,0
0,-462,1486,0
0,-464,1486,0
0,-466,1487,0
0,-467,1489,0
0,-466,1490,0
0,-466,1490,0
0,-467,1489,0
0,-466,1489,0
0,-464,1487,0
0,-462,1489,0
0,-463,1490,0
0,-469,1489,0
0,-480,1487,0
0,-491,1487,0
0,-494,1488,0
0,-494,1487,0
0,-496,1486,0
0,-499,1486,0
0,-501,1487,0
0,-504,1486,0
0,-506,1485,0
0,-506,1485,0
0,-505,1486,0
0,-503,1487,-8
0,-503,1486,0
0,-503,1486,0
0,-501,1485,-8
0,-500,1484,-8
0,-498,1482,-8
0,-496,1482,-8
0,-494,1482,-8
0,-494,1479,-8
0,-494,1476,0
0,-495,1473,0
0,-492,1471,-8
0,-491,1469,-8
0,-487,1469,0
0,-484,1468,-8
0,-484,1469,0
0,-482,1471,-16
0,-480,1469,0
0,-481,1467,0
0,-482,1464,8
0,-478,1463,0
0,-476,1461,0
0,-473,1459,0
0,-472,1459,0
0,-472,1457,0
0,-469,1456,0
0,-468,1455,0
0,-467,1454,0
0,-469,1452,0
0,-467,1451,0
0,-467,1448,0
0,-466,1447,0
0,-464,1446,0
0,-457,1447,8
0,-449,1448,0
0,-446,1447,0
0,-444,1446,0
0,-446,1443,0
0,-447,1441,0
0,-448,1443,0
0,-449,1448,0
0,-453,1449,0
0,-453,1449,0
0,-451,1450,0
0,-450,1449,0
0,-447,1450,0
0,-443,1449,0
0,-443,1449,0
0,-442,1448,8
0,-440,1447,0
0,-437,1447,0
0,-436,1447,0
0,-434,1447,0
0,-432,1448,-8
0,-432,1448,0
0,-432,1447,0
0,-432,1449,0
0,-432,1450,0
0,-428,1451,0
0,-426,1452,0
0,-425,1452,0
0,-421,1454,0
0,-417,1454,0
0,-416,1454,0
0,-417,1453,0
0,-418,1453,0
0,-420,1450,0
0,-423,1445,0
0,-422,1440,0
0,-418,1434,0
0,-416,1431,0
0,-411,1429,0
0,-409,1429,0
0,-409,1430,0
0,-408,1432,0
0,-406,1433,0
0,-404,1434,0
0,-405,1433,0
0,-407,1434,0
0,-410,1437,0
0,-411,1437,0
0,-411,1436,0
0,-409,1435,0
0,-403,1434,0
0,-397,1433,0
0,-392,1433,0
0,-393,1434,0
0,-397,1435,-8
0,-401,1434,0
0,-402,1434,0
0,-402,1434,0
0,-402,1433,0
0,-402,1432,0
0,-401,1430,0
0,-400,1429,0
0,-399,1429,0
0,-398,1429,0
0,-401,1428,0
0,-406,1425,0
0,-406,1425,0
0,-405,1425,0
0,-402,1426,0
0,-399,1428,0
0,-398,1430,0
0,-396,1434,0
0,-392,1438,0
0,-390,1441,0
0,-387,1441,0
0,-385,1441,0
0,-382,1440,0
0,-380,1439,0
0,-379,1436,0
0,-381,1433,0
0,-385,1429,0
0,-391,1421,0
0,-396,1412,0
0,-403,1407,0
0,-408,1406,0
0,-413,1407,0
0,-410,1407,0
0,-399,1406,0
0,-391,1406,0
0,-383,1406,0
0,-381,1408,0
0,-378,1409,-8
0,-377,1410,-8
0,-376,1411,-16
0,-373,1411,-24
0,-370,1411,-16
0,-363,1411,-16
0,-357,1409,-16
0,-349,1408,-16
0,-341,1407,-16
0,-332,1405,-16
0,-321,1402,-16
0,-310,1399,-16
0,-298,1395,-8
0,-273,1386,-16
0,-263,1384,0
0,-251,1383,0
0,-241,1381,8
0,-232,1378,0
0,-222,1374,0
0,-213,1371,0
0,-204,1368,0
0,-193,1368,-8
0,-184,1366,8
0,-176,1364,8
0,-168,1363,16
0,-161,1361,16
0,-159,1361,16
0,-163,1362,24
0,-165,1364,8
0,-168,1366,8
0,-171,1370,8
0,-177,1374,8
0,-181,1380,0
0,-189,1384,8
0,-199,1383,0
0,-207,1381,0
0,-215,1381,0
0,-221,1381,0
0,-228,1381,0
0,-237,1380,0
0,-243,1380,0
0,-251,1382,-8
0,-256,1382,0
0,-259,1383,0
0,-263,1384,8
0,-266,1385,0
0,-271,1385,0
0,-277,1384,0
0,-289,1377,0
0,-300,1372,0
0,-302,1371,0
0,-303,1372,0
0,-307,1374,0
0,-307,1374,0
0,-306,1373,0
0,-308,1368,0
0,-311,1361,0
0,-315,1355,0
0,-319,1353,0
0,-322,1352,0
0,-325,1353,0
0,-327,1354,0
0,-329,1356,0
0,-332,1357,0
0,-334,1359,0
0,-336,1360,0
0,-337,1361,0
0,-340,1362,0
0,-343,1363,0
0,-348,1363,0
0,-353,1359,0
0,-356,1356,0
0,-355,1354,0
0,-353,1353,0
0,-352,1352,0
0,-350,1352,0
0,-350,1353,0
0,-353,1351,0
0,-359,1346,0
0,-369,1336,0
0,-380,1323,0
0,-391,1310,0
0,-401,1292,0
0,-411,1278,0
0,-419,1267,0
0,-426,1258,0
0,-428,1254,0
0,-428,1256,0
0,-428,1260,0
0,-426,1266,0
0,-425,1273,0
0,-423,1274,0
0,-422,1274,0
0,-419,1275,0
0,-418,1277,0
0,-418,1280,0
0,-419,1283,0
0,-418,1287,0
0,-416,1291,0
0,-414,1295,-8
0,-412,1297,-16
0,-409,1303,-8
0,-406,1306,-16
0,-403,1307,-8
0,-401,1305,-8
0,-398,1304,-8
0,-392,1307,0
0,-387,1310,-8
0,-384,1313,-8
0,-379,1316,-8
0,-374,1318,-8
0,-368,1319,-8
0,-359,1320,0
0,-349,1320,0
0,-343,1321,-8
0,-335,1322,8
0,-325,1323,8
0,-314,1324,8
0,-303,1325,0
0,-292,1326,0
0,-283,1326,-8
0,-275,1327,-8
0,-266,1328,-8
0,-258,1329,-8
0,-250,1329,-8
0,-243,1330,-8
0,-234,1328,-8
0,-225,1326,-8
0,-217,1325,0
0,-210,1323,0
0,-204,1322,0
0,-198,1321,0
0,-193,1321,0
0,-189,1318,0
0,-183,1311,0
0,-177,1305,0
0,-172,1299,0
0,-171,1303,0
0,-172,1309,0
0,-176,1314,0
0,-178,1317,0
0,-175,1318,0
0,-172,1318,0
0,-169,1316,0
0,-167,1315,0
0,-163,1315,0
0,-160,1317,0
0,-158,1320,0
0,-155,1321,0
0,-151,1323,0
0,-148,1324,0
0,-144,1324,0
0,-140,1325,0
0,-136,1326,0
0,-133,1327,0
0,-129,1328,0
0,-124,1326,0
0,-109,1301,0
0,-60,1222,0
0,-27,1200,0
0,-16,1204,0
0,-1,1197,0
0,0,1186,0
0,2,1180,0
0,3,1185,0
0,4,1193,0
0,5,1201,0
0,9,1207,0
0,12,1211,0
0,11,1214,-8
0,9,1215,0
0,11,1210,0
0,15,1198,0
0,19,1181,0
0,21,1172,0
0,20,1174,0
0,17,1182,0
0,16,1190,0
0,16,1200,0
0,16,1212,0
0,16,1223,0
0,17,1234,0
0,17,1245,0
0,17,1251,0
0,15,1258,0
0,14,1260,0
0,14,1262,0
0,14,1263,0
0,15,1264,0
0,16,1265,0
0,17,1262,0
0,25,1232,0
0,34,1203,0
0,50,1157,0
0,49,1158,0
0,46,1164,0
0,41,1170,0
0,36,1177,0
0,33,1181,0
0,30,1186,0
0,28,1191,0
0,25,1195,8
0,23,1196,8
0,20,1198,16
0,16,1203,16
0,10,1208,16
0,3,1215,24
0,-3,1221,32
0,-10,1228,39
0,-20,1236,39
0,-50,1259,39
0,-81,1284,32
0,-113,1307,24
0,-133,1331,0
0,-154,1354,16
0,-182,1366,0
0,-210,1376,0
0,-249,1378,0
0,-284,1384,0
0,-310,1405,-8
0,-330,1419,0
0,-348,1429,8
0,-357,1441,0
0,-366,1452,8
0,-362,1467,0
0,-363,1471,0
0,-364,1474,-8
0,-365,1478,-8
0,-366,1481,0
0,-370,1482,-8
0,-372,1485,0
0,-376,1487,0
0,-378,1490,0
0,-380,1494,0
0,-379,1494,-8
0,-375,1498,0
0,-374,1500,0
0,-378,1499,0
0,-383,1498,0
0,-388,1497,0
0,-391,1496,-8
0,-394,1495,0
0,-396,1496,0
0,-399,1496,0
0,-403,1496,0
0,-406,1497,0
0,-406,1497,0
0,-409,1496,-8
0,-409,1495,0
0,-410,1496,0
0,-409,1497,8
0,-409,1500,8
0,-409,1504,0
0,-409,1508,8
0,-413,1508,0
0,-416,1508,0
0,-417,1510,0
0,-414,1511,0
0,-415,1512,-8
0,-417,1513,-8
0,-418,1515,0
0,-420,1514,-8
0,-422,1509,-8
0,-422,1506,-24
0,-421,1504,-8
0,-416,1505,-8
0,-411,1505,-8
0,-407,1504,-8
0,-404,1505,0
0,-407,1503,0
0,-412,1501,0
0,-417,1496,0
0,-417,1492,-8
0,-416,1491,0
0,-415,1491,0
0,-410,1493,8
0,-405,1495,0
0,-402,1495,0
0,-401,1495,0
0,-400,1493,0
0,-399,1491,0
0,-398,1489,0
0,-397,1485,0
0,-398,1481,0
0,-397,1476,0
0,-396,1473,0
0,-395,1470,0
0,-395,1467,0
0,-396,1465,0
0,-397,1463,0
0,-398,1461,0
0,-398,1460,0
0,-397,1460,0
0,-397,1460,0
0,-397,1459,0
0,-399,1458,0
0,-399,1456,0
0,-399,1455,0
0,-399,1453,0
0,-399,1452,0
0,-398,1450,0
0,-398,1448,0
0,-398,1447,0
0,-397,1446,0
0,-397,1446,0
0,-396,1447,0
0,-393,1450,0
0,-392,1451,0
0,-391,1451,0
0,-390,1451,-8
0,-390,1449,-8
0,-390,1449,0
0,-392,1446,0
0,-392,1441,0
0,-394,1437,0
0,-396,1433,0
0,-398,1431,0
0,-400,1429,0
0,-401,1429,0
0,-402,1429,0
0,-402,1429,0
0,-402,1430,0
0,-404,1429,0
0,-407,1428,0
0,-410,1427,0
0,-410,1426,0
0,-411,1426,0
0,-413,1424,0
0,-416,1424,0
0,-417,1423,0
0,-419,1420,0
0,-423,1418,-16
0,-423,1418,0
0,-419,1419,0
0,-416,1417,0
0,-415,1415,0
0,-415,1413,0
0,-417,1410,0
0,-419,1410,0
0,-420,1411,0
0,-420,1412,0
0,-419,1412,0
0,-417,1413,0
0,-413,1415,0
0,-407,1417,0
0,-403,1419,0
0,-401,1421,-8
0,-399,1421,-16
0,-399,1421,-8
0,-398,1420,-16
0,-401,1415,-16
0,-403,1412,-16
0,-404,1411,-8
0,-404,1411,-16
0,-402,1412,-16
0,-402,1412,-16
0,-401,1413,-16
0,-400,1410,-16
0,-397,1403,-16
0,-393,1396,-8
0,-389,1389,0
0,-384,1385,0
0,-378,1379,0
0,-370,1370,0
0,-364,1362,0
0,-359,1358,8
0,-357,1359,8
0,-351,1361,-8
0,-344,1364,8
0,-334,1365,0
0,-324,1365,8
0,-316,1364,8
0,-308,1365,8
0,-298,1366,8
0,-289,1368,0
0,-284,1369,8
0,-279,1372,0
0,-271,1376,0
0,-266,1377,8
0,-263,1377,8
0,-265,1375,8
0,-267,1369,8
0,-267,1365,0
0,-265,1365,0
0,-264,1364,0
0,-264,1363,0
0,-265,1362,0
0,-267,1361,0
0,-267,1358,-8
0,-267,1357,0
0,-267,1353,-8
0,-266,1351,0
0,-264,1349,0
0,-263,1348,0
0,-262,1349,0
0,-259,1355,0
0,-254,1362,0
0,-250,1367,0
0,-248,1369,0
0,-247,1371,0
0,-246,1368,0
0,-246,1368,0
0,-245,1367,0
0,-241,1366,0
0,-236,1366,0
0,-231,1366,0
0,-226,1366,0
0,-222,1366,0
0,-219,1368,0
0,-217,1371,0
0,-215,1374,0
0,-213,1376,0
0,-212,1378,0
0,-210,1383,0
0,-212,1390,0
0,-219,1399,0
0,-225,1406,0
0,-229,1412,0
0,-228,1415,0
0,-232,1414,0
0,-236,1411,0
0,-239,1400,0
0,-240,1390,0
0,-239,1387,0
0,-236,1387,0
0,-231,1389,0
0,-226,1391,0
0,-223,1394,0
0,-220,1396,0
0,-217,1397,0
0,-216,1399,0
0,-214,1399,0
0,-212,1400,0
0,-212,1400,0
0,-212,1400,0
0,-213,1400,0
0,-215,1399,0
0,-217,1397,0
0,-215,1397,0
0,-212,1398,0
0,-210,1398,0
0,-208,1399,0
0,-207,1399,0
0,-206,1399,0
0,-206,1399,0
0,-205,1400,0
0,-205,1401,0
0,-204,1405,0
0,-203,1410,0
0,-202,1415,0
0,-202,1419,0
0,-195,1422,0
0,-190,1429,0
0,-186,1432,0
0,-187,1432,8
0,-190,1429,8
0,-193,1427,8
0,-195,1425,8
0,-196,1427,0
0,-195,1430,0
0,-192,1431,8
0,-185,1431,8
0,-178,1433,8
0,-169,1436,8
0,-163,1436,-16
0,-160,1433,-16
0,-155,1430,-8
0,-150,1426,-8
0,-148,1425,-8
0,-148,1426,-8
0,-149,1428,-8
0,-148,1430,0
0,-144,1430,8
0,-138,1429,8
0,-137,1428,-8
0,-138,1429,0
0,-137,1430,8
0,-134,1430,8
0,-131,1430,8
0,-129,1429,8
0,-127,1429,8
0,-124,1428,0
0,-122,1427,0
0,-123,1427,0
0,-124,1427,8
0,-124,1426,8
0,-124,1426,8
0,-125,1428,8
0,-128,1429,8
0,-131,1434,8
0,-131,1436,8
0,-130,1438,16
0,-130,1439,8
0,-131,1440,8
0,-132,1441,0
0,-132,1442,0
0,-135,1442,0
0,-136,1441,0
0,-134,1440,0
0,-133,1440,0
0,-135,1439,0
0,-141,1440,8
0,-149,1442,8
0,-157,1443,8
0,-161,1443,0
0,-163,1440,0
0,-164,1436,0
0,-168,1434,0
0,-176,1429,-8
0,-185,1427,-8
0,-194,1427,-8
0,-203,1428,-16
0,-213,1430,-8
0,-234,1433,0
0,-238,1432,0
0,-241,1433,0
0,-248,1434,0
0,-256,1436,0
0,-263,1438,0
0,-268,1439,0
0,-272,1440,0
0,-276,1441,0
0,-280,1441,0
0,-283,1440,0
0,-285,1441,0
0,-288,1441,0
0,-291,1442,0
0,-294,1442,0
0,-293,1443,0
0,-293,1442,0
0,-296,1441,0
0,-299,1441,0
0,-307,1442,0
0,-313,1442,0
0,-317,1443,0
0,-319,1444,0
0,-321,1444,0
0,-322,1445,0
0,-325,1445,0
0,-328,1445,0
0,-332,1445,0
0,-334,1446,0
0,-336,1447,0
0,-338,1447,0
0,-342,1450,0
0,-350,1456,0
0,-360,1459,0
0,-367,1460,0
0,-371,1458,0
0,-376,1458,-8
0,-378,1457,-8
0,-379,1456,-8
0,-379,1453,0
0,-378,1451,-8
0,-377,1449,-8
0,-376,1449,-8
0,-374,1448,-8
0,-369,1447,-8
0,-365,1446,-8
0,-363,1447,-8
0,-362,1445,-8
0,-362,1443,0
0,-360,1442,-8
0,-359,1442,-8
0,-358,1440,-8
0,-357,1437,0
0,-357,1435,0
0,-356,1433,-8
0,-357,1430,0
0,-355,1428,0
0,-353,1427,0
0,-353,1425,0
0,-352,1423,0
0,-350,1424,0
0,-350,1425,0
0,-346,1426,0
0,-342,1427,0
0,-342,1427,0
0,-341,1429,0
0,-338,1428,0
0,-334,1429,0
0,-333,1429,0
0,-331,1427,0
0,-328,1427,-8
0,-325,1426,0
0,-325,1425,0
0,-323,1425,0
0,-322,1424,0
0,-323,1423,0
0,-323,1421,0
0,-324,1419,0
0,-326,1417,0
0,-329,1412,0
0,-330,1410,0
0,-330,1408,0
0,-330,1407,8
0,-329,1407,0
0,-329,1407,0
0,-331,1403,0
0,-333,1399,0
0,-336,1397,0
0,-339,1395,0
0,-340,1396,0
0,-340,1396,0
0,-341,1397,0
0,-342,1397,0
0,-342,1397,0
0,-343,1398,0
0,-343,1400,0
0,-343,1402,0
0,-343,1404,0
0,-339,1403,0
0,-337,1402,0
0,-338,1400,-8
0,-339,1400,0
0,-340,1399,-8
0,-341,1398,0
0,-342,1397,0
0,-344,1396,0
0,-345,1396,0
0,-345,1396,0
0,-345,1395,0
0,-345,1394,0
0,-344,1393,0
0,-342,1392,0
0,-342,1391,0
0,-344,1390,0
0,-345,1390,0
0,-350,1391,0
0,-354,1390,0
0,-358,1388,0
0,-358,1384,0
0,-358,1383,0
0,-360,1382,0
0,-362,1380,0
0,-364,1378,-8
0,-366,1377,0
0,-367,1377,0
0,-366,1376,-8
0,-366,1376,0
0,-365,1377,-8
0,-364,1377,-8
0,-362,1377,0
0,-358,1375,-8
0,-356,1375,-8
0,-357,1374,0
0,-356,1373,0
0,-354,1372,0
0,-351,1371,0
0,-348,1366,0
0,-346,1364,0
0,-345,1364,0
0,-344,1363,0
0,-344,1362,0
0,-347,1358,0
0,-349,1356,0
0,-353,1355,0
0,-355,1356,0
0,-355,1357,0
0,-356,1357,0
0,-355,1358,0
0,-354,1358,0
0,-352,1358,0
0,-351,1356,0
0,-347,1355,0
0,-340,1355,0
0,-334,1356,0
0,-329,1358,0
0,-325,1360,0
0,-318,1360,0
0,-312,1360,0
0,-308,1359,0
0,-303,1359,0
0,-303,1358,0
0,-305,1357,0
0,-307,1356,-16
0,-309,1358,-8
0,-310,1359,8
0,-310,1357,0
0,-310,1355,8
0,-310,1356,0
0,-311,1355,8
0,-313,1356,0
0,-315,1357,8
0,-315,1358,0
0,-313,1359,0
0,-313,1360,8
0,-319,1360,8
0,-322,1361,0
0,-326,1361,0
0,-332,1358,0
0,-337,1355,0
0,-340,1355,0
0,-341,1356,0
0,-345,1358,0
0,-345,1360,0
0,-347,1361,8
0,-350,1363,0
0,-353,1365,0
0,-355,1368,0
0,-357,1369,0
0,-357,1370,0
0,-356,1371,0
0,-356,1372,8
0,-356,1373,8
0,-354,1375,0
0,-351,1377,8
0,-347,1380,0
0,-347,1382,0
0,-350,1385,-8
0,-352,1387,-8
0,-356,1390,-16
0,-358,1389,0
0,-359,1389,-8
0,-358,1391,-8
0,-358,1392,-8
0,-359,1394,0
0,-362,1395,0
0,-363,1396,0
0,-363,1397,0
0,-363,1397,0
0,-361,1400,0
0,-358,1403,0
0,-354,1406,0
0,-349,1405,0
0,-344,1405,0
0,-344,1403,0
0,-349,1401,0
0,-359,1402,0
0,-372,1413,0
0,-402,1450,0
0,-423,1470,0
0,-446,1476,0
0,-463,1467,0
0,-468,1460,0
0,-472,1454,0
0,-477,1448,0
0,-481,1443,0
0,-482,1440,0
0,-482,1439,0
0,-404,1368,0
0,-399,1367,0
0,-396,1370,0
0,-395,1372,8
0,-395,1371,8
0,-396,1371,8
0,-394,1373,8
0,-394,1374,8
0,-393,1375,8
0,-389,1378,0
0,-386,1382,0
0,-384,1385,0
0,-383,1386,0
0,-384,1387,0
0,-387,1387,0
0,-388,1389,0
0,-389,1390,0
0,-390,1391,0
0,-393,1390,0
0,-395,1390,0
0,-396,1393,0
0,-396,1397,0
0,-398,1400,0
0,-399,1402,0
0,-400,1402,0
0,-401,1402,0
0,-402,1402,0
0,-403,1402,0
0,-404,1401,0
0,-405,1400,0
0,-405,1399,0
0,-405,1399,0
0,-404,1399,-8
0,-402,1403,8
0,-399,1403,-8
0,-391,1404,0
0,-382,1404,0
0,-372,1404,8
0,-361,1404,8
0,-350,1403,0
0,-342,1406,0
0,-330,1411,24
0,-279,1426,39
0,-231,1434,24
0,-180,1443,39
0,-90,1458,24
0,-23,1475,16
0,37,1485,16
0,76,1496,8
0,85,1501,8
0,91,1507,0
0,90,1508,0
0,92,1510,0
0,98,1511,-8
0,100,1510,-8
0,106,1509,0
0,114,1508,0
0,119,1508,0
0,124,1509,8
0,131,1513,8
0,134,1516,0
0,138,1517,0
0,144,1516,0
0,150,1515,0
0,156,1515,0
0,161,1514,0
0,166,1516,0
0,169,1516,0
0,168,1516,0
0,167,1517,0
0,169,1519,0
0,174,1520,0
0,180,1520,0
0,186,1520,0
0,187,1519,0
0,188,1519,0
0,190,1519,0
0,194,1520,0
0,199,1522,0
0,204,1524,0
0,212,1527,0
0,221,1528,0
0,228,1530,0
0,233,1531,0
0,239,1531,0
0,245,1532,0
0,249,1533,0
0,251,1535,0
0,253,1535,0
0,253,1537,0
0,252,1539,0
0,251,1542,0
0,252,1544,0
0,256,1546,0
0,263,1548,0
0,269,1551,0
0,275,1553,0
0,280,1555,0
0,285,1557,0
0,289,1559,0
0,292,1562,0
0,290,1564,0
0,284,1563,0
0,280,1562,0
0,276,1559,0
0,275,1556,0
0,274,1552,0
0,274,1547,0
0,272,1544,0
0,267,1541,0
0,260,1538,0
0,254,1535,0
0,246,1530,0
0,241,1527,0
0,243,1527,0
0,248,1528,0
0,255,1531,0
0,265,1534,0
0,282,1538,0
0,340,1553,0
0,392,1566,0
0,440,1578,0
0,450,1581,0
0,433,1579,0
0,407,1574,0
0,381,1569,0
0,316,1558,0
0,265,1549,0
0,250,1548,0
0,238,1545,0
0,229,1543,0
0,219,1540,0
0,206,1535,0
0,193,1529,0
0,181,1522,0
0,169,1514,0
0,158,1507,0
0,153,1503,0
0,149,1504,0
0,145,1508,0
0,141,1511,0
0,137,1515,0
0,129,1517,0
0,120,1519,0
0,113,1521,0
0,108,1522,0
0,101,1522,0
0,93,1521,0
0,85,1523,0
0,76,1526,0
0,66,1531,0
0,58,1535,0
0,55,1539,0
0,56,1540,0
0,57,1540,0
0,61,1540,0
0,68,1539,0
0,78,1538,0
0,106,1531,0
0,136,1526,0
0,167,1522,0
0,195,1518,0
0,205,1513,0
0,207,1512,0
0,208,1510,0
0,210,1509,0
0,211,1507,0
0,207,1509,0
0,198,1511,0
0,187,1514,0
0,176,1516,0
0,169,1516,0
0,163,1516,0
0,160,1515,0
0,157,1515,0
0,153,1516,0
0,145,1518,0
0,133,1516,0
0,119,1513,0
0,105,1510,0
0,96,1509,0
0,97,1512,0
0,98,1517,0
0,96,1521,0
0,95,1525,0
0,94,1530,0
0,92,1533,0
0,89,1534,0
0,82,1531,0
0,72,1528,0
0,62,1524,0
0,51,1520,0
0,40,1515,0
0,37,1515,0
0,37,1516,0
0,32,1514,0
0,24,1507,0
0,13,1499,0
0,3,1491,0
0,-6,1484,0
0,-8,1479,0
0,-2,1480,0
0,8,1482,0
0,22,1486,0
0,36,1490,0
0,50,1494,0
0,63,1498,0
0,76,1502,0
0,89,1505,0
0,100,1509,0
0,118,1513,0
0,132,1516,0
0,139,1521,0
0,143,1526,0
0,147,1531,0
0,150,1536,0
0,154,1541,0
0,157,1546,0
0,161,1550,0
0,164,1555,0
0,167,1559,0
0,-550,1350,0
0,-500,1373,0
0,-462,1392,0
0,-434,1408,0
0,-412,1420,0
0,-403,1426,0
0,-395,1431,0
0,-387,1435,0
0,-381,1439,0
0,-375,1443,0
0,-369,1446,0
0,-365,1449,0
0,-360,1452,0
0,-357,1452,0
0,-350,1451,0
0,-338,1451,0
0,-297,1454,0
0,-262,1456,0
0,-236,1452,0
0,-216,1441,0
0,-204,1430,0
0,-184,1424,0
0,-165,1420,0
0,-155,1424,0
0,-108,1454,0
0,-61,1490,0
0,32,1570,0
0,87,1606,0
0,107,1607,0
0,108,1605,0
0,109,1601,0
0,109,1595,-8
0,109,1591,-8
0,111,1588,-16
0,119,1585,-16
0,127,1584,-16
0,135,1583,-24
0,142,1586,-16
0,144,1588,0
0,146,1588,-16
0,146,1587,-16
0,143,1585,-8
0,138,1584,-8
0,132,1582,0
0,126,1580,-8
0,119,1577,-8
0,112,1572,-8
0,104,1569,-16
0,98,1566,-16
0,90,1562,-24
0,82,1557,-32
0,74,1552,-32
0,66,1545,-32
0,62,1541,-16
0,57,1535,-32
0,53,1530,-16
0,51,1525,-8
0,46,1517,-8
0,40,1510,0
0,35,1503,8
0,29,1495,8
0,25,1488,-16
0,17,1482,16
0,8,1477,16
0,-3,1470,8
0,-14,1464,8
0,-47,1448,8
0,-83,1436,8
0,-116,1425,8
0,-144,1414,0
0,-169,1405,-8
0,-183,1402,-8
0,-186,1401,0
0,-186,1402,0
0,-188,1401,-8
0,-191,1398,-8
0,-192,1399,-8
0,-194,1396,-8
0,-194,1393,8
0,-191,1392,16
0,-188,1390,16
0,-184,1390,16
0,-178,1389,24
0,-173,1388,24
0,-168,1389,24
0,-164,1391,24
0,-161,1393,24
0,-162,1394,16
0,-165,1395,16
0,-168,1396,8
0,-171,1399,8
0,-174,1402,8
0,-176,1406,8
0,-178,1409,8
0,-180,1413,0
0,-183,1415,0
0,-185,1416,-8
0,-186,1418,0
0,-184,1422,-8
0,-182,1424,0
0,-181,1427,0
0,-182,1429,0
0,-184,1432,0
0,-187,1435,0
0,-190,1436,0
0,-191,1437,0
0,-192,1437,0
0,-193,1438,0
0,-194,1438,0
0,-196,1439,0
0,-196,1440,0
0,-197,1441,0
0,-197,1443,0
0,-197,1446,0
0,-198,1448,0
0,-197,1449,0
0,-195,1451,0
0,-192,1455,0
0,-188,1458,0
0,-184,1460,0
0,-181,1461,0
0,-180,1463,0
0,-181,1465,0
0,-185,1466,0
0,-188,1469,0
0,-190,1471,0
0,-192,1473,0
0,-192,1474,0
0,-193,1475,0
0,-194,1474,0
0,-194,1473,0
0,-195,1473,0
0,-195,1475,0
0,-198,1476,0
0,-197,1477,0
0,-198,1479,0
0,-199,1479,0
0,-201,1480,0
0,-201,1481,0
0,-202,1481,0
0,-203,1483,0
0,-202,1486,0
0,-199,1486,0
0,-192,1486,0
0,-186,1486,0
0,-182,1488,0
0,-182,1489,0
0,-181,1491,0
0,-179,1493,0
0,-176,1494,0
0,-174,1494,0
0,-171,1496,0
0,-168,1497,0
0,-170,1499,0
0,-175,1500,0
0,-179,1500,0
0,-183,1501,0
0,-185,1502,0
0,-185,1502,0
0,-187,1501,0
0,-188,1501,0
0,-187,1501,0
0,-186,1502,0
0,-187,1503,0
0,-188,1503,0
0,-189,1502,0
0,-190,1501,0
0,-191,1501,0
0,-191,1501,0
0,-192,1501,0
0,-194,1500,0
0,-195,1500,0
0,-196,1501,0
0,-195,1502,0
0,-190,1504,0
0,-185,1506,0
0,-181,1507,0
0,-181,1507,0
0,-187,1505,0
0,-193,1504,0
0,-205,1501,0
0,-215,1495,0
0,-222,1490,0
0,-225,1487,0
0,-224,1486,0
0,-222,1485,0
0,-220,1484,0
0,-218,1484,0
0,-217,1483,0
0,-215,1483,0
0,-215,1483,0
0,-215,1483,0
0,-217,1483,0
0,-219,1482,0
0,-221,1481,0
0,-224,1480,0
0,-224,1477,0
0,-224,1475,0
0,-225,1475,0
0,-223,1475,0
0,-221,1478,0
0,-219,1481,0
0,-218,1479,-8
0,-218,1478,-8
0,-219,1477,-8
0,-221,1477,0
0,-225,1474,0
0,-229,1472,-8
0,-230,1470,-8
0,-229,1468,0
0,-230,1463,-16
0,-232,1460,8
0,-236,1453,8
0,-240,1448,0
0,-243,1448,8
0,-247,1448,8
0,-251,1453,0
0,-250,1460,0
0,-250,1467,0
0,-253,1470,8
0,-258,1469,8
0,-264,1469,-8
0,-270,1468,0
0,-276,1463,16
0,-283,1460,0
0,-291,1454,16
0,-297,1451,0
0,-298,1454,0
0,-300,1456,0
0,-305,1456,0
0,-309,1454,0
0,-311,1455,0
0,-314,1456,0
0,-317,1458,0
0,-321,1461,0
0,-326,1464,0
0,-331,1465,0
0,-335,1467,0
0,-336,1471,0
0,-340,1471,0
0,-345,1467,0
0,-349,1465,0
0,-354,1464,0
0,-358,1466,0
0,-359,1466,0
0,-362,1464,0
0,-367,1461,0
0,-371,1460,0
0,-374,1457,8
0,-377,1454,0
0,-382,1450,0
0,-386,1448,0
0,-387,1446,0
0,-389,1444,0
0,-391,1443,0
0,-392,1444,0
0,-396,1446,0
0,-398,1446,0
0,-399,1447,0
0,-399,1448,0
0,-399,1449,0
0,-400,1446,8
0,-403,1441,0
0,-406,1431,-8
0,-407,1422,-8
0,-408,1419,0
0,-410,1419,0
0,-410,1422,0
0,-407,1425,0
0,-401,1431,0
0,-390,1442,0
0,-381,1452,8
0,-380,1457,0
0,-384,1459,8
0,-386,1460,8
0,-384,1461,8
0,-384,1461,0
0,-383,1463,0
0,-382,1465,0
0,-380,1464,0
0,-374,1463,16
0,-364,1465,0
0,-354,1467,0
0,-349,1468,8
0,-349,1471,0
0,-348,1473,0
0,-349,1475,0
0,-348,1477,0
0,-346,1481,0
0,-344,1485,0
0,-343,1494,0
0,-340,1502,0
0,-336,1506,0
0,-333,1509,0
0,-331,1512,0
0,-333,1514,0
0,-336,1515,0
0,-339,1514,0
0,-343,1512,0
0,-346,1510,0
0,-348,1509,0
0,-347,1509,0
0,-343,1508,0
0,-342,1505,0
0,-341,1502,0
0,-339,1500,0
0,-339,1500,0
0,-341,1501,0
0,-339,1502,0
0,-340,1504,0
0,-339,1509,0
0,-337,1515,0
0,-334,1520,0
0,-332,1526,0
0,-331,1527,0
0,-330,1528,0
0,-329,1528,0
0,-329,1529,0
0,-328,1529,0
0,-328,1529,0
0,-327,1530,0
0,-327,1530,0
0,-326,1530,0
0,-326,1531,0
0,-326,1525,0
0,-326,1518,0
0,-326,1512,0
0,-325,1505,0
0,-325,1499,0
0,-325,1493,0
0,-325,1487,0
0,-324,1485,0
0,-322,1484,0
0,-320,1484,0
0,-319,1483,0
0,-317,1482,0
0,-316,1482,0
0,-312,1487,0
0,-307,1493,0
0,-303,1499,0
0,-300,1501,0
0,-300,1504,0
0,-301,1507,0
0,-300,1508,0
0,-300,1511,0
0,-302,1516,0
0,-306,1521,0
0,-311,1526,0
0,-310,1532,0
0,-312,1539,0
0,-313,1546,0
0,-315,1552,0
0,-317,1558,0
0,-319,1559,0
0,-319,1559,0
0,-322,1562,0
0,-321,1569,0
0,-319,1578,0
0,-318,1587,0
0,-316,1596,0
0,-317,1599,0
0,-319,1593,0
0,-320,1586,0
0,-317,1583,0
0,-312,1581,0
0,-308,1578,0
0,-304,1576,0
0,-300,1573,0
0,-297,1571,0
0,-293,1569,0
0,-289,1566,0
0,-286,1564,0
0,-283,1562,0
0,-280,1561,0
0,-275,1561,0
0,-269,1562,0
0,-261,1563,0
0,-256,1564,0
0,-247,1563,0
0,-238,1561,0
0,-230,1558,0
0,-221,1555,0
0,-213,1552,0
0,-206,1549,0
0,-202,1549,0
0,-199,1549,0
0,-196,1549,0
0,-193,1550,0
0,-196,1547,0
0,-203,1540,0
0,-208,1529,0
0,-212,1522,0
0,-213,1517,0
0,-216,1513,0
0,-219,1511,0
0,-225,1508,0
0,-234,1505,0
0,-243,1504,0
0,-239,1506,0
0,-232,1510,0
0,-225,1515,0
0,-218,1519,0
0,-217,1522,0
0,-221,1526,0
0,-231,1531,0
0,-270,1545,0
0,-305,1557,0
0,-311,1557,0
0,-314,1555,0
0,-317,1553,0
0,-320,1552,0
0,-323,1550,0
0,-326,1548,0
0,-333,1549,0
0,-341,1551,0
0,-164,1003,0
0,-185,1073,0
0,-197,1123,0
0,-199,1142,0
0,-205,1167,0
0,-216,1188,0
0,-235,1217,-8
0,-253,1251,-8
0,-282,1304,-8
0,-304,1345,-16
0,-310,1358,-8
0,-307,1362,0
0,-310,1369,-8
0,-317,1379,-8
0,-322,1384,0
0,-323,1386,0
0,-324,1388,0
0,-325,1390,-8
0,-327,1393,-8
0,-329,1395,-8
0,-329,1398,-8
0,-329,1398,-8
0,-332,1402,-8
0,-333,1403,-8
0,-331,1401,0
0,-329,1399,0
0,-325,1395,0
0,-323,1393,0
0,-323,1391,0
0,-323,1390,0
0,-324,1389,8
0,-326,1390,16
0,-329,1391,8
0,-330,1392,0
0,-330,1393,8
0,-332,1394,8
0,-332,1395,8
0,-334,1397,8
0,-334,1396,0
0,-334,1395,0
0,-333,1393,0
0,-331,1392,0
0,-330,1392,0
0,-329,1390,0
0,-329,1390,0
0,-328,1393,8
0,-327,1400,8
0,-325,1404,0
0,-324,1410,8
0,-321,1415,-8
0,-318,1414,0
0,-315,1410,0
0,-311,1409,0
0,-310,1409,0
0,-309,1409,0
0,-306,1408,0
0,-304,1407,0
0,-302,1406,0
0,-300,1405,0
0,-299,1404,0
0,-298,1405,0
0,-294,1409,0
0,-290,1416,0
0,-287,1427,-8
0,-286,1435,0
0,-285,1438,0
0,-285,1438,0
0,-283,1438,0
0,-281,1437,0
0,-279,1436,0
0,-283,1433,0
0,-286,1435,0
0,-285,1448,0
0,-283,1464,0
0,-277,1476,0
0,-273,1487,0
0,-273,1495,0
0,-275,1501,0
0,-277,1506,0
0,-278,1511,0
0,-280,1517,0
0,-281,1521,0
0,-282,1526,0
0,-284,1531,0
0,-285,1535,0
0,-286,1540,0
0,-287,1544,0
0,-288,1548,0
0,-290,1551,0
0,-291,1555,0
0,-292,1559,0
0,-293,1562,0
0,-293,1562,0
0,-293,1562,0
0,-293,1562,0
0,-293,1562,0
0,-293,1562,0
0,-293,1562,0
0,-293,1562,0
0,-293,1562,0
0,-293,1562,0
0,-293,1562,0
0,-293,1562,0
0,-293,1562,0
0,-293,1562,0
0,-293,1562,0
0,-293,1562,0
0,-293,1562,0
0,-293,1562,0
0,-293,1562,0
0,-293,1562,0
0,-293,1562,0
0,-293,1562,0
0,-293,1562,0
0,-293,1562,0
0,-293,1562,0
0,-293,1562,0
0,-293,1562,0
0,-293,1562,0
0,-293,1562,0
0,-293,1562,0
0,-293,1562,0
0,-293,1562,0
0,-293,1562,0
0,-293,1562,0
0,-293,1562,0
0,-293,1562,0
0,-293,1562,0
0,-293,1562,0
0,-293,1562,0
0,-293,1562,0
0,-293,1562,0
0,-293,1562,0
0,-293,1562,0
0,-293,1562,0
0,-293,1562,0
0,-293,1562,0
0,-293,1562,0
0,-297,1564,0
0,-296,1564,0
0,-295,1564,0
0,-293,1561,0
0,-292,1559,0
0,-292,1556,0
0,-290,1548,0
0,-289,1537,0
0,-298,1504,0
0,-304,1480,0
0,-309,1458,0
0,-312,1448,-8
0,-313,1448,-8
0,-313,1451,-8
0,-312,1455,-8
0,-312,1456,0
0,-312,1454,0
0,-313,1450,0
0,-313,1447,0
0,-313,1448,0
0,-314,1450,0
0,-316,1452,0
0,-317,1453,0
0,-317,1452,0
0,-319,1452,0
0,-320,1457,0
0,-322,1461,0
0,-323,1461,0
0,-324,1462,0
0,-325,1465,0
0,-325,1466,0
0,-326,1467,-8
0,-327,1467,-8
0,-326,1465,-8
0,-325,1464,-16
0,-324,1461,-8
0,-324,1458,-8
0,-323,1454,-8
0,-322,1451,-8
0,-324,1447,0
0,-323,1445,-32
0,-317,1446,-24
0,-314,1446,0
0,-312,1444,0
0,-309,1443,-8
0,-307,1441,0
0,-307,1440,-8
0,-307,1439,0
0,-309,1437,-8
0,-309,1435,0
0,-307,1433,8
0,-304,1432,0
0,-303,1429,0
0,-302,1427,8
0,-300,1425,0
0,-298,1425,0
0,-297,1425,0
0,-294,1425,-8
0,-291,1423,0
0,-287,1421,-8
0,-284,1419,-8
0,-280,1416,-8
0,-274,1415,-8
0,-268,1414,-8
0,-264,1412,-8
0,-259,1409,-8
0,-256,1406,-8
0,-249,1404,0
0,-245,1402,-8
0,-243,1398,-8
0,-242,1392,0
0,-243,1388,8
0,-242,1386,0
0,-242,1384,0
0,-242,1382,0
0,-242,1379,8
0,-241,1377,0
0,-242,1375,8
0,-241,1373,8
0,-243,1370,0
0,-247,1369,0
0,-251,1368,0
0,-254,1368,0
0,-256,1370,0
0,-257,1371,0
0,-261,1371,0
0,-268,1370,0
0,-273,1369,0
0,-276,1367,-8
0,-278,1366,-8
0,-276,1364,-8
0,-276,1362,0
0,-274,1359,0
0,-275,1354,8
0,-277,1351,0
0,-281,1351,0
0,-284,1351,0
0,-289,1352,8
0,-294,1353,0
0,-299,1352,0
0,-301,1351,0
0,-302,1350,-8
0,-303,1349,-16
0,-306,1346,-8
0,-310,1342,0
0,-313,1336,-16
0,-315,1333,0
0,-315,1333,0
0,-317,1332,8
0,-318,1327,8
0,-315,1322,8
0,-310,1324,8
0,-307,1327,8
0,-303,1329,16
0,-299,1330,16
0,-296,1331,8
0,-293,1332,8
0,-294,1333,0
0,-295,1333,-8
0,-296,1334,-8
0,-294,1333,32
0,-295,1331,0
0,-294,1330,8
0,-294,1330,0
0,-294,1329,0
0,-293,1331,0
0,-291,1335,0
0,-290,1338,0
0,-289,1342,0
0,-290,1344,0
0,-291,1346,0
0,-291,1348,8
0,-286,1348,0
0,-280,1345,0
0,-277,1344,8
0,-275,1345,0
0,-274,1345,0
0,-273,1343,8
0,-270,1340,8
0,-272,1338,8
0,-272,1339,0
0,-273,1340,8
0,-274,1341,24
0,-276,1342,16
0,-279,1342,8
0,-287,1342,8
0,-292,1342,0
0,-299,1342,0
0,-302,1345,0
0,-304,1346,0
0,-305,1348,0
0,-302,1351,0
0,-298,1354,0
0,-296,1356,0
0,-298,1358,0
0,-297,1358,0
0,-297,1359,0
0,-297,1359,8
0,-297,1362,0
0,-293,1366,0
0,-291,1368,0
0,-295,1369,0
0,-300,1369,0
0,-305,1370,0
0,-309,1372,0
0,-314,1373,0
0,-315,1376,0
0,-314,1384,8
0,-314,1391,0
0,-322,1390,0
0,-332,1388,0
0,-340,1385,0
0,-346,1382,0
0,-349,1383,0
0,-354,1381,0
0,-355,1383,0
0,-358,1383,0
0,-357,1387,8
0,-356,1396,8
0,-356,1401,0
0,-358,1403,0
0,-360,1403,0
0,-362,1401,0
0,-362,1399,0
0,-363,1401,0
0,-363,1402,-8
0,-365,1402,0
0,-367,1402,-8
0,-371,1403,0
0,-372,1408,0
0,-372,1411,-8
0,-374,1412,0
0,-374,1416,8
0,-372,1425,0
0,-371,1431,0
0,-371,1440,-8
0,-372,1446,0
0,-372,1450,0
0,-369,1456,8
0,-367,1464,16
0,-367,1468,0
0,-367,1467,0
0,-366,1467,8
0,-368,1466,0
0,-372,1464,8
0,-372,1462,0
0,-375,1459,0
0,-379,1457,0
0,-383,1456,8
0,-385,1454,0
0,-388,1452,0
0,-392,1450,0
0,-395,1447,0
0,-392,1447,0
0,-390,1447,0
0,-387,1446,8
0,-385,1446,0
0,-384,1445,0
0,-380,1443,-8
0,-377,1443,0
0,-372,1444,0
0,-371,1444,8
0,-369,1444,0
0,-370,1444,8
0,-371,1442,8
0,-372,1441,0
0,-376,1438,-8
0,-379,1437,0
0,-381,1437,0
0,-381,1435,0
0,-381,1433,0
0,-383,1432,0
0,-383,1432,0
0,-382,1434,-8
0,-381,1434,0
0,-382,1434,-8
0,-382,1434,0
0,-385,1432,0
0,-389,1430,0
0,-392,1428,0
0,-393,1429,0
0,-393,1431,0
0,-394,1433,0
0,-394,1433,0
0,-394,1433,0
0,-394,1431,0
0,-394,1427,0
0,-392,1425,0
0,-390,1423,0
0,-389,1419,0
0,-391,1416,0
0,-391,1412,8
0,-390,1409,8
0,-390,1410,0
0,-389,1415,0
0,-387,1419,0
0,-384,1423,0
0,-382,1426,0
0,-386,1425,0
0,-390,1424,0
0,-397,1423,0
0,-403,1421,0
0,-401,1421,0
0,-390,1421,0
0,-370,1421,0
0,-303,1407,0
0,-244,1302,0
0,-125,1106,0
0,-8,960,0
0,60,836,0
0,101,726,0
0,135,639,8
0,164,564,8
0,189,504,0
0,211,460,0
0,234,420,0
0,252,387,0
0,267,375,0
0,296,351,0
0,307,332,0
0,315,330,0
0,320,328,0
0,324,326,0
0,327,325,0
0,299,313,0
0,197,285,0
0,106,285,0
0,102,283,0
0,111,278,0
0,132,278,0
0,160,283,0
0,192,285,0
0,217,283,0
0,235,288,0
0,249,280,0
0,264,279,0
0,276,280,0
0,280,280,0
0,287,273,0
0,291,261,0
0,288,278,0
0,168,452,0
0,61,628,0
0,-19,783,0
0,-103,917,0
0,-179,1033,0
0,-253,1106,0
0,-324,1164,0
0,-370,1224,0
0,-409,1277,0
0,-441,1323,0
0,-464,1346,0
0,-461,1242,0
0,-448,1083,0
0,-444,1092,0
0,-444,1101,0
0,-442,1116,0
0,-439,1131,0
0,-436,1144,0
0,-433,1155,0
0,-430,1166,0
0,-429,1177,0
0,-429,1185,0
0,-429,1191,0
0,-429,1198,0
0,-429,1205,-8
0,-428,1212,0
0,-423,1222,8
0,-420,1229,-24
0,-416,1236,0
0,-417,1242,0
0,-417,1247,0
0,-417,1253,0
0,-416,1257,0
0,-415,1262,0
0,-415,1267,0
0,-416,1273,0
0,-416,1278,0
0,-417,1282,0
0,-417,1288,0
0,-416,1294,0
0,-416,1299,-8
0,-416,1304,-8
0,-414,1307,-16
0,-413,1313,0
0,-414,1319,0
0,-416,1324,0
0,-416,1325,8
0,-414,1322,0
0,-409,1323,0
0,-408,1326,0
0,-407,1330,0
0,-409,1333,0
0,-412,1336,0
0,-416,1344,0
0,-421,1350,0
0,-422,1360,0
0,-421,1365,0
0,-421,1368,0
0,-422,1368,0
0,-425,1364,0
0,-430,1356,0
0,-434,1350,0
0,-430,1349,0
0,-426,1351,0
0,-425,1351,0
0,-422,1353,0
0,-417,1355,0
0,-414,1356,-8
0,-409,1358,-8
0,-404,1360,-8
0,-400,1360,-8
0,-396,1360,-8
0,-389,1362,0
0,-382,1363,0
0,-374,1365,0
0,-366,1367,0
0,-357,1369,0
0,-347,1370,0
0,-337,1371,0
0,-326,1371,-8
0,-317,1371,24
0,-307,1373,-8
0,-299,1375,8
0,-291,1375,0
0,-285,1376,8
0,-280,1376,0
0,-276,1377,8
0,-273,1377,0
0,-275,1380,16
0,-279,1382,8
0,-284,1383,8
0,-286,1385,0
0,-288,1388,0
0,-289,1392,8
0,-289,1399,0
0,-287,1404,-8
0,-287,1407,0
0,-289,1412,0
0,-294,1413,-16
0,-304,1411,0
0,-313,1410,0
0,-323,1407,8
0,-329,1403,0
0,-336,1398,8
0,-340,1396,0
0,-342,1394,0
0,-342,1396,8
0,-343,1401,0
0,-343,1404,0
0,-341,1407,8
0,-342,1409,0
0,-340,1411,8
0,-334,1416,0
0,-329,1420,0
0,-323,1421,0
0,-323,1423,0
0,-330,1420,0
0,-335,1418,0
0,-340,1416,0
0,-347,1410,0
0,-353,1407,0
0,-357,1405,0
0,-362,1400,0
0,-369,1393,0
0,-374,1388,0
0,-375,1383,0
0,-377,1381,0
0,-376,1386,0
0,-375,1390,0
0,-373,1394,0
0,-371,1398,0
0,-371,1400,0
0,-370,1400,0
0,-369,1398,0
0,-369,1399,0
0,-370,1401,0
0,-373,1405,0
0,-379,1408,0
0,-384,1408,0
0,-384,1408,0
0,-382,1408,0
0,-380,1409,0
0,-376,1406,0
0,-376,1399,0
0,-381,1388,0
0,-388,1375,0
0,-394,1364,0
0,-412,1331,0
0,-423,1308,0
0,-424,1309,0
0,-427,1312,0
0,-434,1314,0
0,-442,1313,0
0,-446,1311,0
0,-446,1312,0
0,-445,1314,0
0,-446,1316,0
0,-448,1315,0
0,-451,1311,0
0,-455,1307,0
0,-458,1304,0
0,-460,1304,0
0,-462,1303,0
0,-461,1298,0
0,-466,1289,0
0,-467,1280,0
0,-461,1276,0
0,-451,1283,8
0,-443,1292,0
0,-435,1302,8
0,-425,1312,8
0,-409,1338,8
0,-403,1346,8
0,-397,1357,8
0,-390,1364,8
0,-384,1369,8
0,-379,1373,8
0,-376,1375,8
0,-376,1379,0
0,-377,1387,0
0,-374,1398,8
0,-368,1408,8
0,-362,1418,8
0,-357,1424,8
0,-351,1433,8
0,-343,1442,0
0,-324,1462,8
0,-322,1465,0
0,-322,1461,0
0,-322,1459,0
0,-319,1463,0
0,-314,1468,0
0,-311,1470,0
0,-309,1474,0
0,-304,1480,0
0,-300,1483,0
0,-298,1487,0
0,-297,1491,0
0,-297,1495,0
0,-298,1500,0
0,-296,1505,8
0,-293,1510,0
0,-288,1514,0
0,-285,1516,0
0,-282,1522,0
0,-279,1530,8
0,-277,1539,8
0,-276,1544,8
0,-275,1547,8
0,-275,1550,8
0,-276,1554,8
0,-276,1562,8
0,-277,1567,8
0,-277,1571,8
0,-273,1577,0
0,-271,1581,0
0,-267,1585,0
0,-268,1586,0
0,-270,1585,0
0,-270,1586,0
0,-268,1588,-8
0,-267,1590,0
0,-263,1589,0
0,-260,1589,-8
0,-256,1593,-8
0,-251,1598,-8
0,-242,1603,-8
0,-235,1608,-8
0,-228,1612,-16
0,-225,1612,-24
0,-226,1610,-24
0,-230,1606,-16
0,-235,1600,-8
0,-238,1593,0
0,-242,1589,0
0,-248,1584,8
0,-254,1578,0
0,-258,1574,0
0,-260,1569,8
0,-263,1564,0
0,-264,1561,8
0,-262,1559,0
0,-262,1557,0
0,-263,1560,0
0,-263,1561,8
0,-264,1559,8
0,-269,1556,8
0,-278,1552,8
0,-285,1549,8
0,-285,1548,8
0,-286,1548,8
0,-285,1547,16
0,-284,1547,0
0,-284,1544,0
0,-285,1544,0
0,-289,1546,0
0,-292,1549,0
0,-284,1550,0
0,-278,1551,0
0,-273,1555,0
0,-274,1559,0
0,-276,1559,0
0,-277,1557,0
0,-275,1555,0
0,-270,1557,0
0,-263,1562,0
0,-258,1565,0
0,-255,1567,0
0,-254,1567,0
0,-258,1565,0
0,-264,1560,0
0,-268,1559,8
0,-268,1562,0
0,-268,1565,0
0,-266,1570,0
0,-267,1573,0
0,-271,1573,0
0,-272,1573,0
0,-272,1573,0
0,-275,1567,0
0,-278,1558,0
0,-264,1519,0
0,-214,1396,0
0,-117,1189,0
0,-42,1010,0
0,-117,1470,8
0,-126,1465,0
0,-135,1462,8
0,-143,1459,0
0,-150,1455,0
0,-156,1450,-8
0,-161,1446,0
0,-167,1443,-8
0,-174,1438,0
0,-184,1435,0
0,-197,1431,8
0,-231,1421,0
0,-252,1410,0
0,-260,1408,8
0,-264,1406,-8
0,-268,1404,-8
0,-272,1404,0
0,-270,1402,0
0,-268,1402,0
0,-268,1402,0
0,-268,1401,0
0,-265,1402,-8
0,-264,1403,0
0,-260,1404,-16
0,-256,1403,0
0,-254,1400,0
0,-255,1399,0
0,-257,1397,0
0,-259,1392,8
0,-258,1388,0
0,-259,1386,16
0,-261,1386,16
0,-263,1386,8
0,-267,1387,16
0,-270,1389,0
0,-273,1390,0
0,-281,1393,0
0,-284,1399,0
0,-284,1401,0
0,-283,1400,-8
0,-285,1400,0
0,-286,1401,8
0,-288,1403,8
0,-291,1404,16
0,-295,1406,8
0,-296,1407,8
0,-294,1406,8
0,-291,1408,8
0,-287,1407,0
0,-281,1402,0
0,-279,1400,8
0,-275,1393,0
0,-256,1356,0
0,-199,1253,0
0,-93,1073,0
0,-3,918,-8
0,-473,1485,8
0,-478,1489,8
0,-483,1494,8
0,-494,1499,0
0,-499,1504,0
0,-503,1508,0
0,-507,1513,0
0,-512,1517,0
0,-516,1521,0
0,-517,1526,0
0,-517,1531,0
0,-515,1537,0
0,-512,1544,0
0,-510,1551,0
0,-506,1552,-8
0,-502,1551,-16
0,-501,1547,-8
0,-500,1542,-8
0,-495,1543,-8
0,-491,1541,0
0,-488,1540,0
0,-487,1540,24
0,-487,1540,24
0,-485,1539,8
0,-484,1533,0
0,-482,1532,8
0,-480,1531,8
0,-476,1526,-8
0,-472,1521,-8
0,-468,1516,0
0,-464,1512,0
0,-461,1509,0
0,-455,1508,0
0,-451,1505,0
0,-448,1503,0
0,-445,1500,0
0,-442,1497,0
0,-439,1494,0
0,-437,1492,0
0,-433,1489,0
0,-430,1484,0
0,-427,1477,0
0,-425,1471,0
0,-423,1464,0
0,-420,1458,0
0,-418,1453,0
0,-416,1447,0
0,-414,1442,0
0,-412,1436,0
0,-410,1431,0
0,-408,1426,0
0,-406,1422,0
0,-405,1417,0
0,-403,1413,0
0,-401,1409,0
0,-400,1405,0
0,-399,1402,0
0,-399,1399,0
0,-394,1395,0
0,-386,1392,0
0,-379,1388,0
0,-372,1384,0
0,-371,1382,0
0,-373,1379,0
0,-374,1377,0
0,-376,1375,0
0,-377,1372,0
0,-378,1370,0
0,-380,1368,0
0,-381,1366,0
0,-382,1364,0
0,-383,1363,0
0,-385,1361,0
0,-386,1359,0
0,-387,1358,0
0,-388,1356,0
0,-383,1356,0
0,-375,1356,0
0,-368,1356,0
0,-362,1357,0
0,-355,1357,0
0,-349,1357,0
0,-343,1358,0
0,-337,1358,0
0,-332,1358,0
0,-326,1358,0
0,-321,1359,0
0,-320,1360,0
0,-321,1362,0
0,-322,1365,0
0,-322,1367,0
0,-323,1369,0
0,-324,1370,0
0,-324,1372,0
0,-325,1374,0
0,-326,1376,0
0,-326,1377,0
0,-327,1379,0
0,-327,1380,0
0,-328,1382,0
0,-328,1383,0
0,-329,1385,0
0,-329,1386,0
0,-329,1386,0
0,-329,1386,0
0,-329,1386,0
0,-329,1386,0
0,-329,1386,0
0,-329,1386,0
0,-329,1386,0
0,-329,1386,0
0,-329,1386,0
0,-329,1386,0
0,-329,1386,0
0,-329,1386,0
0,-329,1386,0
0,-329,1386,0
0,-329,1386,0
0,-329,1386,0
0,-329,1386,0
0,-329,1386,0
0,-329,1386,0
0,-329,1386,0
0,-329,1386,0
0,-329,1386,0
0,-329,1386,0
0,-329,1386,0
0,-329,1386,0
0,-329,1386,0
0,-329,1386,0
0,-329,1386,0
0,-329,1386,0
0,-329,1386,0
0,-329,1386,0
0,-329,1386,0
0,-329,1386,0
0,-329,1386,0
0,-329,1386,0
0,-329,1386,0
0,-329,1386,0
0,-329,1386,0
0,-329,1386,0
0,-329,1386,0
0,-329,1386,0
0,-329,1386,0
0,-329,1386,0
0,-329,1386,0
0,-329,1386,0
0,-329,1386,0
0,-329,1386,0
0,-329,1386,0
0,-329,1386,0
0,-329,1386,0
0,-329,1386,0
0,-329,1386,0
0,-329,1386,0
0,-329,1386,0
0,-329,1386,0
0,-329,1386,0
0,-329,1386,0
0,-329,1386,0
0,-329,1386,0
0,-329,1386,0
0,-329,1386,0
0,-329,1386,0
0,-329,1386,0
0,-329,1386,0
0,-329,1386,0
0,-329,1386,0
0,-329,1386,0
0,-329,1386,0
0,-329,1386,0
0,-329,1386,0
0,-329,1386,0
0,-329,1386,0
0,-329,1386,0
0,-329,1386,0
0,-14,633,0
0,-76,774,0
0,-131,892,0
0,-165,987,0
0,-191,1051,0
0,-219,1088,0
0,-246,1121,0
0,-252,1138,0
0,-255,1157,0
0,-257,1175,0
0,-258,1199,8
0,-262,1216,0
0,-270,1226,0
0,-274,1240,0
0,-275,1254,0
0,-273,1271,0
0,-271,1277,0
0,-273,1287,0
0,-276,1306,0
0,-277,1310,0
0,-280,1313,0
0,-282,1315,8
0,-285,1317,0
0,-290,1319,0
0,-296,1321,0
0,-301,1323,0
0,-303,1324,0
0,-304,1329,0
0,-304,1335,-8
0,-303,1339,-8
0,-300,1340,0
0,-298,1339,-8
0,-294,1340,0
0,-289,1338,0
0,-287,1337,0
0,-285,1338,0
0,-286,1338,0
0,-285,1337,0
0,-282,1339,0
0,-278,1341,0
0,-277,1342,0
0,-276,1343,0
0,-279,1341,0
0,-284,1343,0
0,-285,1346,0
0,-285,1349,0
0,-283,1355,0
0,-279,1363,0
0,-276,1371,0
0,-273,1378,0
0,-275,1380,0
0,-275,1383,0
0,-276,1385,0
0,-279,1382,0
0,-284,1382,0
0,-287,1383,0
0,-288,1385,0
0,-292,1386,8
0,-296,1387,8
0,-300,1388,8
0,-297,1387,0
0,-292,1388,0
0,-284,1389,0
0,-281,1394,0
0,-280,1400,0
0,-276,1410,0
0,-269,1421,0
0,-264,1431,0
0,-258,1441,0
0,-252,1450,0
0,-247,1459,0
0,12,819,-16
0,-17,917,-16
0,-48,968,-24
0,-88,1017,-24
0,-156,1094,-24
0,-196,1151,-16
0,-204,1175,-8
0,-203,1189,-8
0,-200,1191,0
0,-200,1194,0
0,-202,1198,0
0,-204,1202,8
0,-207,1205,0
0,-209,1209,8
0,-214,1215,16
0,-218,1224,16
0,-223,1231,8
0,-231,1239,8
0,-238,1245,0
0,-244,1250,0
0,-248,1255,0
0,-250,1261,-8
0,-254,1267,0
0,-258,1271,0
0,-260,1275,0
0,-262,1279,0
0,-265,1282,8
0,-269,1283,0
0,-274,1288,-8
0,-277,1293,-8
0,-277,1298,-8
0,-276,1302,-8
0,-274,1306,-8
0,-273,1308,-8
0,-269,1310,-8
0,-265,1312,-8
0,-261,1315,-16
0,-256,1318,-16
0,-252,1319,-8
0,-247,1321,-8
0,-242,1321,0
0,-241,1321,-8
0,-237,1321,8
0,-231,1322,0
0,-224,1325,8
0,-218,1327,8
0,-210,1330,16
0,-204,1333,8
0,-198,1337,8
0,-193,1338,0
0,-191,1339,0
0,-187,1341,8
0,-185,1344,8
0,-183,1347,8
0,-178,1351,8
0,-174,1356,8
0,-168,1360,8
0,-164,1363,8
0,-159,1368,8
0,-154,1372,0
0,-145,1376,8
0,-139,1380,0
0,-137,1380,0
0,-137,1380,0
0,-136,1380,0
0,-134,1381,0
0,-135,1379,0
0,-134,1379,0
0,-127,1381,8
0,-121,1384,0
0,-116,1388,0
0,-112,1391,0
0,-108,1394,0
0,-105,1398,0
0,-102,1401,0
0,-100,1405,0
0,-94,1410,0
0,-89,1414,0
0,-89,1415,0
0,-88,1420,0
0,-88,1425,0
0,-83,1426,0
0,-79,1430,0
0,-74,1431,0
0,-71,1433,-8
0,-64,1433,-8
0,-60,1432,-8
0,-55,1427,0
0,-53,1427,-8
0,-54,1426,-8
0,-52,1426,-16
0,-50,1424,0
0,-44,1416,0
0,-38,1408,0
0,-33,1405,16
0,-34,1402,0
0,-32,1402,16
0,-29,1403,8
0,-22,1405,16
0,-15,1408,8
0,-7,1413,8
0,-1,1419,8
0,3,1423,16
0,9,1427,16
0,15,1431,8
0,19,1435,8
0,19,1437,0
0,22,1436,0
0,24,1435,0
0,26,1431,0
0,28,1433,0
0,30,1438,0
0,33,1439,0
0,36,1441,0
0,36,1442,0
0,36,1443,0
0,41,1443,0
0,47,1444,0
0,52,1446,0
0,52,1452,0
0,50,1457,0
0,49,1460,0
0,50,1463,0
0,51,1466,0
0,53,1471,0
0,56,1475,0
0,60,1477,0
0,62,1480,0
0,64,1483,0
0,66,1486,0
0,74,1489,0
0,80,1493,0
0,81,1497,0
0,81,1499,0
0,84,1499,0
0,91,1496,0
0,98,1493,0
0,103,1493,0
0,107,1494,0
0,109,1497,0
0,110,1500,0
0,108,1503,0
0,104,1504,0
0,97,1503,0
0,89,1505,0
0,85,1507,0
0,84,1510,0
0,84,1512,0
0,84,1516,0
0,84,1520,0
0,84,1524,0
0,84,1528,0
0,84,1532,0
0,83,1534,0
0,83,1535,0
0,84,1535,0
0,88,1533,0
0,93,1529,0
0,98,1525,0
0,103,1521,0
0,107,1517,0
0,112,1513,0
0,112,1515,0
0,110,1520,0
0,109,1525,0
0,106,1532,0
0,105,1538,0
0,103,1545,0
0,101,1551,0
0,100,1555,0
0,101,1558,0
0,100,1560,0
0,100,1561,0
0,100,1563,0
0,99,1566,0
0,99,1568,0
0,98,1571,0
0,98,1574,0
0,97,1576,0
0,99,1573,0
0,105,1567,0
0,113,1556,0
0,126,1523,0
0,162,1405,0
0,224,1201,0
0,280,1037,0
0,330,904,0
0,350,773,0
0,340,679,0
0,318,596,0
0,298,539,0
0,281,489,0
0,263,458,0
0,244,432,0
0,223,591,0
0,195,769,0
0,187,857,0
0,183,938,0
0,180,1074,0
0,179,1177,0
0,179,1219,0
0,182,1257,0
0,188,1294,0
0,194,1328,0
0,190,1357,0
0,193,1380,0
0,195,1386,0
0,196,1391,0
0,196,1396,0
0,194,1400,0
0,193,1404,0
0,192,1407,0
0,197,1410,0
0,199,1411,0
0,201,1412,0
0,204,1413,0
0,206,1414,0
0,202,1416,0
0,199,1419,0
0,196,1420,0
0,194,1423,0
0,193,1426,0
0,192,1430,0
0,190,1434,0
0,188,1437,0
0,186,1442,0
0,184,1446,0
0,182,1451,0
0,179,1456,0
0,177,1460,0
0,176,1463,0
0,174,1465,0
0,172,1470,0
0,170,1474,0
0,169,1479,0
0,168,1485,0
0,168,1491,0
0,166,1496,0
0,165,1501,0
0,165,1510,0
0,164,1518,0
0,160,1519,0
0,156,1517,0
0,152,1516,0
0,148,1514,0
0,143,1515,0
0,136,1514,0
0,130,1514,0
0,126,1514,0
0,122,1514,0
0,118,1514,0
0,114,1516,0
0,108,1519,0
0,102,1523,0
0,96,1526,0
0,91,1528,0
0,89,1528,0
0,88,1529,0
0,86,1531,0
0,84,1531,0
0,83,1532,0
0,81,1533,0
0,80,1535,0
0,80,1535,0
0,80,1535,0
0,81,1536,0
0,81,1537,0
0,81,1538,0
0,79,1540,0
0,76,1541,0
0,71,1542,0
0,67,1539,0
0,65,1536,0
0,62,1532,0
0,60,1529,0
0,58,1526,0
0,50,1525,0
0,45,1524,0
0,44,1522,0
0,43,1520,0
0,40,1518,0
0,36,1515,0
0,33,1513,0
0,30,1510,0
0,27,1508,0
0,23,1505,0
0,21,1503,0
0,18,1501,0
0,15,1499,0
0,12,1497,0
0,10,1495,0
0,7,1493,0
0,5,1491,0
0,3,1489,0
0,0,1488,0
0,-1,1486,0
0,-1,1486,0
0,-1,1486,0
0,7,1488,0
0,15,1491,0
0,25,1496,0
0,37,1501,0
0,48,1506,0
0,59,1510,0
0,64,1514,0
0,67,1514,0
0,67,1514,0
0,67,1514,0
0,67,1514,0
0,64,1512,0
0,61,1508,0
0,57,1503,0
0,66,1466,0
0,97,1349,-8
0,151,1152,-8