0,353,418,0
0,352,417,0
0,351,413,0
0,350,410,0
0,349,407,0
0,347,404,0
0,347,395,0
0,348,386,0
0,347,382,0
0,346,379,0
0,345,379,0
0,348,384,0
0,351,386,0
0,350,383,0
0,346,371,0
0,341,363,0
0,339,357,0
0,339,351,0
0,341,350,0
0,340,343,0
0,338,341,0
0,333,340,0
0,331,343,0
0,329,346,0
0,326,348,0
0,323,352,0
0,326,360,0
0,331,370,0
0,341,381,0
0,338,379,0
0,335,378,0
0,333,376,0
0,333,375,0
0,332,374,0
0,330,362,0
0,332,358,0
0,336,362,0
0,339,367,0
0,343,368,0
0,347,356,0
0,347,351,0
0,344,351,0
0,341,349,0
0,330,368,0
0,316,392,0
0,319,408,0
0,320,423,0
0,330,425,0
0,325,423,0
0,331,412,0
0,331,401,0
0,329,395,0
0,326,398,0
0,316,392,0
0,286,427,0
0,274,458,0
0,265,486,0
0,252,528,0
0,240,566,0
0,238,566,0
0,240,558,0
0,240,550,0
0,240,545,0
0,241,540,0
0,235,553,0
0,234,565,0
0,235,578,8
0,233,583,8
0,230,585,8
0,231,587,8
0,232,582,8
0,235,578,8
0,238,574,16
0,241,573,16
0,241,574,32
0,229,577,24
0,217,580,24
0,221,582,16
0,223,584,8
0,221,589,-8
0,217,599,-8
0,212,610,0
0,202,623,0
0,179,659,0
0,180,665,0
0,183,666,0
0,184,667,0
0,182,671,8
0,178,679,0
0,176,687,0
0,174,693,0
0,177,699,0
0,182,699,0
0,186,699,0
0,190,695,0
0,195,694,0
0,202,694,0
0,209,698,0
0,215,700,-8
0,220,699,-8
0,221,700,0
0,215,701,0
0,210,701,0
0,210,704,0
0,212,705,0
0,214,706,0
0,218,707,0
0,222,707,0
0,224,712,0
0,227,716,0
0,230,717,0
0,233,714,0
0,238,707,0
0,243,699,0
0,248,691,0
0,254,684,0
0,259,677,0
0,265,669,0
0,271,665,0
0,276,662,0
0,279,661,0
0,282,658,0
0,283,656,0
0,282,653,0
0,282,656,0
0,284,667,0
0,285,674,0
0,288,671,0
0,292,665,0
0,297,661,0
0,302,657,0
0,306,652,0
0,310,650,0
0,311,647,0
0,312,645,0
0,312,642,0
0,313,639,0
0,317,633,0
0,320,630,-16
0,322,623,0
0,321,620,0
0,323,613,-8
0,323,610,0
0,326,604,-8
0,328,601,0
0,329,595,0
0,330,593,0
0,327,593,0
0,320,601,0
0,314,608,0
0,308,619,0
0,304,631,0
0,294,680,0
0,295,723,0
0,303,744,0
0,309,752,0
0,309,748,0
0,306,741,0
0,304,735,0
0,303,728,0
0,301,722,0
0,297,716,0
0,293,711,0
0,286,709,0
0,282,705,0
0,281,702,0
0,279,699,0
0,278,698,0
0,272,699,0
0,266,700,0
0,253,699,0
0,243,697,0
0,237,694,0
0,234,690,0
0,233,686,0
0,231,682,0
0,231,679,0
0,231,678,0
0,233,677,0
0,238,676,0
0,243,676,8
0,247,673,8
0,252,670,0
0,259,663,0
0,265,656,0
0,270,649,0
0,274,642,0
0,278,635,0
0,282,627,0
0,287,622,0
0,288,615,0
0,290,609,0
0,292,604,0
0,295,598,0
0,299,592,0
0,303,587,0
0,308,581,0
0,310,577,0
0,311,572,0
0,311,566,0
0,307,559,0
0,306,551,0
0,306,545,0
0,306,543,0
0,308,542,0
0,310,542,0
0,314,544,0
0,321,543,0
0,328,540,0
0,332,536,0
0,339,534,0
0,341,532,0
0,338,532,0
0,334,531,0
0,326,530,0
0,320,529,0
0,315,531,0
0,310,537,0
0,304,545,0
0,301,557,0
0,304,569,0
0,307,578,0
0,308,582,0
0,306,586,0
0,301,588,0
0,298,587,0
0,299,585,0
0,298,585,0
0,297,585,0
0,294,587,8
0,295,587,8
0,295,588,0
0,299,585,8
0,302,585,0
0,303,592,0
0,296,606,0
0,288,619,0
0,280,629,0
0,280,630,0
0,279,630,0
0,278,630,0
0,277,630,0
0,271,633,-8
0,268,634,0
0,265,632,0
0,265,629,0
0,269,626,0
0,274,624,0
0,278,623,0
0,277,633,0
0,275,644,0
0,273,643,0
0,274,639,0
0,275,637,0
0,276,636,0
0,276,634,0
0,279,628,0
0,285,622,0
0,293,620,0
0,301,618,0
0,309,617,0
0,315,616,0
0,322,612,0
0,328,607,0
0,333,601,0
0,337,594,0
0,340,586,0
0,342,578,0
0,344,573,0
0,346,569,0
0,349,564,0
0,351,561,0
0,353,559,0
0,355,557,0
0,357,553,0
0,358,548,0
0,361,544,0
0,364,544,0
0,369,541,0
0,370,538,0
0,370,536,0
0,369,535,0
0,369,532,0
0,370,528,0
0,372,525,0
0,373,523,0
0,375,521,0
0,377,520,0
0,378,519,0
0,379,518,0
0,379,519,0
0,381,521,0
0,381,522,0
0,381,523,0
0,380,520,0
0,379,517,0
0,378,514,0
0,378,511,0
0,379,507,0
0,380,504,0
0,382,502,0
0,383,500,0
0,384,496,0
0,386,494,0
0,387,492,0
0,388,492,0
0,388,492,0
0,388,491,0
0,387,491,0
0,385,487,0
0,382,479,0
0,379,472,0
0,380,465,0
0,382,454,0
0,371,451,0
0,352,455,0
0,320,466,0
0,293,473,0
0,294,479,0
0,301,480,0
0,308,479,0
0,316,477,0
0,320,480,0
0,325,484,0
0,327,486,0
0,327,487,0
0,327,487,0
0,328,484,0
0,331,484,8
0,333,485,0
0,336,484,0
0,338,484,0
0,341,486,0
0,343,491,0
0,343,503,0
0,344,513,0
0,343,529,0
0,340,544,0
0,337,553,0
0,337,555,0
0,341,555,0
0,347,553,0
0,352,553,0
0,355,554,0
0,357,552,0
0,359,551,8
0,359,554,0
0,356,567,0
0,352,582,0
0,357,586,0
0,364,578,0
0,370,571,0
0,375,565,0
0,378,559,0
0,380,555,0
0,381,551,0
0,382,549,0
0,382,546,0
0,383,542,0
0,379,538,0
0,378,535,0
0,379,533,0
0,384,533,0
0,389,533,0
0,393,534,0
0,397,535,0
0,399,534,0
0,399,532,0
0,400,531,0
0,400,529,0
0,399,527,0
0,398,526,0
0,399,526,0
0,404,529,0
0,407,533,0
0,410,534,0
0,412,532,8
0,412,531,0
0,412,530,0
0,412,527,0
0,413,525,-8
0,413,524,0
0,412,523,0
0,412,521,8
0,411,520,0
0,410,518,8
0,409,517,0
0,409,516,0
0,406,514,0
0,402,511,0
0,398,507,0
0,398,500,0
0,400,494,0
0,404,491,0
0,406,491,0
0,405,491,0
0,404,492,0
0,405,491,0
0,407,487,-8
0,408,485,0
0,408,482,0
0,408,481,0
0,407,483,0
0,406,484,0
0,408,482,0
0,406,482,0
0,403,482,0
0,400,483,0
0,398,482,0
0,395,482,0
0,389,485,-8
0,386,489,0
0,382,492,-8
0,381,493,0
0,380,494,0
0,378,496,-8
0,378,494,24
0,378,488,8
0,380,486,-8
0,383,482,-8
0,386,480,0
0,390,491,0
0,395,503,8
0,395,517,0
0,397,528,0
0,398,533,0
0,397,536,0
0,399,532,0
0,400,531,0
0,399,532,0
0,401,531,0
0,404,529,0
0,406,527,0
0,408,526,0
0,412,524,0
0,416,518,0
0,419,516,0
0,420,516,0
0,418,515,0
0,414,514,0
0,411,513,0
0,409,513,0
0,407,513,0
0,406,514,0
0,405,515,0
0,405,515,0
0,406,514,0
0,406,514,0
0,404,514,0
0,401,514,0
0,399,512,0
0,399,511,0
0,398,510,-8
0,398,508,0
0,398,505,0
0,399,503,0
0,400,501,0
0,403,500,0
0,408,500,0
0,412,497,0
0,410,496,0
0,407,496,0
0,403,496,0
0,399,496,0
0,399,498,0
0,399,501,-8
0,399,500,-16
0,398,498,-24
0,395,494,-24
0,392,493,0
0,389,488,-32
0,385,481,-32
0,381,475,-24
0,378,468,-16
0,376,467,0
0,375,463,8
0,371,444,16
0,365,432,24
0,352,425,24
0,342,417,32
0,343,401,32
0,341,396,32
0,340,398,24
0,344,402,24
0,351,408,16
0,356,423,8
0,360,433,8
0,368,448,0
0,371,451,0
0,373,457,0
0,374,460,0
0,374,462,0
0,374,462,0
0,373,459,0
0,371,459,0
0,369,458,-8
0,368,459,0
0,368,460,-8
0,368,458,-8
0,366,460,-8
0,365,460,-8
0,364,459,-8
0,367,458,0
0,367,455,-8
0,367,455,0
0,363,459,0
0,360,461,0
0,362,461,0
0,365,459,0
0,366,458,0
0,364,456,0
0,361,455,0
0,359,457,0
0,357,455,0
0,351,451,0
0,351,447,0
0,355,447,0
0,360,446,0
0,363,445,0
0,364,441,0
0,365,439,0
0,366,440,0
0,367,442,0
0,367,445,0
0,365,446,0
0,364,446,0
0,365,444,0
0,368,442,0
0,370,439,0
0,368,433,0
0,366,430,0
0,364,428,0
0,363,425,0
0,364,419,0
0,362,409,0
0,370,410,0
0,371,411,0
0,367,409,0
0,363,408,0
0,354,413,0
0,339,411,0
0,318,399,0
0,295,395,0
0,278,390,0
0,254,402,0
0,242,414,0
0,237,418,0
0,241,414,0
0,250,411,0
0,262,408,0
0,279,407,0
0,301,403,0
0,312,397,0
0,316,396,0
0,315,399,0
0,314,400,0
0,314,401,0
0,314,402,0
0,315,402,0
0,316,403,0
0,315,403,0
0,315,403,0
0,316,402,0
0,319,402,0
0,319,406,0
0,317,412,0
0,316,412,0
0,315,409,0
0,315,406,0
0,316,404,0
0,316,412,0
0,320,417,0
0,323,420,0
0,320,418,0
0,316,416,0
0,311,414,0
0,304,410,0
0,299,410,0
0,301,410,0
0,307,411,0
0,309,412,0
0,309,414,0
0,308,415,0
0,304,414,0
0,304,415,0
0,304,417,0
0,303,423,0
0,302,427,0
0,302,432,0
0,301,438,0
0,300,438,0
0,298,436,0
0,295,434,0
0,292,430,0
0,290,427,0
0,291,424,0
0,293,420,0
0,295,413,8
0,298,409,0
0,301,410,0
0,303,408,0
0,304,409,0
0,307,412,0
0,311,413,0
0,315,412,0
0,319,410,0
0,324,408,0
0,329,406,0
0,334,405,0
0,338,404,0
0,344,403,0
0,350,404,0
0,349,420,0
0,348,438,0
0,347,452,0
0,349,460,8
0,352,462,8
0,354,459,8
0,355,457,8
0,354,457,8
0,356,455,8
0,356,453,8
0,357,452,8
0,358,454,0
0,359,461,0
0,360,468,0
0,362,474,0
0,366,482,0
0,368,488,0
0,371,491,0
0,370,488,-8
0,368,487,0
0,366,485,-8
0,364,487,0
0,361,496,0
0,360,504,0
0,359,506,0
0,356,512,0
0,348,525,0
0,340,537,0
0,337,536,-8
0,339,535,0
0,339,530,0
0,341,527,0
0,344,530,0
0,348,531,0
0,356,530,0
0,361,530,0
0,365,529,0
0,366,524,0
0,366,517,0
0,366,512,0
0,366,509,0
0,367,505,0
0,369,503,0
0,369,502,0
0,365,502,0
0,362,500,0
0,365,496,0
0,366,491,0
0,367,483,0
0,370,479,0
0,370,472,-8
0,370,471,0
0,372,467,8
0,375,464,0
0,375,459,0
0,368,452,0
0,352,448,0
0,345,444,0
0,348,436,0
0,355,428,0
0,361,413,0
0,368,405,0
0,372,398,0
0,374,395,0
0,375,394,0
0,375,396,0
0,374,399,0
0,376,400,0
0,381,398,0
0,389,398,0
0,398,401,0
0,410,395,0
0,427,388,0
0,436,389,0
0,438,394,0
0,436,395,0
0,436,396,0
0,435,393,0
0,431,391,0
0,430,389,0
0,431,388,0
0,428,393,0
0,426,396,0
0,425,398,0
0,424,399,0
0,425,398,0
0,429,395,0
0,432,394,0
0,434,395,0
0,435,395,0
0,435,395,0
0,435,396,0
0,436,395,0
0,437,394,0
0,437,391,0
0,435,388,0
0,432,386,0
0,431,385,0
0,431,386,0
0,431,387,0
0,431,387,0
0,431,385,0
0,430,383,0
0,430,381,0
0,431,379,0
0,433,376,0
0,437,374,0
0,443,371,0
0,442,369,0
0,440,365,0
0,437,365,0
0,435,365,0
0,433,364,0
0,430,363,0
0,428,362,0
0,428,363,0
0,431,364,0
0,432,361,0
0,432,359,0
0,429,358,0
0,414,358,0
0,399,354,0
0,394,352,8
0,403,341,0
0,412,342,0
0,411,337,0
0,413,337,0
0,411,332,0
0,407,329,0
0,402,328,0
0,397,321,0
0,399,329,0
0,406,337,0
0,411,348,0
0,414,348,0
0,423,350,0
0,433,355,0
0,444,359,0
0,450,365,0
0,440,375,0
0,433,384,0
0,431,386,0
0,431,387,0
0,432,388,0
0,432,388,0
0,431,388,0
0,427,387,0
0,421,386,0
0,415,383,0
0,407,380,0
0,394,370,0
0,398,360,0
0,407,354,0
0,414,349,0
0,415,352,0
0,388,344,0
0,380,338,0
0,389,335,0
0,400,335,0
0,410,336,0
0,419,339,0
0,425,339,0
0,430,347,0
0,434,364,0
0,433,370,0
0,430,377,0
0,427,370,0
0,425,372,0
0,426,371,0
0,430,369,0
0,428,369,0
0,421,372,0
0,410,378,-8
0,407,381,0
0,405,379,0
0,404,388,-8
0,405,392,0
0,406,397,0
0,407,403,0
0,410,413,0
0,413,421,0
0,416,418,0
0,419,418,0
0,417,418,0
0,416,419,0
0,415,421,0
0,415,424,0
0,416,428,0
0,419,434,0
0,422,443,0
0,427,457,0
0,443,475,0
0,461,494,0
0,480,521,0
0,482,522,0
0,482,518,0
0,483,513,0
0,486,506,0
0,491,490,0
0,499,466,0
0,521,428,0
0,541,410,0
0,547,409,0
0,523,379,8
0,497,375,0
0,478,379,0
0,459,357,0
0,444,364,0
0,428,341,0
0,399,333,0
0,389,310,0
0,390,306,0
0,395,308,0
0,399,311,0
0,400,312,0
0,404,302,0
0,413,300,0
0,413,298,0
0,409,309,0
0,404,332,0
0,407,343,0
0,410,345,0
0,398,322,0
0,396,338,0
0,400,357,0
0,385,358,-8
0,359,362,0
0,334,350,0
0,321,332,0
0,313,352,0
0,325,371,0
0,346,380,0
0,363,380,0
0,382,374,0
0,401,373,0
0,411,375,0
0,420,384,0
0,420,389,0
0,424,405,0
0,424,409,0
0,423,410,0
0,423,410,0
0,421,408,0
0,420,406,0
0,418,404,0
0,417,402,0
0,416,401,0
0,416,401,0
0,417,400,0
0,418,399,0
0,420,399,0
0,420,397,0
0,420,395,0
0,420,394,0
0,419,392,0
0,418,391,0
0,418,391,0
0,418,387,0
0,419,382,0
0,421,380,0
0,416,372,0
0,410,381,0
0,412,376,0
0,420,366,0
0,425,375,0
0,397,392,8
0,382,410,0
0,373,413,0
0,365,418,0
0,364,415,-8
0,367,409,0
0,370,403,0
0,378,406,0
0,382,410,0
0,386,411,0
0,381,414,0
0,382,416,0
0,385,418,0
0,387,420,0
0,388,422,0
0,388,424,0
0,387,426,0
0,384,427,0
0,379,425,0
0,377,423,0
0,375,422,0
0,371,419,0
0,367,414,0
0,364,404,0
0,370,394,0
0,378,398,0
0,389,398,0
0,391,403,0
0,391,405,0
0,392,405,0
0,393,402,0
0,395,400,0
0,398,397,0
0,402,395,0
0,405,392,0
0,396,382,0
0,386,380,0
0,379,373,0
0,376,370,0
0,373,369,0
0,363,368,0
0,343,369,0
0,330,359,0
0,321,371,0
0,312,384,0
0,308,379,0
0,308,383,0
0,301,385,0
0,291,387,0
0,270,385,0
0,261,382,0
0,273,379,0
0,292,377,0
0,309,375,0
0,325,374,0
0,338,374,0
0,345,377,0
0,347,378,0
0,350,379,0
0,353,380,0
0,357,381,0
0,363,383,0
0,367,382,0
0,369,381,0
0,371,380,0
0,372,379,0
0,372,377,0
0,370,375,0
0,368,375,0
0,370,375,0
0,371,373,0
0,373,372,0
0,375,370,0
0,376,369,0
0,378,368,0
0,380,367,0
0,380,366,0
0,379,365,0
0,378,367,0
0,380,372,0
0,383,376,0
0,386,379,0
0,389,383,0
0,392,385,0
0,395,385,0
0,397,383,0
0,400,382,0
0,401,381,0
0,402,382,0
0,404,381,0
0,405,382,0
0,406,382,0
0,406,381,0
0,405,379,0
0,403,377,0
0,400,375,0
0,398,373,0
0,397,372,0
0,396,371,0
0,397,369,0
0,397,368,0
0,398,367,0
0,401,365,0
0,405,362,0
0,408,359,0
0,408,358,0
0,407,358,0
0,406,360,0
0,408,362,0
0,410,365,0
0,415,369,0
0,421,374,0
0,427,377,0
0,434,379,0
0,439,380,0
0,445,380,0
0,453,379,0
0,461,376,0
0,481,376,0
0,480,419,-8
0,474,435,0
0,454,465,0
0,447,459,0
0,447,438,0
0,448,430,0
0,448,424,0
0,447,419,0
0,444,414,0
0,441,407,0
0,436,401,0
0,432,399,0
0,430,399,0
0,429,401,0
0,428,403,0
0,429,405,0
0,428,405,0
0,428,406,0
0,428,409,0
0,426,410,0
0,425,411,0
0,424,411,0
0,424,411,0
0,423,411,0
0,423,410,0
0,421,411,0
0,419,409,0
0,417,407,0
0,416,404,0
0,415,400,0
0,417,401,0
0,419,403,0
0,421,403,0
0,421,402,0
0,419,401,0
0,417,399,0
0,415,396,0
0,414,392,0
0,414,386,0
0,411,387,0
0,408,390,0
0,406,394,0
0,401,401,0
0,395,404,0
0,391,405,0
0,390,403,0
0,391,399,0
0,392,396,0
0,393,394,0
0,386,395,0
0,382,401,0
0,378,412,0
0,375,423,8
0,373,437,0
0,372,450,8
0,371,455,8
0,369,460,0
0,365,467,8
0,361,471,8
0,359,468,0
0,356,465,8
0,351,459,-8
0,351,455,-8
0,353,439,-8
0,350,431,-8
0,347,434,0
0,341,448,0
0,337,452,-8
0,335,463,0
0,334,468,0
0,334,468,0
0,336,469,0
0,341,471,0
0,342,469,0
0,340,461,0
0,338,456,0
0,334,453,0
0,333,447,0
0,333,443,0
0,334,442,0
0,334,443,0
0,334,444,0
0,333,445,0
0,332,445,0
0,331,445,0
0,331,445,0
0,331,446,0
0,330,448,0
0,330,448,0
0,330,447,0
0,332,444,8
0,335,443,8
0,336,441,0
0,337,439,8
0,338,438,8
0,339,434,8
0,341,433,0
0,341,435,0
0,343,436,0
0,348,439,-16
0,352,444,-8
0,354,454,0
0,351,470,0
0,347,488,0
0,345,487,0
0,344,485,8
0,341,476,0
0,341,473,0
0,338,471,0
0,337,469,0
0,342,466,0
0,345,464,0
0,346,465,0
0,347,461,0
0,349,459,0
0,352,459,0
0,355,462,0
0,355,462,0
0,355,461,0
0,350,461,0
0,348,459,0
0,354,453,0
0,361,448,0
0,298,438,0
0,176,434,0
0,44,447,0
0,-72,458,0
0,-53,432,0
0,1,408,0
0,35,397,0
0,106,392,0
0,171,402,0
0,226,412,0
0,269,405,0
0,301,405,0
0,325,415,0
0,336,428,0
0,338,435,0
0,341,431,0
0,348,424,0
0,356,416,0
0,357,419,0
0,362,425,0
0,365,426,0
0,365,423,0
0,367,420,0
0,366,415,0
0,369,412,32
0,365,407,0
0,363,409,0
0,361,414,0
0,356,420,0
0,354,423,0
0,361,425,0
0,370,426,0
0,376,426,0
0,381,426,0
0,386,426,0
0,391,426,0
0,394,422,0
0,393,417,0
0,393,417,0
0,392,415,0
0,392,408,0
0,386,401,0
0,383,398,8
0,373,385,0
0,371,380,0
0,383,386,0
0,401,387,0
0,412,388,0
0,420,390,0
0,421,386,0
0,414,375,-8
0,399,369,0
0,389,371,0
0,380,378,0
0,372,381,0
0,366,384,0
0,365,389,0
0,371,389,0
0,371,394,0
0,370,398,0
0,369,397,0
0,369,396,0
0,373,393,8
0,377,395,0
0,378,393,0
0,377,396,0
0,377,404,0
0,377,415,0
0,375,428,0
0,375,437,8
0,371,449,0
0,362,464,0
0,352,478,16
0,353,484,8
0,360,487,8
0,364,487,8
0,368,488,0
0,376,491,0
0,382,494,0
0,385,498,0
0,388,503,0
0,391,508,0
0,392,510,0
0,391,508,0
0,391,507,0
0,389,506,-8
0,389,503,-8
0,390,501,0
0,392,500,0
0,394,499,0
0,395,497,0
0,396,496,0
0,396,495,0
0,396,495,0
0,397,496,0
0,397,495,0
0,397,495,0
0,396,494,0
0,396,494,0
0,396,493,0
0,397,497,0
0,400,500,0
0,402,503,0
0,404,506,0
0,406,509,0
0,406,510,0
0,405,509,0
0,404,508,0
0,402,506,0
0,401,506,0
0,401,507,0
0,404,510,0
0,409,517,0
0,414,523,0
0,418,526,0
0,422,529,0
0,422,527,0
0,420,523,0
0,417,520,0
0,415,518,0
0,414,517,0
0,413,517,0
0,411,515,0
0,410,512,0
0,409,508,0
0,406,504,0
0,403,500,0
0,399,497,0
0,398,497,0
0,399,498,0
0,401,501,0
0,404,503,0
0,407,505,0
0,407,506,0
0,406,506,0
0,406,505,0
0,409,506,0
0,411,507,0
0,413,507,0
0,414,508,0
0,414,510,0
0,414,512,0
0,415,514,0
0,415,515,0
0,413,516,0
0,407,516,0
0,399,511,0
0,390,506,0
0,398,520,0
0,411,543,0
0,428,569,0
0,460,607,0
0,479,615,0
0,486,616,0
0,493,617,0
0,520,625,0
0,559,634,0
0,606,655,0
0,681,715,0
0,718,768,0
0,735,800,0
0,731,802,0
0,715,786,0
0,697,762,0
0,680,738,0
0,666,715,0
0,644,690,0
0,596,637,0
0,580,604,0
0,582,597,0
0,583,593,0
0,587,595,0
0,588,600,0
0,584,603,0
0,576,601,0
0,571,597,8
0,567,594,-8
0,562,589,0
0,558,584,0
0,555,580,0
0,550,578,0
0,544,579,-8
0,541,578,-8
0,540,579,0
0,537,582,0
0,535,584,0
0,532,588,0
0,529,591,0
0,527,593,0
0,520,593,0
0,507,590,0
0,496,583,-8
0,465,572,0
0,427,586,0
0,382,619,0
0,316,694,0
0,275,746,0
0,267,757,0
0,265,759,0
0,269,760,0
0,265,767,0
0,263,766,0
0,264,763,0
0,265,763,0
0,267,760,0
0,272,752,0
0,277,742,0
0,291,715,0
0,305,691,0
0,318,672,0
0,332,654,0
0,345,635,0
0,350,620,0
0,342,611,0
0,338,604,0
0,338,598,0
0,340,595,0
0,341,593,0
0,341,593,0
0,344,597,0
0,348,600,0
0,353,600,0
0,358,597,0
0,361,592,0
0,364,587,0
0,367,582,-8
0,369,577,0
0,372,573,0
0,377,569,0
0,382,565,0
0,386,561,0
0,389,556,0
0,391,551,0
0,392,546,0
0,392,543,0
0,392,541,0
0,392,536,0
0,391,531,0
0,391,524,0
0,387,519,0
0,385,511,0
0,384,510,0
0,379,512,0
0,374,511,0
0,364,512,0
0,344,512,0
0,290,515,0
0,251,521,0
0,249,536,0
0,259,548,0
0,264,547,0
0,268,543,0
0,271,538,0
0,275,535,0
0,279,533,0
0,283,533,0
0,288,534,0
0,292,535,0
0,298,535,0
0,304,534,0
0,309,530,0
0,315,528,0
0,318,526,0
0,320,526,0
0,322,527,0
0,325,529,0
0,327,530,0
0,330,529,0
0,333,528,0
0,335,525,0
0,335,522,0
0,336,517,0
0,337,513,0
0,338,512,0
0,340,508,0
0,342,503,0
0,343,497,0
0,340,488,0
0,332,483,0
0,327,475,0
0,330,453,0
0,336,436,0
0,329,406,0
0,328,393,0
0,337,381,0
0,349,372,0
0,363,366,0
0,372,362,0
0,378,362,0
0,384,360,0
0,388,376,0
0,384,406,0
0,380,421,0
0,382,436,0
0,389,443,0
0,397,434,0
0,397,426,0
0,382,430,0
0,372,433,0
0,362,432,0
0,355,433,0
0,350,436,0
0,357,435,8
0,371,428,0
0,385,414,0
0,396,404,0
0,403,398,0
0,413,392,0
0,415,390,0
0,417,382,0
0,421,385,0
0,422,386,0
0,422,389,0
0,420,389,0
0,418,385,0
0,415,380,0
0,406,373,0
0,394,357,0
0,388,355,0
0,393,354,0
0,401,364,0
0,413,370,0
0,424,367,0
0,427,369,0
0,425,366,0
0,422,365,0
0,417,366,0
0,409,363,0
0,407,366,0
0,402,371,0
0,400,373,0
0,398,379,0
0,395,382,0
0,394,384,0
0,392,384,0
0,391,385,0
0,389,385,0
0,388,387,0
0,387,388,0
0,385,390,0
0,386,394,8
0,386,404,0
0,381,422,0
0,378,440,0
0,374,451,8
0,369,467,0
0,365,477,8
0,356,490,0
0,351,502,8
0,346,507,0
0,346,508,0
0,343,510,0
0,344,506,0
0,343,505,-8
0,344,517,0
0,343,526,-8
0,342,534,0
0,341,539,8
0,340,547,0
0,338,553,8
0,336,559,0
0,336,561,0
0,336,566,0
0,338,568,0
0,338,574,0
0,338,581,0
0,339,584,-8
0,339,585,-8
0,339,587,0
0,336,591,0
0,330,603,0
0,324,613,0
0,320,616,0
0,320,613,0
0,323,603,0
0,327,594,0
0,331,587,0
0,337,569,0
0,343,552,0
0,352,537,0
0,365,526,0
0,385,509,0
0,404,490,0
0,413,480,0
0,415,484,0
0,411,498,0
0,407,505,0
0,400,512,0
0,391,519,0
0,381,526,0
0,373,536,0
0,377,546,0
0,384,553,0
0,393,561,0
0,399,569,0
0,400,573,0
0,399,575,0
0,398,578,0
0,398,578,0
0,400,575,0
0,404,573,0
0,410,583,0
0,416,592,0
0,418,593,0
0,420,590,0
0,419,580,0
0,413,575,0
0,392,568,0
0,376,567,0
0,375,574,0
0,372,577,0
0,369,577,0
0,365,580,0
0,361,584,0
0,360,590,0
0,362,593,0
0,364,592,0
0,364,592,0
0,361,592,0
0,360,590,0
0,359,586,0
0,361,581,0
0,362,580,0
0,361,576,0
0,359,572,0
0,359,573,0
0,357,575,0
0,356,578,0
0,357,579,0
0,359,576,0
0,362,571,0
0,366,567,0
0,367,565,0
0,366,565,0
0,364,566,0
0,361,566,0
0,361,563,0
0,361,561,0
0,361,558,0
0,362,556,0
0,362,552,0
0,363,548,0
0,362,545,0
0,361,544,0
0,360,543,0
0,361,542,0
0,363,540,0
0,364,538,0
0,366,535,0
0,368,535,0
0,368,534,0
0,368,534,0
0,369,533,0
0,369,530,0
0,367,530,0
0,367,532,0
0,366,532,0
0,364,530,0
0,363,530,0
0,361,533,0
0,359,535,0
0,357,532,0
0,357,530,0
0,359,527,0
0,361,526,0
0,359,528,0
0,356,532,0
0,355,536,0
0,354,536,0
0,352,533,0
0,348,527,0
0,344,521,0
0,339,519,0
0,338,522,0
0,338,525,0
0,341,526,0
0,343,526,0
0,344,527,0
0,343,528,0
0,342,529,0
0,341,529,0
0,340,534,0
0,338,536,0
0,333,535,0
0,331,533,0
0,332,534,0
0,331,533,0
0,328,526,0
0,324,523,0
0,324,522,0
0,324,522,0
0,325,521,0
0,327,519,0
0,329,515,0
0,331,510,0
0,335,505,0
0,338,500,0
0,341,495,0
0,347,494,0
0,352,491,0
0,355,489,0
0,357,488,0
0,356,490,0
0,358,490,0
0,356,494,0
0,354,491,0
0,353,488,0
0,351,487,0
0,348,485,0
0,347,486,0
0,349,487,0
0,351,493,0
0,351,496,0
0,347,499,8
0,339,502,8
0,332,509,0
0,327,518,0
0,321,533,0
0,309,570,0
0,304,596,0
0,288,632,0
0,279,650,0
0,279,651,0
0,278,651,0
0,276,651,0
0,277,648,0
0,278,638,0
0,279,630,0
0,283,624,0
0,287,621,0
0,290,618,0
0,291,614,0
0,290,610,0
0,292,606,-8
0,297,601,0
0,302,598,0
0,309,600,0
0,312,601,-8
0,311,597,0
0,307,590,0
0,304,582,0
0,303,577,0
0,302,575,0
0,300,576,0
0,299,578,0
0,300,577,0
0,300,572,0
0,297,564,0
0,295,557,0
0,286,551,0
0,282,543,0
0,282,540,0
0,283,538,0
0,284,539,0
0,284,538,0
0,285,542,0
0,286,544,0
0,289,542,0
0,292,541,0
0,295,540,0
0,295,542,0
0,293,545,0
0,290,544,0
0,285,542,0
0,281,542,0
0,280,546,0
0,282,551,0
0,286,553,0
0,293,545,0
0,297,538,0
0,296,531,0
0,295,525,0
0,298,515,0
0,307,508,0
0,316,509,0
0,324,504,0
0,326,505,0
0,325,504,0
0,324,503,0
0,325,504,0
0,326,509,0
0,327,513,0
0,327,510,0
0,326,508,0
0,323,503,0
0,321,497,0
0,320,491,0
0,319,486,0
0,323,477,0
0,325,477,0
0,325,477,0
0,325,476,0
0,322,478,0
0,321,482,0
0,326,485,8
0,329,487,0
0,330,489,8
0,327,495,0
0,327,499,-8
0,324,504,0
0,322,508,0
0,323,508,-8
0,327,505,0
0,330,503,0
0,329,499,-8
0,329,498,0
0,329,503,0
0,330,512,0
0,330,520,0
0,331,526,0
0,336,518,0
0,340,509,8
0,346,503,8
0,375,484,8
0,418,451,0
0,444,444,0
0,464,432,0
0,484,416,0
0,501,411,0
0,504,408,0
0,487,403,0
0,472,396,0
0,464,365,0
0,456,357,0
0,459,363,0
0,460,378,0
0,454,387,0
0,425,403,0
0,388,422,0
0,360,438,0
0,355,442,0
0,359,441,0
0,363,442,0
0,363,446,0
0,355,455,0
0,338,464,0
0,333,470,0
0,324,476,0
0,319,484,0
0,317,491,0
0,319,491,0
0,322,489,0
0,326,484,0
0,330,479,0
0,335,476,0
0,341,475,0
0,346,474,0
0,351,472,0
0,355,471,0
0,359,470,8
0,361,471,0
0,365,471,0
0,369,467,0
0,368,464,0
0,366,464,0
0,364,467,0
0,362,470,0
0,365,472,0
0,368,472,0
0,370,473,0
0,372,473,0
0,375,472,0
0,376,467,0
0,375,464,0
0,375,463,0
0,375,462,0
0,377,461,0
0,377,461,0
0,373,463,0
0,364,463,0
0,355,462,0
0,345,460,0
0,334,454,0
0,335,451,0
0,336,448,0
0,341,444,0
0,348,440,0
0,353,438,0
0,356,439,0
0,359,438,0
0,362,437,0
0,364,436,0
0,365,434,0
0,366,432,0
0,368,427,0
0,369,424,0
0,368,418,0
0,365,412,0
0,360,409,0
0,329,401,0
0,298,390,0
0,206,377,0
0,129,363,0
0,146,339,0
0,183,330,0
0,217,313,0
0,251,329,0
0,275,323,0
0,289,320,0
0,314,332,8
0,322,349,0
0,324,365,0
0,325,382,0
0,327,387,0
0,337,388,0
0,348,391,0
0,367,382,0
0,395,351,0
0,406,344,0
0,406,342,0
0,404,345,0
0,400,347,0
0,397,348,0
0,401,350,0
0,409,351,0
0,413,347,0
0,418,334,0
0,413,331,0
0,401,340,0
0,397,346,0
0,398,356,0
0,399,362,0
0,401,366,0
0,400,368,0
0,397,364,0
0,399,365,0
0,401,370,0
0,397,369,0
0,396,370,0
0,403,374,0
0,404,377,0
0,406,380,0
0,409,382,0
0,412,385,0
0,413,387,0
0,409,387,0
0,408,387,0
0,407,384,0
0,406,384,0
0,405,390,0
0,406,394,0
0,406,401,0
0,406,402,0
0,404,399,0
0,397,396,0
0,390,398,0
0,385,398,0
0,382,396,0
0,375,401,0
0,373,408,8
0,372,413,0
0,371,413,0
0,372,416,0
0,373,415,0
0,375,415,8
0,375,420,0
0,377,428,0
0,377,442,0
0,378,454,0
0,376,460,0
0,369,464,-8
0,364,466,0
0,364,465,0
0,365,465,0
0,367,464,0
0,368,462,0
0,368,460,0
0,369,456,0
0,370,451,0
0,370,448,0
0,369,449,0
0,369,452,0
0,372,454,0
0,375,458,0
0,377,462,0
0,378,467,0
0,380,473,0
0,382,477,0
0,381,478,0
0,380,483,0
0,377,491,0
0,369,503,0
0,362,513,0
0,360,515,0
0,359,518,0
0,358,527,0
0,359,541,0
0,360,555,0
0,359,556,0
0,359,554,0
0,362,548,0
0,364,542,0
0,366,534,0
0,368,528,0
0,368,524,0
0,366,518,0
0,367,512,0
0,370,507,0
0,376,503,0
0,380,500,0
0,380,500,0
0,379,498,0
0,377,496,0
0,376,495,0
0,374,493,0
0,370,492,0
0,367,491,0
0,371,489,0
0,374,484,-8
0,378,481,0
0,381,477,-8
0,382,475,0
0,384,476,0
0,385,478,0
0,385,480,0
0,385,480,0
0,384,480,0
0,384,479,0
0,384,476,0
0,382,473,0
0,381,471,0
0,379,467,0
0,376,456,0
0,375,450,0
0,374,449,0
0,373,473,0
0,374,477,0
0,375,476,8
0,370,467,0
0,376,454,8
0,387,446,8
0,392,446,0
0,397,458,0
0,393,461,16
0,392,469,0
0,386,480,0
0,382,488,0
0,379,491,0
0,376,495,0
0,376,494,-8
0,377,490,0
0,377,486,0
0,377,500,-8
0,378,514,0
0,380,516,0
0,382,513,8
0,385,510,0
0,387,508,-8
0,388,511,0
0,391,523,0
0,393,536,0
0,397,535,0
0,400,534,0
0,402,543,0
0,403,550,0
0,403,552,0
0,403,549,0
0,402,544,0
0,401,538,0
0,402,536,0
0,402,541,0
0,401,551,0
0,401,559,0
0,399,560,8
0,398,559,0
0,396,553,0
0,395,548,0
0,395,546,0
0,395,547,0
0,394,548,-8
0,392,544,0
0,392,538,0
0,389,531,0
0,392,524,0
0,396,522,0
0,402,515,0
0,406,508,0
0,407,481,0
0,399,466,0
0,386,456,0
0,368,434,0
0,361,425,0
0,360,425,0
0,362,426,0
0,362,431,0
0,366,439,0
0,370,443,0
0,376,443,0
0,382,442,0
0,387,439,0
0,383,426,0
0,373,407,0
0,367,397,0
0,365,390,0
0,369,381,0
0,371,348,0
0,361,343,0
0,375,327,0
0,395,337,0
0,415,332,0
0,422,324,0
0,430,337,0
0,419,322,0
0,395,320,0
0,376,340,0
0,372,353,0
0,374,346,0
0,374,345,0
0,370,347,0
0,364,353,0
0,360,363,0
0,359,376,0
0,360,388,0
0,361,401,0
0,365,401,0
0,369,400,0
0,370,400,0
0,370,401,0
0,369,406,0
0,371,418,0
0,371,422,0
0,371,423,8
0,373,428,0
0,375,431,0
0,378,436,0
0,381,442,8
0,383,443,8
0,384,439,8
0,383,438,0
0,383,440,0
0,386,445,0
0,390,445,0
0,394,447,0
0,396,450,0
0,396,454,0
0,393,459,0
0,392,462,0
0,392,469,0
0,395,482,0
0,397,498,0
0,398,510,0
0,400,517,-8
0,403,518,-8
0,405,512,-8
0,406,503,-8
0,408,500,-8
0,415,485,-8
0,420,469,-8
0,429,444,-8
0,433,424,-8
0,430,393,-8
0,427,394,0
0,417,370,0
0,408,352,8
0,405,366,8
0,413,353,8
0,421,353,8
0,427,341,0
0,433,355,0
0,443,380,0
0,445,386,0
0,450,382,0
0,457,377,8
0,461,360,8
0,451,358,0
0,445,368,0
0,445,380,0
0,445,386,0
0,448,381,0
0,453,374,0
0,464,367,0
0,463,339,0
0,461,344,0
0,458,346,0
0,454,368,0
0,446,423,0
0,444,454,0
0,441,471,0
0,443,489,0
0,443,509,0
0,453,556,0
0,451,582,0
0,449,581,0
0,444,580,0
0,439,585,0
0,436,586,8
0,436,578,8
0,436,570,0
0,438,562,0
0,440,557,0
0,442,553,0
0,443,550,0
0,444,549,0
0,443,544,0
0,439,538,0
0,435,531,0
0,430,528,0
0,428,530,0
0,426,530,0
0,425,525,0
0,424,518,0
0,424,514,0
0,422,507,0
0,420,490,0
0,420,475,0
0,421,462,0
0,423,449,0
0,430,440,0
0,432,432,0
0,432,434,0
0,432,439,0
0,431,434,8
0,431,428,0
0,430,425,0
0,433,419,0
0,437,415,0
0,436,414,0
0,434,415,0
0,434,417,0
0,434,419,0
0,434,418,0
0,433,411,0
0,432,408,0
0,434,403,0
0,437,398,0
0,439,387,0
0,435,353,0
0,439,357,0
0,450,354,0
0,469,364,0
0,470,352,0
0,472,349,0
0,476,353,0
0,482,364,0
0,484,380,0
0,476,384,0
0,467,392,0
0,460,399,0
0,455,397,0
0,448,405,0
0,448,408,0
0,446,405,0
0,443,401,0
0,442,398,0
0,447,383,0
0,449,375,0
0,450,377,0
0,451,379,0
0,450,390,8
0,453,397,0
0,455,393,0
0,457,397,0
0,459,393,0
0,457,387,0
0,456,387,0
0,456,390,0
0,455,393,0
0,456,391,0
0,457,392,0
0,458,392,0
0,458,397,0
0,458,400,0
0,457,402,0
0,455,404,0
0,455,405,0
0,454,406,0
0,453,405,0
0,453,404,0
0,452,406,0
0,454,407,0
0,455,405,0
0,454,406,0
0,449,406,0
0,447,404,0
0,445,407,0
0,446,408,8
0,445,412,0
0,444,420,0
0,441,425,0
0,441,427,0
0,440,426,0
0,439,428,0
0,438,428,0
0,436,428,0
0,436,426,0
0,439,426,0
0,441,425,0
0,443,425,0
0,446,425,0
0,448,425,0
0,455,425,0
0,459,425,0
0,462,423,0
0,464,420,0
0,462,419,0
0,458,416,-8
0,455,414,0
0,452,413,0
0,450,413,0
0,451,413,0
0,450,411,0
0,447,409,0
0,442,409,0
0,433,408,0
0,428,406,0
0,426,401,0
0,425,398,0
0,426,397,8
0,428,398,0
0,428,400,0
0,427,398,0
0,422,397,0
0,420,397,0
0,420,398,0
0,421,395,0
0,424,398,0
0,423,397,0
0,421,393,0
0,419,394,0
0,417,395,0
0,414,395,0
0,410,396,0
0,405,396,0
0,400,397,0
0,394,400,0
0,391,401,0
0,391,401,0
0,393,399,0
0,395,397,-8
0,396,394,0
0,398,394,0
0,401,393,0
0,402,391,0
0,401,389,0
0,399,387,0
0,397,385,0
0,394,383,0
0,391,377,0
0,386,379,0
0,386,382,0
0,385,383,0
0,385,385,0
0,385,387,0
0,388,386,0
0,391,386,0
0,394,387,0
0,394,387,0
0,394,385,0
0,393,383,0
0,393,382,0
0,392,381,0
0,389,378,0
0,384,376,0
0,381,374,0
0,375,373,0
0,366,371,0
0,361,370,0
0,360,367,0
0,354,353,0
0,348,345,0
0,343,346,0
0,334,348,0
0,330,371,0
0,326,370,0
0,323,360,0
0,322,355,0
0,327,352,0
0,335,352,0
0,341,348,0
0,341,347,0
0,339,349,0
0,335,348,0
0,335,356,0
0,336,356,0
0,339,356,0
0,347,361,0
0,349,359,0
0,344,365,0
0,341,366,0
0,337,368,0
0,334,369,0
0,332,370,0
0,329,370,0
0,326,369,0
0,324,367,0
0,322,366,0
0,322,368,0
0,323,370,0
0,323,373,0
0,323,371,0
0,324,373,0
0,326,380,0
0,326,384,0
0,323,387,0
0,319,393,0
0,321,400,0
0,326,404,0
0,329,407,0
0,333,406,0
0,335,405,16
0,336,409,8
0,334,421,0
0,332,431,16
0,324,445,8
0,317,455,8
0,315,459,8
0,317,465,8
0,320,467,8
0,324,470,0
0,327,478,0
0,329,488,0
0,329,499,0
0,324,515,-8
0,313,531,0
0,287,581,0
0,271,618,0
0,267,651,0
0,271,668,-8
0,274,673,8
0,278,680,8
0,285,682,0
0,291,684,0
0,292,683,-8
0,290,684,0
0,290,682,-16
0,291,682,-8
0,295,679,-16
0,299,675,-8
0,301,672,-8
0,303,675,0
0,304,675,-8
0,308,682,0
0,315,694,0
0,323,708,0
0,328,705,-8
0,332,698,0
0,335,689,0
0,339,683,0
0,345,682,0
0,351,682,0
0,357,679,0
0,360,674,0
0,363,667,0
0,364,659,0
0,364,651,0
0,361,642,0
0,360,631,0
0,360,621,0
0,361,613,0
0,363,610,0
0,366,617,0
0,368,627,0
0,371,635,0
0,375,637,0
0,377,635,0
0,379,631,0
0,379,625,0
0,383,617,0
0,386,608,0
0,392,599,0
0,397,589,0
0,374,572,0
0,359,552,0
0,356,537,0
0,355,522,0
0,357,509,0
0,361,499,0
0,361,494,0
0,361,489,0
0,362,484,0
0,366,479,0
0,369,474,0
0,372,472,0
0,375,469,0
0,381,466,0
0,388,464,0
0,394,466,0
0,402,465,0
0,408,460,0
0,415,453,0
0,423,452,0
0,429,454,0
0,433,456,0
0,436,461,0
0,434,470,0
0,421,485,0
0,403,503,0
0,388,519,0
0,369,529,0
0,342,528,0
0,256,510,0
0,99,475,0
0,161,444,0
0,242,412,0
0,301,389,0
0,320,357,0
0,322,361,0
0,345,369,0
0,377,367,0
0,404,355,0
0,429,344,8
0,438,358,8
0,430,358,0
0,416,348,0
0,409,363,0
0,416,374,0
0,426,391,0
0,437,431,0
0,438,470,0
0,436,482,0
0,434,490,0
0,429,503,0
0,426,511,0
0,424,509,0
0,422,501,0
0,420,495,0
0,420,480,0
0,416,463,0
0,414,438,0
0,420,414,0
0,427,396,0
0,433,374,0
0,431,372,0
0,428,381,0
0,433,367,0
0,460,341,0
0,471,331,0
0,475,343,0
0,448,340,0
0,367,374,0
0,299,367,0
0,276,366,0
0,282,363,0
0,304,362,0
0,334,334,0
0,354,321,0
0,369,319,0
0,376,320,0
0,378,315,0
0,388,337,0
0,386,336,0
0,402,351,0
0,430,361,0
0,458,349,0
0,480,347,0
0,494,337,0
0,503,357,0
0,520,354,0
0,531,348,0
0,516,347,0
0,497,339,0
0,464,335,0
0,452,341,0
0,488,360,0
0,506,376,0
0,496,402,0
0,496,409,0
0,499,407,0
0,500,400,0
0,501,395,0
0,499,391,0
0,499,389,0
0,505,376,0
0,508,373,0
0,514,363,0
0,518,355,0
0,551,351,0
0,597,332,0
0,648,330,0
0,667,334,0
0,641,337,0
0,592,329,-8
0,541,348,8
0,505,351,0
0,493,368,-8
0,474,404,0
0,462,412,0
0,461,411,16
0,459,412,0
0,457,418,0
0,448,416,0
0,439,404,0
0,434,400,0
0,435,391,0
0,436,387,0
0,440,382,0
0,438,384,0
0,441,384,0
0,446,382,0
0,451,379,0
0,453,375,0
0,465,366,0
0,479,359,0
0,486,359,0
0,487,352,0
0,485,353,0
0,486,343,0
0,469,348,0
0,450,338,0
0,432,340,0
0,410,331,0
0,388,329,0
0,378,322,0
0,377,322,0
0,382,327,0
0,391,331,0
0,402,331,0
0,404,323,0
0,404,320,0
0,405,327,0
0,411,337,0
0,425,351,0
0,444,369,0
0,442,375,0
0,437,378,0
0,432,378,0
0,427,374,0
0,424,370,0
0,422,370,0
0,423,377,0
0,423,376,0
0,423,376,0
0,422,373,0
0,421,373,0
0,421,374,0
0,420,375,8
0,421,373,0
0,423,373,0
0,426,374,0
0,428,370,8
0,435,375,0
0,434,374,0
0,435,375,0
0,436,377,0
0,437,376,0
0,439,376,0
0,441,375,0
0,442,376,0
0,444,380,0
0,447,391,0
0,450,401,-8
0,450,408,0
0,452,407,0
0,456,401,0
0,457,401,0
0,460,402,-8
0,463,401,-8
0,465,399,-8
0,467,400,0
0,465,400,0
0,462,401,0
0,460,402,0
0,457,402,0
0,453,402,0
0,447,401,0
0,441,404,0
0,438,406,0
0,439,406,0
0,441,406,0
0,440,404,0
0,438,403,0
0,436,401,0
0,432,400,0
0,429,399,0
0,426,397,0
0,424,394,0
0,422,390,0
0,421,387,0
0,419,385,0
0,419,383,0
0,417,381,0
0,416,379,0
0,410,383,8
0,409,385,0
0,408,386,0
0,406,385,0
0,405,385,0
0,404,387,0
0,404,388,0
0,404,389,0
0,405,391,0
0,406,390,0
0,407,391,0
0,409,391,0
0,413,391,0
0,416,392,0
0,421,395,0
0,427,404,0
0,431,413,0
0,431,415,0
0,432,415,0
0,429,413,0
0,427,410,0
0,425,408,0
0,425,407,0
0,426,409,0
0,427,412,0
0,429,417,0
0,433,424,0
0,440,428,0
0,450,426,0
0,458,420,0
0,463,419,0
0,463,420,0
0,462,421,-8
0,458,421,0
0,457,423,16
0,456,426,0
0,453,432,0
0,450,438,0
0,447,442,0
0,441,442,0
0,436,445,0
0,432,451,0
0,431,460,0
0,434,465,0
0,436,474,0
0,434,483,0
0,433,488,0
0,430,489,0
0,430,486,0
0,431,483,-8
0,436,480,-16
0,438,476,-16
0,437,475,0
0,436,474,-8
0,435,472,0
0,432,473,8
0,428,471,0
0,425,463,0
0,421,461,0
0,419,459,-8
0,418,454,0
0,417,449,0
0,413,474,0
0,412,481,8
0,409,494,0
0,406,505,-8
0,405,508,0
0,402,503,0
0,400,498,0
0,393,490,0
0,389,487,0
0,387,487,0
0,389,485,0
0,388,479,0
0,387,466,0
0,388,453,0
0,392,445,0
0,402,437,0
0,409,433,0
0,416,429,0
0,432,421,0
0,441,417,0
0,444,414,0
0,444,412,0
0,444,412,0
0,445,412,0
0,446,412,0
0,446,413,0
0,441,414,0
0,437,414,0
0,437,412,0
0,438,410,0
0,436,405,0
0,438,403,0
0,442,401,0
0,452,406,0
0,454,407,0
0,456,407,0
0,457,408,0
0,458,408,0
0,461,406,0
0,463,404,0
0,465,403,0
0,467,402,0
0,467,403,0
0,467,403,0
0,468,404,0
0,469,405,0
0,469,406,0
0,470,407,0
0,470,408,0
0,470,410,0
0,468,413,0
0,463,419,0
0,455,427,0
0,441,437,0
0,430,445,0
0,426,446,0
0,427,447,0
0,431,449,0
0,432,452,0
0,433,453,0
0,434,452,0
0,432,451,0
0,430,449,0
0,428,449,0
0,426,452,0
0,425,454,0
0,422,454,0
0,422,453,0
0,422,452,0
0,422,451,0
0,421,447,0
0,423,444,0
0,424,441,0
0,424,439,0
0,425,437,0
0,427,437,0
0,429,438,0
0,429,440,0
0,431,439,0
0,431,437,0
0,427,430,0
0,426,426,0
0,422,422,0
0,419,419,0
0,413,412,0
0,405,405,0
0,402,399,0
0,402,396,0
0,404,391,0
0,399,389,0
0,404,381,0
0,407,373,0
0,417,358,0
0,435,358,0
0,459,368,0
0,475,380,0
0,474,390,0
0,470,393,0
0,464,392,0
0,457,388,0
0,459,374,-8
0,461,365,0
0,460,355,0
0,448,350,0
0,434,360,0
0,411,365,0
0,390,367,0
0,367,369,0
0,331,371,0
0,262,397,0
0,203,416,0
0,171,423,0
0,215,409,0
0,242,402,0
0,272,396,0
0,281,394,0
0,292,391,0
0,303,387,0
0,329,378,0
0,349,370,0
0,366,365,0
0,373,360,0
0,391,353,0
0,407,353,0
0,418,353,0
0,427,351,0
0,435,360,0
0,439,361,0
0,441,360,0
0,441,359,0
0,442,360,0
0,442,360,0
0,442,359,0
0,443,360,0
0,442,359,0
0,443,359,0
0,443,360,0
0,444,363,0
0,446,362,0
0,446,360,-8
0,444,359,0
0,441,359,0
0,440,357,8
0,438,353,0
0,438,360,0
0,435,367,0
0,431,376,0
0,431,381,0
0,430,389,0
0,429,396,8
0,428,408,0
0,425,417,8
0,418,426,8
0,414,432,16
0,412,436,24
0,411,441,16
0,409,447,16
0,406,457,16
0,404,465,8
0,401,477,24
0,396,495,24
0,387,514,16
0,355,564,8
0,328,604,0
0,310,640,-8
0,302,673,-8
0,300,682,-8
0,298,692,8
0,300,699,-8
0,302,701,-8
0,303,697,-16
0,304,688,-16
0,305,681,-16
0,307,671,-39
0,308,659,-16
0,316,640,-8
0,322,637,-8
0,327,634,-8
0,332,632,-8
0,336,629,-8
0,344,629,0
0,348,628,-8
0,355,628,0
0,359,625,0
0,363,622,8
0,363,616,8
0,361,614,8
0,359,609,0
0,357,603,0
0,352,599,8
0,349,597,0
0,349,596,-8
0,350,594,0
0,351,592,-8
0,352,592,0
0,354,591,0
0,357,591,0
0,359,587,0
0,360,585,0
0,358,580,0
0,356,574,8
0,356,570,0
0,357,567,0
0,359,560,-8
0,360,553,0
0,363,546,0
0,364,542,0
0,364,542,0
0,365,541,0
0,366,541,8
0,368,540,0
0,369,538,0
0,372,532,0
0,372,528,0
0,371,529,0
0,372,532,0
0,377,534,0
0,381,535,0
0,385,534,0
0,388,537,0
0,392,540,0
0,393,542,0
0,392,548,0
0,390,551,0
0,390,553,0
0,390,554,0
0,390,553,0
0,389,552,0
0,390,552,0
0,387,551,0
0,380,548,0
0,374,544,0
0,369,542,0
0,368,540,0
0,369,539,0
0,370,540,8
0,373,546,8
0,378,551,0
0,381,557,0
0,377,562,0
0,373,563,0
0,370,564,0
0,369,564,0
0,368,562,0
0,367,561,0
0,367,561,0
0,366,560,0
0,366,559,0
0,364,559,0
0,361,558,0
0,356,552,0
0,351,549,0
0,351,547,0
0,353,544,0
0,355,542,0
0,355,539,0
0,354,537,0
0,354,536,0
0,352,536,0
0,351,535,0
0,349,534,0
0,348,528,0
0,347,523,0
0,350,524,0
0,353,526,0
0,356,528,0
0,358,528,0
0,360,526,0
0,362,523,8
0,365,520,0
0,366,518,0
0,366,517,0
0,365,517,0
0,364,515,0
0,364,514,0
0,364,514,0
0,364,515,0
0,364,517,0
0,360,519,0
0,357,520,0
0,355,521,0
0,355,520,0
0,355,520,0
0,355,519,0
0,358,516,0
0,360,514,8
0,363,512,0
0,366,511,0
0,367,509,0
0,368,505,0
0,371,502,0
0,374,500,0
0,376,498,0
0,377,497,0
0,377,495,0
0,378,494,0
0,379,492,0
0,381,490,0
0,381,488,0
0,382,487,0
0,383,486,0
0,383,484,0
0,383,482,0
0,383,480,0
0,385,478,0
0,387,477,8
0,390,477,0
0,391,477,0
0,391,475,-8
0,392,474,0
0,390,470,0
0,391,467,0
0,392,463,0
0,391,456,0
0,390,454,0
0,389,453,0
0,389,453,0
0,389,454,0
0,389,457,0
0,391,463,0
0,393,469,0
0,391,477,0
0,389,482,0
0,387,481,0
0,386,479,0
0,386,475,0
0,385,471,0
0,385,469,0
0,385,469,0
0,385,467,0
0,385,465,-8
0,385,463,0
0,385,462,0
0,384,461,0
0,384,459,0
0,385,456,0
0,386,454,0
0,387,453,0
0,389,452,0
0,390,452,0
0,392,452,0
0,394,453,0
0,395,454,0
0,396,454,0
0,397,454,0
0,400,456,0
0,402,456,0
0,401,455,0
0,402,452,0
0,401,448,0
0,399,446,0
0,398,446,0
0,397,444,0
0,395,441,0
0,392,440,0
0,391,440,0
0,391,442,0
0,393,443,0
0,395,444,0
0,396,441,8
0,398,439,0
0,399,438,0
0,399,437,0
0,399,436,0
0,399,433,0
0,398,431,0
0,398,429,0
0,397,426,0
0,395,423,0
0,394,420,0
0,394,418,0
0,395,417,0
0,395,416,0
0,393,413,0
0,390,410,0
0,388,406,0
0,387,403,0
0,385,400,0
0,383,397,0
0,383,396,0
0,383,396,0
0,385,397,0
0,388,398,0
0,391,401,0
0,393,403,0
0,393,403,0
0,393,404,0
0,394,404,0
0,393,403,8
0,392,403,8
0,393,403,8
0,394,405,8
0,394,408,0
0,394,411,0
0,394,414,0
0,393,418,0
0,389,422,0
0,386,429,0
0,385,436,0
0,387,439,0
0,391,440,0
0,395,441,0
0,400,441,0
0,402,442,0
0,402,444,0
0,404,442,-8
0,406,441,0
0,408,440,0
0,409,440,0
0,410,439,0
0,413,436,0
0,416,433,0
0,420,429,0
0,421,427,0
0,422,424,0
0,419,425,0
0,418,427,8
0,419,430,0
0,419,433,0
0,420,435,0
0,422,435,0
0,425,436,0
0,426,437,0
0,426,438,0
0,424,438,0
0,421,438,0
0,417,438,0
0,414,439,0
0,411,441,0
0,410,444,0
0,410,446,0
0,410,444,0
0,411,442,0
0,412,440,0
0,416,435,0
0,420,431,0
0,408,428,0
0,397,423,0
0,396,422,0
0,398,420,0
0,401,418,0
0,404,416,0
0,405,414,0
0,406,412,0
0,407,410,0
0,408,409,0
0,407,408,0
0,407,410,0
0,408,414,0
0,410,420,0
0,409,424,0
0,408,427,0
0,406,431,0
0,405,433,0
0,404,435,0
0,403,435,0
0,401,432,-8
0,398,433,0
0,394,429,0
0,390,428,0
0,382,434,0
0,372,448,0
0,364,471,0
0,355,492,0
0,339,519,0
0,341,520,0
0,345,518,0
0,349,515,0
0,352,513,0
0,359,510,8
0,364,509,0
0,363,509,0
0,360,510,0
0,359,512,8
0,358,510,0
0,360,511,0
0,363,512,0
0,363,509,0
0,365,506,0
0,365,501,0
0,365,499,0
0,365,498,0
0,367,498,0
0,370,497,0
0,374,497,0
0,378,497,0
0,382,497,0
0,385,496,0
0,386,496,0
0,384,496,8
0,382,496,0
0,382,495,0
0,380,496,0
0,378,497,0
0,373,501,0
0,373,503,0
0,376,504,0
0,380,504,0
0,383,504,0
0,384,506,0
0,383,507,0
0,376,507,0
0,365,506,0
0,355,505,0
0,353,505,0
0,358,505,0
0,364,506,0
0,361,506,0
0,357,507,0
0,356,509,0
0,351,510,0
0,348,510,0
0,348,510,0
0,345,511,0
0,343,511,0
0,341,510,0
0,338,509,0
0,339,510,0
0,341,508,0
0,346,502,0
0,351,498,0
0,354,495,0
0,356,492,0
0,358,490,0
0,360,488,0
0,363,485,0
0,365,482,0
0,367,480,0
0,369,479,0
0,373,479,0
0,376,480,0
0,378,481,0
0,380,480,0
0,381,480,0
0,381,482,0
0,380,483,0
0,380,483,0
0,379,484,0
0,381,484,0
0,380,484,0
0,378,483,0
0,374,481,0
0,371,483,0
0,368,484,0
0,364,485,0
0,364,488,0
0,365,491,0
0,366,494,0
0,366,494,0
0,365,492,0
0,364,489,0
0,364,487,0
0,365,486,0
0,367,487,0
0,366,491,0
0,365,497,0
0,366,502,0
0,369,503,0
0,373,503,0
0,376,502,0
0,379,501,0
0,382,500,0
0,384,499,0
0,387,497,0
0,390,496,0
0,390,493,0
0,390,492,0
0,390,492,0
0,390,492,0
0,391,491,0
0,391,488,0
0,392,485,0
0,393,481,0
0,391,478,0
0,391,477,0
0,390,476,-8
0,391,474,-8
0,392,473,-8
0,391,474,0
0,391,472,0
0,393,473,0
0,395,475,-8
0,397,476,0
0,399,476,0
0,398,473,0
0,395,466,0
0,394,461,0
0,395,457,0
0,397,454,0
0,400,450,8
0,402,448,8
0,403,447,0
0,405,442,0
0,405,438,0
0,404,430,0
0,404,422,0
0,403,424,0
0,404,425,0
0,405,425,0
0,405,424,-8
0,405,423,0
0,405,423,0
0,405,422,0
0,406,420,0
0,406,419,0
0,406,419,0
0,406,420,0
0,405,420,0
0,405,421,0
0,404,421,0
0,403,419,0
0,403,416,0
0,402,414,0
0,402,413,0
0,402,412,0
0,402,411,0
0,400,409,0
0,398,408,0
0,396,408,0
0,395,408,0
0,395,408,0
0,395,409,0
0,396,411,0
0,397,414,0
0,402,416,0
0,407,414,0
0,412,413,0
0,414,412,0
0,414,412,0
0,412,412,0
0,411,414,0
0,410,415,0
0,408,414,0
0,406,414,0
0,404,414,0
0,402,414,0
0,401,414,0
0,400,415,0
0,399,417,0
0,400,417,0
0,399,419,0
0,398,419,0
0,399,419,0
0,401,418,0
0,407,420,0
0,412,419,0
0,413,423,0
0,413,423,0
0,411,423,0
0,410,423,0
0,408,423,0
0,407,421,0
0,408,419,0
0,408,418,0
0,407,420,0
0,406,422,0
0,404,423,0
0,403,425,0
0,401,427,0
0,401,428,0
0,400,429,0
0,399,428,0
0,397,426,0
0,396,426,0
0,395,427,0
0,393,427,0
0,392,428,0
0,392,430,0
0,392,428,0
0,397,423,0
0,399,421,0
0,400,420,0
0,400,420,0
0,400,421,0
0,399,422,0
0,399,421,0
0,399,421,0
0,401,421,0
0,402,421,0
0,401,419,0
0,400,416,0
0,400,415,0
0,399,414,0
0,397,413,0
0,397,413,0
0,396,411,0
0,395,409,0
0,394,407,0
0,393,405,0
0,392,403,0
0,391,402,0
0,392,399,0
0,392,394,0
0,391,392,-8
0,391,392,0
0,391,392,0
0,391,390,0
0,391,390,0
0,391,389,0
0,390,389,0
0,388,390,0
0,387,392,0
0,388,392,8
0,389,392,8
0,390,390,0
0,391,391,0
0,392,393,-16
0,393,393,-16
0,392,395,-8
0,386,397,16
0,383,401,0
0,381,412,8
0,379,420,0
0,381,420,0
0,379,419,0
0,378,422,0
0,375,422,8
0,374,418,8
0,374,419,0
0,374,424,0
0,375,427,8
0,376,429,8
0,376,428,8
0,378,426,8
0,380,427,0
0,381,426,0
0,380,426,0
0,379,432,0
0,377,435,0
0,374,438,-8
0,373,440,0
0,377,441,0
0,380,445,0
0,382,449,0
0,385,451,0
0,383,452,-8
0,378,450,0
0,373,447,0
0,363,443,0
0,352,447,0
0,343,447,0
0,344,446,0
0,348,444,0
0,352,442,0
0,355,444,0
0,358,446,0
0,362,448,0
0,366,448,0
0,370,447,0
0,373,445,0
0,376,445,0
0,379,446,0
0,383,448,0
0,388,451,0
0,391,454,0
0,392,453,0
0,394,452,0
0,398,452,0
0,403,452,0
0,410,451,0
0,414,452,0
0,418,454,0
0,419,457,0
0,423,459,16
0,424,461,0
0,421,460,0
0,411,456,0
0,402,453,0
0,394,450,0
0,387,448,0
0,382,446,0
0,379,444,0
0,377,442,0
0,377,437,0
0,375,430,0
0,373,427,0
0,372,426,0
0,371,427,0
0,370,428,0
0,369,431,0
0,373,435,-8
0,374,437,0
0,374,439,0
0,375,442,0
0,377,448,0
0,377,455,0
0,374,457,0
0,371,459,0
0,365,458,0
0,363,458,0
0,370,458,0
0,383,457,0
0,404,453,0
0,468,442,0
0,473,446,0
0,469,448,0
0,464,451,8
0,459,451,0
0,456,450,0
0,453,449,0
0,451,448,0
0,451,448,0
0,450,448,0
0,447,449,0
0,440,448,8
0,436,445,0
0,434,442,0
0,431,438,0
0,427,437,0
0,426,437,0
0,425,436,0
0,426,437,0
0,426,436,-8
0,424,437,0
0,424,440,0
0,425,447,0
0,425,453,-8
0,428,457,0
0,432,457,0
0,435,459,0
0,432,463,0
0,429,464,0
0,428,462,0
0,427,459,0
0,427,457,0
0,425,454,0
0,424,451,0
0,424,450,0
0,425,449,0
0,424,446,0
0,424,445,0
0,424,444,0
0,425,443,8
0,425,443,0
0,426,443,0
0,429,442,0
0,430,438,0
0,431,435,0
0,431,433,0
0,431,430,0
0,429,426,0
0,429,423,0
0,429,421,0
0,429,420,0
0,429,420,0
0,429,421,0
0,430,422,0
0,430,422,0
0,432,422,0
0,433,423,0
0,435,425,0
0,435,428,0
0,434,429,0
0,433,427,0
0,433,424,0
0,432,422,0
0,433,421,0
0,434,420,0
0,435,419,0
0,435,417,0
0,436,416,0
0,436,415,0
0,436,414,0
0,436,413,0
0,436,413,0
0,436,414,0
0,436,415,8
0,436,414,0
0,436,415,8
0,436,414,8
0,435,415,8
0,434,416,0
0,434,414,0
0,435,414,0
0,435,415,0
0,431,418,0
0,431,421,0
0,427,423,0
0,423,426,0
0,416,434,0
0,411,439,0
0,407,442,0
0,404,444,0
0,401,446,0
0,395,447,0
0,385,449,0
0,377,451,0
0,376,452,0
0,377,451,0
0,380,451,0
0,383,449,0
0,387,448,0
0,391,446,0
0,395,444,0
0,395,443,0
0,391,448,0
0,388,454,0
0,387,459,0
0,387,463,0
0,387,470,0
0,389,473,0
0,392,475,0
0,394,475,0
0,396,473,0
0,397,471,0
0,399,468,0
0,400,465,0
0,400,464,0
0,401,463,0
0,400,465,0
0,396,471,0
0,391,477,0
0,390,475,0
0,391,471,0
0,393,466,0
0,395,462,0
0,397,459,0
0,400,457,0
0,403,454,0
0,406,453,0
0,404,453,0
0,402,453,0
0,402,453,0
0,403,452,0
0,405,452,0
0,406,454,0
0,408,457,0
0,408,460,0
0,408,461,0
0,408,462,0
0,409,462,0
0,409,460,0
0,411,458,0
0,413,457,0
0,415,456,0
0,419,452,0
0,424,447,0
0,425,444,0
0,425,442,0
0,426,439,0
0,427,437,0
0,424,433,0
0,424,429,0
0,421,425,-8
0,415,423,0
0,411,422,0
0,407,422,0
0,403,422,0
0,403,421,0
0,407,419,0
0,411,417,0
0,416,417,0
0,422,417,0
0,425,418,0
0,426,421,0
0,425,424,0
0,424,427,0
0,423,430,0
0,420,435,0
0,416,439,0
0,414,443,0
0,413,446,0
0,412,448,0
0,411,447,0
0,411,448,0
0,407,452,0
0,404,455,0
0,403,458,0
0,403,460,0
0,404,464,0
0,405,466,0
0,406,467,0
0,404,467,0
0,402,468,0
0,401,468,0
0,401,467,0
0,401,467,0
0,403,464,0
0,406,459,0
0,407,453,0
0,407,450,0
0,407,447,0
0,409,446,0
0,411,445,0
0,412,444,0
0,412,444,0
0,411,444,0
0,408,442,0
0,405,441,0
0,399,437,0
0,394,435,0
0,397,435,0
0,402,434,0
0,407,434,0
0,411,436,0
0,412,437,0
0,410,440,0
0,406,441,0
0,405,441,8
0,404,440,8
0,406,436,0
0,405,436,0
0,406,439,0
0,407,439,0
0,409,443,0
0,409,450,0
0,408,455,0
0,406,459,0
0,404,461,0
0,402,462,0
0,401,463,0
0,401,464,0
0,401,465,0
0,400,467,0
0,397,469,0
0,392,467,0
0,388,464,0
0,388,463,0
0,388,463,0
0,390,464,0
0,391,465,0
0,392,467,0
0,393,468,0
0,394,469,0
0,395,470,0
0,396,470,0
0,399,468,0
0,403,464,0
0,408,459,0
0,413,455,0
0,412,454,0
0,407,460,0
0,406,466,0
0,406,469,0
0,408,468,0
0,411,466,0
0,415,465,0
0,418,465,0
0,420,465,0
0,422,466,0
0,422,466,0
0,422,466,0
0,421,466,0
0,419,467,0
0,415,468,0
0,409,469,0
0,398,472,0
0,389,473,0
0,390,473,0
0,391,475,0
0,387,480,0
0,380,485,0
0,375,489,0
0,379,483,0
0,386,478,0
0,392,472,0
0,396,467,0
0,398,463,0
0,400,449,0
0,400,438,0
0,397,426,0
0,387,411,0
0,384,397,0
0,374,386,0
0,368,382,0
0,359,384,0
0,355,387,0
0,356,388,0
0,363,391,0
0,370,393,0
0,382,395,0
0,395,397,0
0,404,398,0
0,409,404,0
0,409,406,0
0,409,409,8
0,406,414,8
0,405,419,8
0,406,423,16
0,408,426,16
0,407,432,8
0,407,436,8
0,406,442,8
0,402,445,0
0,399,446,8
0,397,448,0
0,396,453,0
0,394,458,0
0,395,463,0
0,393,467,0
0,392,472,0
0,393,474,0
0,393,478,0
0,392,482,0
0,391,485,-8
0,390,487,-8
0,390,490,-8
0,389,493,-16
0,389,495,-16
0,389,494,-24
0,387,493,-24
0,386,493,-24
0,386,489,-16
0,385,483,-8
0,384,482,-8
0,382,477,-8
0,380,470,0
0,379,469,-8
0,379,476,-8
0,379,478,0
0,380,483,0
0,380,493,0
0,381,499,0
0,381,506,0
0,379,511,0
0,380,511,0
0,386,512,0
0,391,509,0
0,394,502,0
0,395,496,0
0,396,491,0
0,395,474,0
0,390,464,0
0,386,456,0
0,375,436,0
0,365,433,0
0,369,433,0
0,374,438,0
0,380,436,0
0,386,429,0
0,391,421,0
0,394,413,0
0,397,408,0
0,401,404,0
0,405,398,0
0,409,405,0
0,412,412,0
0,414,417,0
0,414,417,0
0,414,414,0
0,414,411,0
0,414,409,0
0,418,410,0
0,419,413,0
0,412,415,0
0,409,412,0
0,406,411,8
0,404,413,0
0,403,420,0
0,402,426,8
0,400,433,8
0,399,438,0
0,397,445,0
0,394,462,0
0,391,479,0
0,383,492,0
0,379,499,0
0,377,499,0
0,378,500,0
0,378,500,0
0,382,502,-8
0,386,504,0
0,386,504,-8
0,384,503,-8
0,383,505,0
0,384,505,0
0,385,507,0
0,384,506,0
0,382,504,0
0,379,500,0
0,378,494,0
0,377,486,0
0,381,483,0
0,386,481,0
0,389,479,0
0,391,478,0
0,391,476,0
0,391,475,0
0,391,473,0
0,390,472,0
0,389,467,0
0,389,464,0
0,388,462,0
0,387,459,0
0,389,458,0
0,392,462,0
0,394,470,0
0,395,478,0
0,393,479,0
0,392,480,0
0,392,479,0
0,392,476,0
0,392,473,0
0,391,471,0
0,389,469,0
0,386,470,0
0,384,471,0
0,383,470,0
0,380,468,0
0,374,465,0
0,368,464,0
0,366,464,0
0,367,462,0
0,370,458,0
0,373,457,0
0,376,456,-8
0,378,456,0
0,375,458,0
0,372,462,0
0,363,468,0
0,355,476,0
0,354,483,0
0,352,489,0
0,352,492,0
0,357,493,0
0,359,494,0
0,358,492,0
0,358,491,0
0,358,488,0
0,360,485,0
0,361,484,0
0,364,486,0
0,369,488,0
0,372,495,0
0,375,498,8
0,378,497,0
0,378,492,0
0,378,487,0
0,375,477,0
0,373,471,0
0,372,456,0
0,378,447,0
0,391,404,0
0,393,397,0
0,395,389,-8
0,400,392,0
0,402,393,0
0,409,392,0
0,407,377,0
0,400,365,0
0,393,362,0
0,393,358,-8
0,392,355,0
0,390,361,0
0,386,369,0
0,381,370,0
0,383,370,0
0,385,374,0
0,387,376,0
0,390,373,0
0,392,374,0
0,392,376,0
0,389,374,0
0,388,370,0
0,384,367,0
0,382,368,0
0,380,371,0
0,380,372,0
0,379,371,0
0,378,370,0
0,378,370,0
0,378,373,0
0,379,375,0
0,380,376,0
0,380,377,0
0,379,381,0
0,378,385,0
0,379,389,0
0,381,393,0
0,381,392,0
0,382,393,0
0,382,393,0
0,381,392,0
0,380,391,0
0,379,388,0
0,379,387,0
0,382,387,0
0,384,386,0
0,383,384,0
0,383,381,0
0,383,382,0
0,383,382,0
0,384,384,0
0,385,387,0
0,387,388,0
0,388,388,8
0,389,389,8
0,391,388,0
0,393,390,0
0,396,390,0
0,398,389,0
0,399,389,0
0,398,390,0
0,396,391,0
0,395,393,0
0,394,395,0
0,394,397,0
0,393,399,0
0,390,399,0
0,387,399,0
0,385,399,0
0,384,399,0
0,382,399,0
0,380,400,0
0,378,402,0
0,377,404,0
0,376,403,0
0,376,403,8
0,378,405,0
0,380,403,0
0,383,403,0
0,384,403,0
0,386,402,0
0,388,405,0
0,389,406,-8
0,390,405,-8
0,391,404,-8
0,392,404,0
0,392,403,0
0,392,401,0
0,391,399,0
0,392,399,0
0,392,399,0
0,393,400,0
0,393,401,0
0,393,402,0
0,394,403,0
0,394,403,0
0,394,402,0
0,392,399,0
0,391,397,0
0,390,394,0
0,388,392,0
0,387,391,0
0,385,393,0
0,383,392,0
0,381,396,0
0,380,396,8
0,380,396,8
0,380,395,16
0,380,398,8
0,378,404,0
0,374,410,0
0,369,421,0
0,370,438,0
0,367,458,-8
0,363,508,-8
0,367,541,0
0,380,528,0
0,380,520,0
0,381,514,0
0,384,502,0
0,385,487,0
0,381,455,0
0,375,428,0
0,371,408,0
0,373,394,0
0,375,385,0
0,377,379,0
0,382,376,0
0,390,376,0
0,396,369,0
0,398,346,0
0,411,346,0
0,408,345,0
0,417,359,0
0,419,345,0
0,412,321,0
0,407,319,0
0,403,326,0
0,398,332,0
0,409,354,0
0,409,352,0
0,403,350,0
0,397,351,0
0,394,354,0
0,392,353,0
0,396,355,0
0,396,360,0
0,398,363,0
0,401,365,0
0,401,362,0
0,401,357,0
0,398,352,0
0,394,347,0
0,390,340,0
0,393,336,0
0,393,335,-8
0,395,341,0
0,410,351,0
0,423,363,0
0,430,369,0
0,430,368,0
0,426,364,0
0,417,358,0
0,406,347,0
0,385,333,0
0,366,329,0
0,357,317,0
0,352,338,0
0,346,356,0
0,342,372,0
0,344,385,0
0,341,390,0
0,362,393,0
0,391,401,0
0,410,409,0
0,419,410,0
0,428,414,0
0,435,421,0
0,439,429,0
0,442,438,0
0,445,444,0
0,447,451,0
0,448,452,0
0,444,453,0
0,440,454,0
0,438,454,0
0,435,453,0
0,433,451,0
0,430,448,0
0,427,445,0
0,426,442,0
0,424,440,0
0,422,438,0
0,419,434,0
0,417,432,0
0,415,429,0
0,414,424,0
0,412,421,0
0,411,419,0
0,410,416,0
0,408,414,0
0,406,416,0
0,404,422,0
0,402,428,0
0,398,424,0
0,396,420,0
0,393,416,0
0,390,413,0
0,384,405,0
0,368,403,0
0,359,405,0
0,358,406,0
0,360,406,0
0,362,402,0
0,356,393,0
0,355,377,0
0,360,372,0
0,359,386,0
0,344,381,8
0,341,394,0
0,340,403,0
0,339,413,0
0,341,425,0
0,345,437,0
0,347,443,0
0,351,449,0
0,353,457,0
0,353,464,0
0,350,467,0
0,346,465,0
0,342,463,0
0,340,460,0
0,338,456,0
0,336,451,0
0,332,440,0
0,331,432,0
0,331,427,0
0,331,427,0
0,332,430,0
0,330,430,0
0,330,427,0
0,329,422,0
0,329,419,0
0,329,418,0
0,329,419,0
0,330,418,0
0,330,418,0
0,329,416,0
0,327,414,0
0,326,410,0
0,324,407,0
0,324,406,0
0,324,405,0
0,326,406,0
0,330,408,0
0,332,406,0
0,332,403,0
0,332,402,0
0,332,401,0
0,333,401,0
0,334,403,0
0,333,405,0
0,333,405,0
0,334,406,0
0,335,405,0
0,338,406,0
0,341,403,0
0,344,397,0
0,346,398,0
0,347,400,0
0,348,401,0
0,351,403,0
0,352,404,0
0,351,404,0
0,349,402,0
0,347,400,0
0,345,397,0
0,340,392,0
0,337,387,0
0,343,387,0
0,345,388,0
0,345,392,0
0,345,395,0
0,341,396,0
0,338,397,0
0,336,396,0
0,335,394,0
0,334,393,0
0,333,393,0
0,332,393,0
0,330,392,0
0,327,389,0
0,324,387,0
0,321,384,0
0,319,384,0
0,320,387,0
0,321,391,0
0,324,394,0
0,326,397,0
0,328,398,0
0,328,396,0
0,327,394,0
0,329,394,0
0,329,390,0
0,328,386,0
0,328,378,0
0,330,372,0
0,333,366,0
0,340,356,0
0,345,347,0
0,349,344,0
0,345,350,0
0,352,355,0
0,359,353,0
0,355,356,0
0,340,359,0
0,325,365,0
0,318,365,0
0,310,353,0
0,301,358,0
0,339,414,0
0,354,434,0
0,356,437,0
0,354,432,0
0,347,423,0
0,342,425,8
0,342,431,0
0,343,439,0
0,344,442,0
0,343,440,0
0,342,438,0
0,340,433,0
0,335,420,0
0,334,418,0
0,332,404,0
0,323,401,0
0,339,469,0
0,345,494,0
0,344,505,0
0,342,509,0
0,341,511,0
0,340,509,0
0,339,507,0
0,339,507,0
0,338,507,0
0,337,507,0
0,336,504,0
0,335,498,0
0,334,490,0
0,337,480,0
0,343,472,0
0,355,474,0
0,370,479,0
0,373,474,0
0,370,471,0
0,362,467,0
0,351,454,0
0,344,442,0
0,342,432,0
0,341,425,0
0,345,422,0
0,349,420,0
0,351,418,0
0,349,418,0
0,352,418,0
0,356,417,0
0,357,413,0
0,357,410,0
0,355,404,0
0,350,400,0
0,348,399,0
0,346,402,0
0,346,404,0
0,347,404,0
0,348,402,-8
0,350,399,-8
0,350,398,0
0,350,396,0
0,347,396,0
0,344,397,0
0,343,397,0
0,344,397,0
0,346,395,0
0,347,393,0
0,346,391,0
0,347,388,0
0,348,384,0
0,349,386,0
0,352,389,0
0,354,392,0
0,357,391,0
0,358,393,0
0,359,392,0
0,360,389,0
0,361,387,0
0,362,384,0
0,364,380,0
0,363,374,0
0,364,368,0
0,366,369,0
0,370,374,0
0,368,376,0
0,366,373,0
0,360,363,0
0,359,363,0
0,361,369,0
0,362,379,8
0,362,383,0
0,362,381,0
0,364,375,0
0,366,368,0
0,368,364,0
0,373,359,8
0,376,356,0
0,380,352,0
0,382,341,0
0,385,352,0
0,399,419,0
0,401,429,0
0,402,437,0
0,404,442,0
0,410,448,0
0,414,453,0
0,412,460,0
0,406,466,0
0,393,473,0
0,373,476,0
0,352,477,0
0,341,468,0
0,341,463,0
0,348,449,0
0,357,440,0
0,367,433,0
0,373,426,0
0,374,418,0
0,372,413,0
0,368,413,0
0,364,413,0
0,363,412,0
0,362,411,0
0,362,408,0
0,360,406,0
0,360,404,0
0,358,404,0
0,359,403,0
0,361,403,0
0,364,402,0
0,368,401,0
0,375,399,0
0,381,395,0
0,402,388,0
0,405,384,0
0,407,382,0
0,408,382,0
0,407,380,0
0,408,378,0
0,405,374,0
0,405,373,0
0,407,375,0
0,408,379,0
0,404,380,0
0,402,380,0
0,401,379,0
0,399,383,0
0,397,390,0
0,396,396,0
0,395,401,0
0,392,404,0
0,389,408,0
0,385,415,0
0,383,420,0
0,383,422,0
0,381,422,0
0,375,424,0
0,363,427,0
0,348,428,0
0,305,428,0
0,298,418,0
0,301,416,0
0,303,413,0
0,307,412,0
0,312,409,0
0,326,399,0
0,336,389,0
0,343,381,0
0,349,372,0
0,354,364,0
0,359,348,0
0,362,335,0
0,360,328,0
0,366,346,0
0,361,343,0
0,363,336,0
0,379,341,0
0,386,361,0
0,392,361,0
0,388,361,0
0,378,361,0
0,379,368,0
0,380,369,0
0,377,378,0
0,377,384,0
0,371,380,0
0,368,379,0
0,371,389,0
0,377,402,0
0,378,404,0
0,378,405,0
0,378,405,0
0,377,406,0
0,375,406,0
0,374,403,0
0,376,401,0
0,378,400,0
0,381,398,0
0,385,398,0
0,386,399,0
0,387,399,0
0,387,399,0
0,387,399,0
0,385,396,0
0,383,394,0
0,384,394,0
0,385,394,0
0,386,395,0
0,387,397,0
0,387,397,0
0,388,396,0
0,389,395,0
0,391,394,0
0,395,394,0
0,400,398,0
0,402,401,0
0,403,402,0
0,403,401,0
0,400,400,0
0,400,399,0
0,401,402,0
0,402,405,0
0,403,406,0
0,404,406,0
0,405,404,0
0,405,401,0
0,405,399,0
0,404,401,0
0,399,405,0
0,395,410,0
0,395,415,0
0,395,418,0
0,394,421,0
0,395,420,0
0,396,416,0
0,398,413,0
0,399,411,0
0,402,409,0
0,402,408,0
0,396,412,0
0,393,417,0
0,391,418,0
0,391,415,0
0,393,412,0
0,394,410,0
0,394,409,0
0,394,409,0
0,394,409,0
0,394,408,0
0,392,409,0
0,392,409,0
0,392,409,0
0,393,409,0
0,394,409,0
0,395,408,0
0,394,408,0
0,392,407,0
0,390,409,0
0,388,411,0
0,387,414,0
0,385,417,0
0,385,420,0
0,384,421,0
0,383,421,0
0,382,419,0
0,381,419,0
0,380,417,0
0,380,416,0
0,379,415,0
0,379,415,0
0,377,417,0
0,377,417,0
0,377,417,0
0,376,419,0
0,373,422,0
0,371,425,0
0,368,428,0
0,368,430,0
0,369,430,0
0,370,429,0
0,372,427,0
0,373,424,0
0,375,421,0
0,376,414,0
0,376,408,0
0,375,404,0
0,373,400,0
0,371,399,0
0,372,395,0
0,374,391,0
0,378,391,0
0,385,394,0
0,393,398,0
0,400,403,0
0,405,408,0
0,407,407,0
0,409,416,0
0,409,417,0
0,409,418,0
0,407,419,0
0,405,419,8
0,404,419,8
0,404,419,0
0,404,417,8
0,406,416,8
0,408,419,0
0,408,425,0
0,405,436,0
0,402,445,0
0,401,449,0
0,401,453,0
0,400,456,0
0,399,457,0
0,399,451,0
0,396,451,0
0,388,455,0
0,374,462,0
0,354,468,0
0,302,488,0
0,262,494,0
0,231,485,0
0,212,472,0
0,228,464,0
0,252,454,0
0,277,442,0
0,317,425,0
0,345,418,0
0,352,417,0
0,356,416,0
0,359,415,0
0,364,415,0
0,364,416,0
0,362,417,0
0,360,414,0
0,359,413,0
0,361,412,0
0,362,409,0
0,364,409,0
0,364,407,0
0,364,406,0
0,364,404,0
0,363,402,0
0,359,401,0
0,357,400,0
0,361,402,0
0,365,403,0
0,369,402,8
0,370,402,0
0,369,402,0
0,366,400,0
0,364,398,0
0,364,398,0
0,363,396,0
0,364,394,0
0,366,393,0
0,366,393,0
0,366,391,0
0,368,390,0
0,369,389,0
0,369,388,0
0,370,386,8
0,372,386,0
0,373,386,0
0,373,386,8
0,373,387,8
0,374,388,0
0,375,387,0
0,377,388,0
0,379,388,0
0,382,388,0
0,385,389,0
0,387,390,-8
0,388,390,0
0,389,390,-8
0,390,389,0
0,391,390,0
0,391,390,0
0,392,390,0
0,392,389,0
0,392,389,0
0,393,390,0
0,394,392,0
0,394,392,0
0,395,391,0
0,396,390,0
0,397,390,0
0,398,391,0
0,398,392,0
0,398,393,0
0,398,396,0
0,397,398,0
0,397,399,0
0,397,399,0
0,397,399,0
0,397,399,0
0,398,399,0
0,398,400,0
0,399,400,0
0,399,401,0
0,399,401,0
0,399,401,0
0,398,399,0
0,399,398,0
0,398,396,0
0,397,394,0
0,396,394,0
0,394,396,0
0,392,397,0
0,391,396,0
0,389,394,0
0,389,392,0
0,385,387,0
0,383,385,0
0,383,385,0
0,383,385,0
0,379,385,0
0,375,385,0
0,374,382,0
0,375,380,0
0,375,378,0
0,376,376,0
0,378,376,0
0,380,376,0
0,382,375,0
0,384,376,0
0,384,377,0
0,383,379,0
0,384,382,0
0,385,382,0
0,385,382,0
0,387,383,0
0,387,383,0
0,384,381,0
0,384,382,0
0,382,381,0
0,382,381,0
0,383,381,0
0,385,381,0
0,386,382,0
0,388,382,0
0,390,383,0
0,393,385,0
0,396,387,0
0,397,389,0
0,397,390,0
0,394,387,0
0,393,386,0
0,393,385,0
0,394,385,0
0,395,385,0
0,395,385,0
0,395,386,0
0,396,386,0
0,396,386,0
0,397,386,0
0,397,386,0
0,398,388,0
0,397,389,0
0,397,390,0
0,397,390,0
0,397,389,0
0,397,388,0
0,398,386,0
0,400,388,0
0,402,390,0
0,403,391,0
0,403,392,0
0,403,392,0
0,403,393,0
0,402,393,0
0,401,394,0
0,400,393,0
0,400,393,0
0,400,393,0
0,400,392,0
0,401,393,0
0,402,394,0
0,403,396,0
0,403,397,0
0,404,398,0
0,404,400,0
0,405,401,0
0,405,402,0
0,405,402,0
0,405,402,0
0,406,402,0
0,406,401,0
0,407,400,0
0,407,398,0
0,406,397,0
0,405,396,0
0,404,396,0
0,402,395,0
0,400,394,0
0,398,392,0
0,397,391,0
0,398,391,0
0,397,389,0
0,396,389,0
0,395,388,0
0,395,388,0
0,397,388,0
0,396,387,0
0,396,386,0
0,398,388,0
0,398,388,0
0,397,387,0
0,396,386,0
0,395,386,0
0,396,386,0
0,397,387,0
0,400,387,0
0,401,385,0
0,400,382,0
0,401,380,0
0,403,380,0
0,408,383,0
0,415,388,0
0,420,393,-8
0,420,397,0
0,420,399,0
0,420,400,0
0,420,400,0
0,422,404,0
0,424,406,0
0,428,407,0
0,433,410,0
0,438,412,0
0,439,413,0
0,439,411,0
0,434,406,0
0,428,407,0
0,423,403,0
0,422,402,0
0,421,402,0
0,423,400,0
0,426,402,0
0,426,402,0
0,425,400,0
0,423,398,0
0,421,396,0
0,418,394,0
0,415,393,0
0,412,391,0
0,407,389,0
0,404,389,0
0,401,386,0
0,398,387,0
0,401,387,0
0,402,386,0
0,400,382,0
0,402,380,0
0,405,382,0
0,408,383,0
0,410,385,0
0,415,387,8
0,418,389,0
0,418,390,0
0,416,390,0
0,414,389,0
0,415,390,0
0,417,390,0
0,418,391,0
0,418,394,0
0,415,398,0
0,414,401,0
0,413,400,0
0,412,397,0
0,411,397,0
0,409,395,0
0,408,394,0
0,409,392,0
0,411,391,0
0,413,392,0
0,417,395,-8
0,425,400,-8
0,431,403,0
0,431,402,0
0,431,400,0
0,431,400,0
0,431,399,0
0,430,399,0
0,429,399,0
0,429,399,0
0,429,398,0
0,430,398,0
0,430,396,0
0,427,392,0
0,426,390,0
0,425,389,0
0,426,388,0
0,427,389,0
0,427,389,0
0,426,387,0
0,425,386,0
0,423,383,0
0,424,384,0
0,426,383,0
0,428,384,0
0,430,384,0
0,432,383,0
0,434,383,0
0,437,383,0
0,439,381,0
0,438,379,0
0,436,378,0
0,435,376,0
0,435,375,0
0,435,373,0
0,436,371,0
0,435,368,0
0,435,364,0
0,433,362,0
0,433,361,8
0,428,358,0
0,423,355,0
0,419,355,0
0,418,360,0
0,417,370,0
0,414,374,0
0,413,376,0
0,410,373,0
0,404,369,0
0,401,369,0
0,402,371,0
0,404,374,0
0,404,378,0
0,403,377,0
0,405,376,0
0,410,376,0
0,411,378,0
0,412,380,0
0,411,380,0
0,412,380,0
0,415,377,8
0,417,375,0
0,420,370,0
0,422,372,0
0,424,374,0
0,424,376,0
0,425,376,0
0,425,376,0
0,426,376,0
0,425,375,0
0,425,375,0
0,424,375,0
0,425,375,0
0,425,376,0
0,422,376,0
0,422,376,0
0,423,378,0
0,425,379,0
0,424,379,0
0,421,378,0
0,417,378,0
0,415,374,-8
0,415,376,0
0,414,380,0
0,414,384,0
0,412,384,0
0,409,383,0
0,406,380,0
0,404,379,0
0,404,377,0
0,404,376,0
0,404,374,0
0,405,374,0
0,407,374,0
0,412,373,0
0,416,374,0
0,414,376,0
0,410,377,0
0,407,378,0
0,405,377,0
0,403,376,0
0,400,373,0
0,399,371,0
0,403,374,0
0,406,376,0
0,408,378,0
0,410,379,0
0,411,379,0
0,413,379,0
0,413,379,0
0,412,379,0
0,412,378,0
0,409,374,0
0,404,372,0
0,402,366,0
0,405,363,0
0,409,361,0
0,412,360,0
0,414,362,0
0,412,361,0
0,404,361,0
0,403,367,0
0,407,373,0
0,411,379,0
0,414,382,0
0,416,383,0
0,416,384,0
0,416,384,0
0,415,383,8
0,415,383,0
0,415,384,0
0,414,383,0
0,414,383,0
0,413,384,0
0,413,384,0
0,412,384,0
0,412,384,0
0,411,383,0
0,409,380,0
0,409,379,0
0,410,380,0
0,410,379,0
0,409,377,0
0,407,376,0
0,406,375,0
0,407,376,0
0,413,378,0
0,417,380,0
0,419,383,0
0,419,385,0
0,418,387,0
0,416,388,0
0,410,385,0
0,406,383,0
0,400,385,0
0,395,386,0
0,393,387,0
0,393,387,0
0,393,388,0
0,392,387,-8
0,394,389,-8
0,396,390,0
0,397,390,0
0,397,388,0
0,398,387,0
0,399,387,0
0,400,388,0
0,400,387,0
0,401,387,0
0,401,388,0
0,402,393,0
0,405,395,0
0,407,395,0
0,408,394,0
0,408,393,0
0,409,393,0
0,410,393,0
0,411,392,0
0,411,392,0
0,412,392,0
0,413,392,0
0,414,391,0
0,414,391,0
0,416,391,0
0,419,394,0
0,422,397,0
0,422,397,0
0,422,397,0
0,421,396,0
0,419,393,-8
0,418,391,0
0,417,388,0
0,415,386,0
0,415,385,0
0,416,385,0
0,416,388,0
0,416,389,0
0,415,390,0
0,415,390,0
0,415,388,0
0,414,386,0
0,413,384,0
0,413,385,0
0,412,384,0
0,412,383,0
0,413,381,0
0,414,380,0
0,415,381,0
0,416,379,0
0,414,375,0
0,414,373,0
0,413,373,0
0,413,373,0
0,413,374,0
0,413,374,0
0,412,374,0
0,412,374,0
0,411,374,0
0,411,374,0
0,412,375,0
0,412,375,0
0,411,375,0
0,410,374,0
0,410,373,0
0,409,372,0
0,408,371,0
0,408,373,0
0,409,376,0
0,410,379,0
0,410,379,0
0,411,379,0
0,411,378,0
0,411,377,0
0,410,377,0
0,409,377,0
0,409,376,0
0,410,376,0
0,412,375,0
0,415,373,0
0,419,368,8
0,421,367,0
0,420,366,0
0,420,369,0
0,421,371,0
0,422,374,0
0,422,377,0
0,419,378,0
0,416,378,0
0,417,377,0
0,417,377,0
0,416,378,0
0,414,380,0
0,414,381,0
0,416,386,0
0,415,388,0
0,413,389,0
0,410,389,0
0,406,392,0
0,404,394,0
0,401,392,0
0,401,391,0
0,402,392,0
0,401,394,0
0,400,398,0
0,399,402,0
0,398,406,0
0,398,411,0
0,398,417,0
0,399,421,0
0,398,421,8
0,398,419,0
0,397,416,0
0,396,414,0
0,395,410,0
0,393,409,0
0,391,409,0
0,390,410,0
0,392,408,0
0,395,407,0
0,396,409,0
0,395,411,0
0,392,413,0
0,390,419,0
0,388,422,0
0,387,418,0
0,386,413,0
0,384,408,0
0,372,397,0
0,355,397,0
0,325,404,0
0,318,416,0
0,340,415,0
0,388,401,0
0,465,403,0
0,526,407,0
0,606,429,0
0,704,538,0
0,796,642,0
0,735,621,0
0,668,584,0
0,640,566,0
0,630,561,0
0,619,555,0
0,609,549,0
0,598,547,0
0,587,547,0
0,582,549,0
0,574,555,0
0,567,562,0
0,560,569,0
0,551,570,0
0,540,567,0
0,533,563,0
0,531,559,0
0,529,555,0
0,522,544,0
0,512,536,0
0,507,533,0
0,503,530,0
0,499,527,0
0,495,524,0
0,492,521,0
0,489,519,0
0,486,516,0
0,483,514,0
0,479,511,0
0,476,509,0
0,472,506,0
0,467,503,0
0,462,499,0
0,457,495,0
0,453,492,0
0,452,491,0
0,449,490,8
0,448,489,8
0,448,485,-16
0,447,479,0
0,445,474,0
0,443,468,0
0,440,463,0
0,433,452,0
0,425,442,0
0,416,433,0
0,413,426,0
0,414,419,0
0,414,411,0
0,414,401,0
0,412,394,0
0,409,389,0
0,407,387,0
0,406,388,0
0,405,391,0
0,402,393,0
0,401,394,0
0,401,394,0
0,401,394,0
0,401,394,0
0,400,394,0
0,400,395,0
0,401,395,0
0,400,396,0
0,399,396,0
0,398,396,0
0,397,397,0
0,398,394,0
0,400,393,0
0,400,392,0
0,400,391,0
0,400,390,0
0,399,389,0
0,398,387,0
0,396,385,0
0,394,386,0
0,393,388,0
0,393,392,0
0,392,392,0
0,390,393,8
0,389,395,8
0,390,393,-8
0,390,395,0
0,390,397,0
0,390,400,0
0,390,405,0
0,392,415,0
0,395,434,0
0,399,455,0
0,401,466,0
0,400,471,0
0,396,469,0
0,392,463,0
0,391,460,0
0,391,456,0
0,391,446,0
0,393,440,0
0,393,436,0
0,392,431,0
0,389,428,0
0,384,420,0
0,382,419,0
0,383,426,0
0,386,432,0
0,394,441,0
0,401,450,0
0,403,454,0
0,402,453,0
0,398,452,-8
0,396,450,0
0,393,451,0
0,392,448,0
0,390,444,0
0,389,441,0
0,388,439,0
0,387,438,0
0,387,439,0
0,386,441,0
0,386,442,8
0,387,442,0
0,386,441,-8
0,386,441,0
0,385,439,0
0,382,434,0
0,382,431,8
0,382,432,0
0,387,437,0
0,391,447,0
0,398,457,0
0,401,462,0
0,399,457,0
0,399,448,0
0,403,443,0
0,413,440,0
0,421,439,0
0,416,416,0
0,398,392,0
0,377,370,0
0,359,358,0
0,349,350,0
0,344,338,0
0,345,340,0
0,350,339,0
0,360,347,0
0,375,354,0
0,392,364,0
0,405,376,0
0,403,375,0
0,404,390,0
0,409,397,0
0,421,405,0
0,433,417,0
0,435,418,0
0,439,420,0
0,441,425,0
0,444,426,0
0,448,436,0
0,449,436,0
0,449,428,0
0,451,416,0
0,453,412,0
0,455,409,0
0,450,398,0
0,442,391,0
0,444,395,0
0,445,401,0
0,447,403,0
0,448,405,0
0,449,407,0
0,449,407,0
0,449,408,0
0,447,413,0
0,445,417,0
0,444,418,0
0,444,419,0
0,444,419,0
0,445,419,0
0,447,419,0
0,447,419,0
0,446,418,0
0,446,418,0
0,447,418,0
0,448,418,0
0,448,419,0
0,449,420,0
0,449,422,0
0,448,424,0
0,448,424,0
0,448,423,0
0,448,422,0
0,448,422,0
0,450,423,0
0,452,424,0
0,455,425,0
0,457,424,0
0,459,426,0
0,462,426,0
0,466,424,0
0,471,424,0
0,474,425,0
0,474,426,0
0,470,429,0
0,466,435,0
0,462,441,0
0,460,446,0
0,458,448,0
0,457,450,0
0,454,451,0
0,451,449,0
0,451,446,0
0,454,442,0
0,457,439,0
0,455,439,0
0,452,442,0
0,448,444,0
0,443,446,0
0,439,448,0
0,434,448,0
0,430,451,0
0,428,454,0
0,430,457,0
0,434,459,0
0,436,457,0
0,438,457,0
0,438,459,0
0,437,459,0
0,435,460,0
0,434,460,0
0,436,461,0
0,437,463,0
0,437,462,0
0,440,463,0
0,444,467,0
0,446,472,0
0,447,474,0
0,446,476,0
0,445,478,0
0,446,479,0
0,444,479,0
0,437,477,0
0,431,476,0
0,427,475,0
0,424,474,0
0,421,473,0
0,417,471,0
0,413,467,0
0,413,464,0
0,414,464,0
0,415,464,0
0,417,463,0
0,419,463,0
0,418,460,0
0,416,459,0
0,414,459,0
0,411,457,0
0,411,452,0
0,410,452,0
0,407,450,8
0,405,452,0
0,406,451,0
0,407,450,0
0,407,450,0
0,407,451,0
0,406,451,0
0,404,452,0
0,402,455,0
0,401,455,0
0,400,454,0
0,398,452,0
0,398,451,0
0,397,450,0
0,396,450,0
0,395,448,0
0,394,446,0
0,393,444,0
0,391,441,0
0,390,438,0
0,389,438,0
0,388,437,0
0,388,438,0
0,390,439,0
0,391,440,0
0,390,437,0
0,388,433,0
0,387,430,0
0,386,429,0
0,385,429,0
0,384,429,0
0,385,432,0
0,385,432,0
0,387,429,0
0,387,427,0
0,386,425,0
0,386,425,0
0,385,426,0
0,385,427,0
0,387,430,0
0,388,433,0
0,388,434,0
0,389,432,0
0,387,428,0
0,386,426,0
0,382,422,0
0,380,421,0
0,383,422,0
0,384,422,0
0,385,422,0
0,384,420,0
0,384,418,8
0,385,419,8
0,384,422,8
0,387,424,0
0,388,429,0
0,387,436,0
0,385,440,0
0,383,443,0
0,379,443,0
0,377,444,0
0,378,447,0
0,382,451,0
0,386,456,0
0,389,461,0
0,390,465,0
0,391,468,0
0,393,468,0
0,395,470,0
0,396,473,0
0,398,476,0
0,397,480,0
0,399,484,0
0,404,487,0
0,408,489,0
0,410,489,0
0,412,491,0
0,414,492,0
0,418,493,0
0,422,493,0
0,425,491,0
0,423,489,0
0,417,484,0
0,409,480,0
0,393,478,0
0,356,477,0
0,370,480,0
0,374,481,0
0,375,483,0
0,376,487,0
0,375,490,0
0,373,491,0
0,369,490,0
0,368,489,0
0,363,484,0
0,356,479,0
0,352,477,0
0,350,478,0
0,345,475,0
0,344,473,0
0,349,474,0
0,352,475,0
0,351,472,-8
0,350,473,0
0,351,478,0
0,352,482,0
0,353,486,0
0,357,487,0
0,359,486,0
0,359,481,0
0,359,478,0
0,359,475,0
0,360,473,0
0,359,469,0
0,356,465,0
0,356,462,8
0,361,461,0
0,366,462,0
0,368,463,0
0,369,464,8
0,370,466,0
0,369,465,-8
0,368,464,-8
0,369,464,0
0,370,465,0
0,373,467,8
0,373,470,0
0,373,468,0
0,373,466,8
0,373,464,0
0,373,462,0
0,375,457,0
0,376,452,0
0,377,451,0
0,378,448,0
0,379,444,0
0,380,440,0
0,380,438,0
0,380,436,0
0,382,435,0
0,385,433,0
0,386,430,0
0,388,427,0
0,389,423,0
0,389,419,0
0,388,417,0
0,388,416,0
0,389,415,0
0,390,415,0
0,390,415,0
0,391,416,0
0,390,416,0
0,390,417,0
0,389,417,0
0,388,416,0
0,390,414,0
0,391,410,0
0,392,407,0
0,390,402,0
0,386,403,0
0,384,402,0
0,385,400,0
0,386,398,0
0,388,398,0
0,391,399,0
0,393,400,0
0,394,400,0
0,395,399,0
0,396,398,0
0,397,396,0
0,396,395,8
0,393,395,0
0,390,395,0
0,390,396,0
0,388,398,0
0,388,398,0
0,385,397,0
0,387,394,0
0,388,394,0
0,388,397,0
0,389,398,0
0,389,398,0
0,391,399,0
0,394,400,0
0,396,401,0
0,398,401,0
0,398,401,0
0,399,402,0
0,399,404,0
0,398,402,0
0,398,401,0
0,398,401,0
0,399,397,-8
0,397,394,0
0,396,392,0
0,397,391,0
0,399,392,0
0,401,393,0
0,405,394,0
0,408,396,0
0,410,398,0
0,411,398,0
0,412,397,0
0,412,396,0
0,412,398,0
0,414,403,0
0,416,406,0
0,418,407,0
0,417,404,0
0,417,403,0
0,416,402,0
0,414,399,0
0,411,397,0
0,412,395,0
0,413,393,0
0,413,391,0
0,413,390,0
0,413,391,0
0,413,391,0
0,413,392,0
0,413,393,0
0,413,390,0
0,412,386,0
0,412,384,0
0,413,384,0
0,418,385,0
0,420,386,0
0,425,385,0
0,434,381,8
0,436,380,0
0,435,379,0
0,434,378,0
0,430,375,0
0,425,370,0
0,418,369,0
0,418,368,0
0,417,367,0
0,413,362,0
0,412,361,0
0,409,363,0
0,406,361,0
0,405,359,0
0,406,361,0
0,406,364,0
0,404,364,0
0,403,365,0
0,403,366,0
0,404,368,0
0,406,371,0
0,408,374,0
0,410,373,8
0,410,371,0
0,407,368,0
0,404,368,0
0,403,369,0
0,403,370,0
0,405,370,0
0,403,368,-8
0,402,368,0
0,400,368,0
0,399,370,0
0,400,371,0
0,399,373,8
0,397,373,0
0,394,375,0
0,394,379,0
0,395,385,0
0,396,388,0
0,395,387,0
0,393,385,0
0,391,388,0
0,385,396,0
0,379,406,0
0,376,418,0
0,376,425,0
0,379,428,0
0,384,435,0
0,386,438,0
0,387,439,0
0,387,440,0
0,385,436,0
0,380,430,0
0,377,428,0
0,370,419,0
0,369,417,0
0,369,419,0
0,374,426,0
0,385,435,0
0,393,439,0
0,399,437,0
0,402,433,0
0,405,431,0
0,409,430,0
0,411,431,0
0,413,430,0
0,415,431,0
0,415,432,0
0,413,431,0
0,411,433,0
0,410,435,0
0,410,438,0
0,411,440,0
0,412,439,0
0,412,440,0
0,410,439,0
0,408,439,0
0,406,440,0
0,404,443,-8
0,403,443,0
0,401,441,0
0,401,441,0
0,402,440,0
0,403,437,0
0,403,435,0
0,402,433,0
0,402,431,0
0,401,430,0
0,401,427,0
0,401,427,0
0,402,425,0
0,403,421,0
0,403,418,0
0,405,415,0
0,407,414,0
0,406,411,0
0,404,408,0
0,403,405,0
0,402,402,0
0,400,399,0
0,401,397,0
0,402,396,0
0,402,394,0
0,402,392,0
0,402,394,0
0,402,393,0
0,402,392,0
0,402,390,0
0,403,389,0
0,404,389,0
0,406,390,0
0,406,389,0
0,406,390,0
0,406,389,0
0,406,388,0
0,406,388,0
0,406,386,0
0,405,384,0
0,405,382,0
0,404,383,0
0,400,381,0
0,398,380,0
0,398,379,0
0,400,378,0
0,400,377,0
0,401,376,0
0,401,375,0
0,401,375,0
0,401,376,0
0,401,376,0
0,400,375,0
0,400,375,0
0,401,374,0
0,402,374,0
0,402,373,0
0,403,371,0
0,403,370,0
0,404,370,0
0,404,370,0
0,405,370,0
0,406,370,0
0,407,369,0
0,407,368,0
0,407,366,0
0,407,364,0
0,406,363,0
0,407,360,0
0,408,358,0
0,407,356,0
0,407,358,0
0,406,359,0
0,405,359,0
0,406,359,0
0,404,360,-8
0,404,361,0
0,404,361,0
0,408,361,0
0,409,364,0
0,408,366,0
0,407,369,0
0,409,371,0
0,411,373,0
0,411,379,0
0,410,381,0
0,408,379,0
0,406,376,0
0,407,376,0
0,413,375,0
0,419,371,0
0,419,368,0
0,418,367,0
0,415,363,0
0,413,361,0
0,411,358,0
0,409,356,0
0,410,359,0
0,411,363,0
0,411,362,0
0,411,360,0
0,411,359,0
0,411,360,0
0,412,362,0
0,411,363,0
0,410,363,0
0,408,363,0
0,407,362,0
0,406,361,0
0,404,360,0
0,400,358,0
0,395,356,0
0,383,351,0
0,374,348,0
0,367,343,0
0,362,340,0
0,361,343,0
0,363,346,0
0,365,347,0
0,372,350,0
0,377,356,0
0,382,366,0
0,385,374,0
0,389,378,0
0,387,391,0
0,381,393,-8
0,379,396,0
0,377,400,0
0,374,401,0
0,372,401,0
0,372,401,0
0,373,400,0
0,372,399,0
0,373,399,0
0,372,399,0
0,370,398,0
0,369,395,0
0,369,393,0
0,371,393,0
0,371,390,0
0,369,386,0
0,366,386,0
0,368,387,0
0,371,387,0
0,372,387,0
0,374,386,0
0,375,385,0
0,375,385,0
0,376,384,0
0,376,383,0
0,375,386,0
0,374,384,0
0,373,384,0
0,371,383,0
0,371,383,0
0,372,382,0
0,375,381,0
0,377,380,0
0,380,381,0
0,382,381,0
0,382,381,0
0,381,379,0
0,380,378,0
0,378,377,0
0,377,375,0
0,377,374,0
0,379,374,0
0,380,375,0
0,381,376,0
0,382,376,0
0,383,375,0
0,385,375,0
0,386,376,0
0,387,377,0
0,388,378,0
0,388,378,0
0,388,377,0
0,386,374,0
0,383,371,0
0,381,368,0
0,380,367,0
0,379,366,0
0,377,365,0
0,374,364,0
0,373,364,0
0,373,364,0
0,372,363,0
0,372,364,0
0,374,367,0
0,374,368,0
0,373,367,0
0,371,365,0
0,370,364,0
0,369,362,0
0,367,358,0
0,366,356,0
0,367,356,0
0,365,352,0
0,368,356,0
0,372,359,0
0,376,361,0
0,377,366,0
0,376,370,0
0,377,371,0
0,377,371,0
0,378,369,0
0,380,370,0
0,380,372,0
0,380,374,0
0,380,375,0
0,382,374,0
0,384,375,0
0,386,377,0
0,387,381,0
0,391,386,0
0,393,389,0
0,393,391,0
0,394,390,0
0,395,389,0
0,394,387,0
0,391,384,0
0,391,384,0
0,391,382,0
0,392,384,0
0,396,389,0
0,400,396,0
0,406,405,0
0,412,413,0
0,415,420,0
0,415,425,0
0,414,430,0
0,413,434,0
0,411,437,0
0,409,439,0
0,408,442,0
0,403,441,0
0,397,442,0
0,393,446,0
0,391,450,0
0,390,456,0
0,390,460,0
0,389,461,0
0,385,458,0
0,377,452,0
0,370,447,0
0,352,442,0
0,370,452,0
0,411,470,0
0,457,485,0
0,466,472,0
0,457,456,0
0,441,443,0
0,433,437,0
0,483,477,0
0,585,569,0
0,551,620,0
0,382,630,0
0,198,624,0
0,20,608,0
0,-143,590,0
0,-291,570,0
0,-421,550,0
0,-533,532,0
0,-630,516,0
0,-693,501,0
0,-546,473,0
0,-396,448,0
0,-265,431,0
0,-120,427,0
0,0,418,0
0,84,400,0
0,146,398,0
0,186,375,0
0,231,363,0
0,245,358,0
0,257,377,0
0,269,392,8
0,281,409,8
0,294,425,8
0,304,455,0
0,318,476,8
0,335,473,0
0,345,472,8
0,357,475,0
0,360,473,0
0,361,467,0
0,368,462,0
0,373,461,0
0,372,465,-8
0,372,466,0
0,372,467,-8
0,373,466,0
0,376,464,-8
0,375,462,0
0,376,462,0
0,376,462,0
0,380,459,0
0,385,456,0
0,391,455,0
0,394,455,0
0,395,458,0
0,395,461,0
0,396,462,0
0,397,463,0
0,399,461,0
0,398,458,0
0,394,451,0
0,389,445,0
0,386,442,0
0,375,430,0
0,359,417,0
0,344,405,0
0,327,407,0
0,341,416,0
0,350,415,0
0,357,421,0
0,363,430,0
0,364,432,0
0,366,436,0
0,368,440,0
0,373,444,0
0,376,445,0
0,377,446,0
0,373,445,0
0,371,445,0
0,369,445,0
0,368,444,0
0,370,445,0
0,373,447,0
0,376,449,0
0,378,452,0
0,380,456,0
0,379,458,0
0,377,460,0
0,374,459,0
0,372,457,0
0,367,455,0
0,365,455,0
0,368,453,0
0,372,454,0
0,373,456,0
0,376,461,0
0,377,465,0
0,373,462,0
0,371,459,0
0,370,458,0
0,371,460,0
0,379,467,0
0,384,471,0
0,383,470,0
0,382,469,0
0,381,470,0
0,383,472,0
0,386,476,0
0,388,479,0
0,389,481,0
0,390,483,0
0,393,488,0
0,397,493,0
0,397,493,0
0,390,485,0
0,385,481,0
0,383,479,0
0,379,473,0
0,375,466,0
0,363,456,0
0,358,458,0
0,351,450,0
0,347,439,0
0,348,432,0
0,351,425,0
0,356,422,0
0,364,422,0
0,371,425,0
0,378,431,0
0,385,438,0
0,392,445,0
0,393,448,0
0,395,450,0
0,394,449,0
0,392,444,0
0,391,443,0
0,393,443,0
0,395,444,0
0,397,447,0
0,400,449,0
0,402,450,0
0,404,452,0
0,407,454,0
0,409,455,0
0,411,456,0
0,409,455,0
0,407,453,0
0,408,453,0
0,410,455,0
0,412,458,0
0,413,459,0
0,413,461,0
0,409,460,0
0,408,461,0
0,410,461,0
0,410,460,0
0,411,461,0
0,410,461,0
0,408,459,0
0,409,457,0
0,412,459,0
0,414,466,0
0,414,471,0
0,416,474,0
0,418,476,0
0,419,477,0
0,420,477,0
0,420,477,0
0,420,476,0
0,419,474,0
0,417,473,0
0,416,472,0
0,416,471,0
0,416,471,0
0,416,470,0
0,416,470,0
0,416,470,0
0,414,470,0
0,414,472,0
0,409,474,0
0,412,473,0
0,417,481,0
0,421,496,0
0,423,509,0
0,424,513,0
0,424,513,0
0,422,511,0
0,421,508,0
0,419,504,0
0,418,502,0
0,419,501,0
0,422,505,0
0,424,506,0
0,424,505,0
0,423,505,0
0,420,504,0
0,419,504,0
0,420,504,0
0,421,503,0
0,421,501,0
0,425,499,0
0,428,496,0
0,437,493,0
0,445,491,0
0,451,491,0
0,452,488,0
0,447,481,0
0,443,478,0
0,441,476,0
0,439,475,0
0,440,477,0
0,438,478,0
0,436,477,0
0,432,474,0
0,428,471,0
0,425,467,0
0,425,466,0
0,430,467,0
0,435,468,0
0,435,465,0
0,434,466,0
0,429,464,8
0,425,465,0
0,422,462,8
0,421,459,8
0,420,458,0
0,420,460,0
0,419,464,0
0,420,470,0
0,422,477,0
0,424,481,0
0,425,482,0
0,423,481,0
0,420,480,0
0,412,479,0
0,404,479,0
0,396,481,-8
0,388,482,0
0,376,479,0
0,367,478,0
0,361,477,0
0,356,478,0
0,352,479,0
0,348,482,0
0,349,485,0
0,348,486,0
0,348,486,0
0,350,486,0
0,353,487,0
0,353,488,0
0,351,490,0
0,346,492,0
0,340,494,0
0,337,497,-8
0,337,496,-8
0,340,496,-8
0,346,494,-8
0,350,491,0
0,354,490,0
0,354,487,0
0,356,484,0
0,359,481,0
0,361,479,0
0,362,477,0
0,363,474,0
0,362,472,0
0,361,470,0
0,360,466,0
0,359,463,0
0,358,461,0
0,357,461,0
0,357,460,0
0,355,459,0
0,354,458,0
0,352,457,0
0,349,456,0
0,347,451,0
0,346,445,0
0,346,442,0
0,346,439,0
0,346,438,0
0,346,438,8
0,345,442,0
0,347,445,8
0,346,447,0
0,348,447,0
0,350,445,0
0,352,443,-8
0,355,444,-8
0,358,443,-8
0,360,441,-8
0,361,440,-8
0,360,437,-8
0,360,434,-8
0,359,431,-8
0,358,426,0
0,357,423,0
0,357,422,0
0,357,420,0
0,357,419,0
0,357,418,0
0,358,417,0
0,360,417,0
0,362,417,0
0,363,416,0
0,364,413,0
0,364,410,0
0,363,406,0
0,362,403,0
0,361,401,0
0,361,400,0
0,361,398,0
0,361,397,0
0,362,396,0
0,363,396,0
0,363,395,0
0,365,395,0
0,367,395,0
0,368,396,0
0,369,396,0
0,369,395,0
0,370,395,0
0,370,393,0
0,370,390,0
0,370,390,0
0,370,391,0
0,370,394,0
0,370,395,0
0,369,396,0
0,368,396,0
0,366,396,0
0,366,397,0
0,367,396,0
0,367,393,0
0,366,391,0
0,365,390,0
0,364,389,0
0,364,388,8
0,364,387,0
0,365,387,0
0,366,386,0
0,366,385,0
0,367,384,0
0,367,382,0
0,367,381,0
0,367,379,0
0,369,378,0
0,370,378,0
0,372,377,0
0,373,379,0
0,375,380,0
0,375,380,0
0,374,380,0
0,374,379,0
0,373,378,0
0,374,377,0
0,375,376,0
0,374,377,0
0,373,378,0
0,373,380,0
0,373,381,0
0,374,382,0
0,373,382,0
0,374,382,0
0,374,383,0
0,375,384,0
0,375,385,0
0,375,385,0
0,375,385,0
0,376,384,0
0,376,382,0
0,376,381,0
0,377,380,0
0,378,379,0
0,380,379,0
0,381,379,0
0,381,377,0
0,382,374,0
0,382,372,0
0,382,371,0
0,380,370,0
0,379,369,0
0,377,368,0
0,377,368,0
0,377,366,0
0,377,364,8
0,377,364,8
0,379,363,8
0,380,363,8
0,382,365,8
0,384,368,0
0,385,369,0
0,384,370,0
0,385,373,0
0,388,376,0
0,391,377,0
0,393,378,0
0,395,378,0
0,397,378,0
0,398,378,0
0,399,378,0
0,400,378,0
0,400,381,0
0,400,383,0
0,400,385,0
0,401,387,0
0,401,387,0
0,401,387,0
0,403,388,0
0,405,388,0
0,406,388,0
0,408,388,0
0,409,388,0
0,410,386,0
0,411,386,0
0,412,387,0
0,411,385,0
0,412,384,0
0,413,384,0
0,414,384,0
0,413,384,0
0,413,384,0
0,412,383,0
0,412,383,0
0,413,384,0
0,413,383,0
0,412,382,0
0,412,380,0
0,411,379,0
0,409,377,0
0,408,377,0
0,408,377,0
0,408,377,0
0,408,378,0
0,407,379,0
0,406,379,0
0,406,379,0
0,406,379,0
0,406,379,0
0,406,378,0
0,406,377,0
0,407,377,0
0,408,377,0
0,408,377,0
0,409,377,0
0,409,377,0
0,409,376,0
0,409,377,0
0,410,377,0
0,411,377,0
0,413,376,0
0,414,376,0
0,416,377,0
0,417,378,0
0,418,379,0
0,418,380,8
0,422,381,0
0,422,381,0
0,426,380,0
0,429,376,0
0,434,378,0
0,440,379,0
0,442,379,0
0,440,379,0
0,439,382,0
0,434,382,0
0,432,379,0
0,429,377,0
0,429,377,0
0,429,378,0
0,429,380,0
0,429,381,0
0,430,381,0
0,430,382,0
0,429,382,0
0,427,382,0
0,427,382,0
0,427,385,0
0,427,387,0
0,429,388,0
0,430,386,0
0,430,384,0
0,431,383,0
0,431,383,0
0,431,384,0
0,430,384,0
0,428,383,0
0,429,382,0
0,430,382,0
0,431,383,0
0,428,381,8
0,425,382,8
0,422,383,16
0,420,387,8
0,417,392,8
0,418,399,8
0,417,411,0
0,416,421,0
0,416,433,0
0,414,441,8
0,413,454,0
0,414,462,8
0,409,468,8
0,405,472,0
0,400,478,0
0,398,486,0
0,399,492,0
0,401,494,0
0,401,494,0
0,401,494,0
0,398,493,0
0,395,491,0
0,394,494,0
0,394,497,0
0,392,499,0
0,391,500,0
0,391,499,0
0,392,496,0
0,394,495,0
0,396,493,0
0,398,493,0
0,398,493,0
0,397,493,0
0,394,489,0
0,391,486,0
0,387,484,0
0,385,482,0
0,384,482,0
0,382,482,0
0,381,482,0
0,384,481,0
0,385,480,0
0,383,481,0
0,379,480,0
0,374,477,0
0,371,475,0
0,370,475,0
0,370,477,0
0,370,482,0
0,373,483,0
0,374,484,0
0,374,483,0
0,399,501,0
0,397,501,0
0,392,500,0
0,387,500,-8
0,385,498,0
0,384,496,0
0,382,495,0
0,382,495,0
0,383,494,0
0,382,492,0
0,380,487,0
0,380,484,0
0,377,485,8
0,368,484,8
0,360,486,0
0,350,483,0
0,345,480,0
0,337,479,0
0,338,488,0
0,334,497,0
0,327,500,0
0,318,498,0
0,313,496,0
0,316,495,0
0,322,493,0
0,330,490,0
0,334,486,0
0,335,482,0
0,338,479,0
0,342,476,0
0,347,474,0
0,354,471,0
0,362,468,0
0,370,464,0
0,378,457,0
0,383,451,0
0,385,447,0
0,386,442,0
0,385,432,0
0,385,426,0
0,384,418,0
0,384,415,0
0,385,414,0
0,384,412,0
0,382,410,0
0,371,400,0
0,362,398,0
0,351,397,0
0,343,398,0
0,340,392,0
0,338,381,0
0,332,379,0
0,325,383,0
0,321,393,0
0,331,406,0
0,335,407,0
0,335,406,0
0,336,405,0
0,336,403,0
0,337,400,0
0,338,399,0
0,340,403,0
0,344,407,0
0,345,414,0
0,341,420,0
0,337,424,0
0,333,427,0
0,331,428,0
0,330,428,0
0,330,427,0
0,333,427,0
0,337,427,0
0,339,423,0
0,337,417,0
0,337,417,0
0,336,414,0
0,324,396,0
0,309,389,0
0,301,387,0
0,296,388,0
0,292,389,0
0,300,402,0
0,304,407,0
0,309,409,0
0,313,409,0
0,315,406,0
0,317,404,0
0,323,403,0
0,328,403,0
0,330,403,0
0,333,406,0
0,336,407,0
0,339,405,0
0,343,404,0
0,347,403,0
0,350,402,0
0,352,402,0
0,354,401,0
0,357,402,0
0,361,404,0
0,362,403,0
0,362,406,0
0,361,409,0
0,360,413,0
0,359,416,0
0,358,419,0
0,357,422,0
0,358,425,0
0,361,427,0
0,364,427,0
0,366,426,0
0,367,425,0
0,367,423,0
0,368,421,0
0,368,421,0
0,372,421,0
0,376,423,0
0,381,425,0
0,385,429,0
0,390,433,0
0,390,433,0
0,389,432,0
0,389,431,0
0,390,430,0
0,392,431,0
0,396,433,0
0,400,435,0
0,403,437,0
0,405,437,0
0,406,437,0
0,384,409,0
0,378,405,0
0,381,399,0
0,388,391,0
0,400,389,0
0,412,387,0
0,417,387,0
0,423,386,0
0,431,385,0
0,441,379,0
0,451,377,0
0,462,375,0
0,465,371,0
0,467,369,0
0,461,365,0
0,457,363,0
0,451,368,0
0,446,369,0
0,445,369,0
0,443,366,0
0,443,364,0
0,440,365,0
0,436,369,0
0,430,374,8
0,424,377,8
0,417,380,8
0,411,384,8
0,406,389,8
0,402,395,8
0,401,399,8
0,399,402,0
0,397,407,0
0,395,411,0
0,393,415,0
0,390,420,0
0,389,423,0
0,387,425,0
0,386,425,0
0,386,425,0
0,385,426,0
0,384,427,0
0,381,428,0
0,378,430,0
0,375,433,0
0,372,433,0
0,370,433,0
0,369,434,0
0,367,434,0
0,366,435,0
0,367,437,0
0,369,440,0
0,370,442,0
0,371,444,0
0,372,446,0
0,374,446,0
0,378,447,0
0,378,448,0
0,380,449,0
0,381,449,0
0,383,449,0
0,381,451,0
0,377,457,0
0,375,460,0
0,374,463,-8
0,373,464,-8
0,376,465,8
0,383,464,8
0,386,461,0
0,383,463,0
0,379,463,0
0,376,465,0
0,373,465,0
0,370,465,0
0,367,462,0
0,368,458,0
0,370,454,0
0,374,453,0
0,376,452,0
0,376,450,0
0,375,449,0
0,375,449,0
0,374,449,0
0,372,448,0
0,373,449,0
0,377,450,0
0,379,452,0
0,378,453,0
0,376,453,0
0,377,452,0
0,382,450,0
0,389,446,0
0,396,444,0
0,397,445,0
0,397,447,0
0,395,448,0
0,389,450,0
0,387,449,0
0,388,448,0
0,390,446,0
0,391,447,0
0,390,447,0
0,386,445,0
0,382,439,0
0,383,436,0
0,386,437,0
0,391,440,0
0,395,442,0
0,399,445,0
0,401,446,0
0,401,448,0
0,400,451,0
0,399,452,0
0,399,455,0
0,401,456,0
0,405,457,0
0,408,457,0
0,410,458,0
0,412,457,0
0,413,456,0
0,418,454,0
0,422,451,0
0,423,447,0
0,424,443,0
0,424,439,0
0,423,435,0
0,422,433,0
0,423,434,0
0,424,437,0
0,424,440,0
0,423,442,0
0,423,443,0
0,423,443,0
0,423,443,0
0,423,444,0
0,422,444,0
0,421,446,0
0,420,448,0
0,418,448,0
0,415,448,0
0,413,448,0
0,413,448,0
0,414,449,0
0,413,453,0
0,413,456,0
0,417,461,0
0,421,462,0
0,419,456,0
0,416,453,0
0,406,449,0
0,400,447,0
0,395,444,0
0,394,442,0
0,392,440,0
0,392,441,0
0,394,446,0
0,398,453,0
0,398,454,0
0,397,455,0
0,396,458,0
0,395,458,0
0,395,455,0
0,394,450,0
0,387,449,0
0,391,452,0
0,393,451,0
0,396,450,0
0,398,449,0
0,398,449,0
0,399,449,0
0,400,448,0
0,398,450,0
0,397,451,8
0,395,449,0
0,395,448,0
0,397,444,-8
0,398,442,0
0,398,441,0
0,398,437,-8
0,397,433,0
0,397,430,0
0,396,428,0
0,399,423,0
0,401,419,0
0,395,420,0
0,390,424,0
0,380,425,0
0,374,426,-8
0,373,427,0
0,374,428,0
0,376,427,0
0,377,424,0
0,379,423,0
0,381,422,0
0,383,422,-8
0,388,421,0
0,398,420,0
0,408,424,0
0,415,426,0
0,421,430,0
0,424,433,0
0,426,435,0
0,428,437,0
0,426,436,0
0,419,433,0
0,412,430,0
0,408,425,0
0,410,415,0
0,419,413,0
0,409,450,0
0,406,461,0
0,405,462,0
0,405,463,0
0,406,466,0
0,408,470,0
0,407,465,0
0,401,453,0
0,393,449,0
0,390,437,0
0,394,427,0
0,401,420,0
0,403,413,0
0,400,402,0
0,396,391,0
0,394,384,0
0,382,375,0
0,365,369,0
0,362,370,0
0,363,364,0
0,361,371,0
0,361,382,0
0,366,387,0
0,369,387,0
0,374,387,0
0,379,386,0
0,383,385,0
0,383,384,0
0,384,384,0
0,384,384,0
0,383,384,0
0,383,383,0
0,384,381,0
0,385,380,0
0,385,381,0
0,385,384,0
0,386,387,0
0,387,390,0
0,388,390,0
0,389,390,0
0,391,389,0
0,393,389,0
0,398,386,0
0,401,383,0
0,401,381,0
0,401,379,0
0,400,378,0
0,400,377,0
0,399,376,0
0,397,374,0
0,394,376,0
0,391,381,0
0,388,388,8
0,388,392,0
0,389,392,0
0,387,392,8
0,383,396,8
0,379,397,32
0,378,399,8
0,376,403,0
0,375,408,0
0,374,413,8
0,372,423,0
0,369,431,0
0,368,443,0
0,365,460,0
0,364,478,-8
0,365,482,-8
0,367,481,-8
0,369,478,-8
0,371,475,-8
0,370,469,-8
0,371,467,-8
0,371,462,0
0,371,457,0
0,371,454,0
0,371,451,0
0,372,449,0
0,373,446,0
0,372,443,0
0,368,440,0
0,368,438,0
0,375,436,0
0,388,438,0
0,397,445,0
0,403,450,0
0,405,452,0
0,405,452,0
0,404,449,0
0,403,445,0
0,402,442,0
0,401,441,0
0,401,440,0
0,399,437,0
0,397,434,0
0,396,432,0
0,395,430,0
0,395,427,0
0,395,424,0
0,394,421,0
0,393,419,0
0,392,417,0
0,392,415,0
0,394,415,0
0,397,413,0
0,401,415,0
0,402,415,0
0,400,412,0
0,398,408,0
0,395,404,0
0,393,399,0
0,392,395,0
0,391,389,0
0,397,395,0
0,408,405,0
0,416,411,0
0,420,414,0
0,421,413,0
0,416,405,0
0,409,397,0
0,403,393,0
0,398,391,0
0,397,391,0
0,404,390,0
0,409,388,0
0,408,382,0
0,406,375,0
0,405,370,0
0,415,359,8
0,419,358,0
0,420,356,0
0,415,354,0
0,404,356,-8
0,404,362,0
0,405,372,0
0,404,379,0
0,399,387,0
0,396,392,0
0,397,397,0
0,394,396,-8
0,393,398,0
0,391,398,0
0,390,397,0
0,391,398,0
0,391,400,0
0,393,402,0
0,396,403,0
0,399,404,0
0,403,401,0
0,404,401,0
0,402,401,0
0,400,402,0
0,398,404,0
0,395,404,0
0,394,404,0
0,394,403,0
0,394,403,0
0,394,403,0
0,396,404,0
0,398,404,0
0,397,406,0
0,396,410,0
0,396,413,0
0,397,414,0
0,398,413,0
0,399,412,0
0,400,409,0
0,401,406,0
0,401,404,0
0,402,402,0
0,401,401,0
0,401,398,0
0,399,394,0
0,397,393,0
0,393,391,0
0,393,389,0
0,394,388,0
0,395,387,0
0,395,384,0
0,394,381,0
0,393,380,0
0,391,379,0
0,391,379,0
0,391,380,0
0,391,386,0
0,390,391,0
0,389,395,0
0,388,398,8
0,388,399,0
0,389,399,0
0,389,398,0
0,388,397,0
0,388,395,0
0,387,394,0
0,388,393,0
0,386,395,0
0,386,397,0
0,386,398,0
0,387,397,0
0,387,396,0
0,386,395,0
0,386,393,0
0,386,392,0
0,385,391,0
0,385,390,0
0,384,390,0
0,384,388,8
0,385,391,8
0,382,400,0
0,380,408,8
0,377,415,0
0,377,417,0
0,377,423,-8
0,380,425,-8
0,381,428,0
0,378,428,-8
0,377,429,0
0,376,432,0
0,374,431,0
0,373,433,0
0,371,437,0
0,369,441,0
0,367,446,0
0,365,446,0
0,363,443,0
0,363,436,0
0,366,432,8
0,369,432,0
0,371,427,0
0,378,402,8
0,380,396,0
0,381,386,0
0,370,383,0
0,354,402,0
0,331,397,0
0,329,390,0
0,336,375,0
0,353,355,0
0,371,348,0
0,385,342,0
0,396,341,0
0,406,345,0
0,416,339,0
0,421,317,0
0,420,307,0
0,419,325,0
0,401,315,0
0,379,321,0
0,363,329,0
0,358,329,0
0,371,346,0
0,408,347,0
0,435,351,0
0,444,370,0
0,434,392,0
0,404,382,0
0,370,361,0
0,358,351,0
0,366,338,0
0,380,335,0
0,391,336,0
0,398,338,0
0,405,345,0
0,410,354,0
0,413,355,0
0,413,356,0
0,408,347,0
0,401,355,0
0,394,352,0
0,389,357,0
0,384,366,0
0,378,374,0
0,377,381,0
0,377,391,0
0,376,392,0
0,377,394,0
0,377,394,0
0,378,394,0
0,380,392,0
0,380,388,0
0,380,388,0
0,385,390,0
0,388,390,0
0,390,393,0
0,393,395,0
0,394,398,-8
0,398,398,0
0,401,399,0
0,401,401,0
0,402,402,0
0,404,402,0
0,405,402,0
0,406,403,0
0,406,402,0
0,406,402,0
0,406,404,0
0,405,404,0
0,406,405,0
0,406,407,0
0,409,407,0
0,412,408,0
0,412,407,0
0,411,407,0
0,411,406,0
0,413,406,0
0,415,410,0
0,414,413,8
0,414,412,-8
0,413,410,0
0,414,404,-8
0,415,404,0
0,415,403,0
0,414,403,0
0,413,405,0
0,413,406,0
0,413,407,0
0,416,406,0
0,419,405,0
0,422,404,0
0,421,404,0
0,418,403,0
0,410,404,0
0,405,407,0
0,404,407,0
0,405,405,0
0,408,403,0
0,411,404,0
0,412,405,0
0,411,405,0
0,413,403,0
0,414,401,0
0,414,398,0
0,414,397,0
0,415,396,0
0,416,393,0
0,415,391,0
0,411,390,0
0,408,390,0
0,406,391,0
0,404,393,0
0,401,395,0
0,401,397,0
0,401,401,0
0,401,407,0
0,403,411,0
0,405,415,0
0,407,417,0
0,409,419,0
0,409,420,0
0,409,420,0
0,410,420,0
0,409,421,0
0,405,421,0
0,398,422,0
0,393,422,0
0,391,421,0
0,390,421,0
0,390,420,0
0,391,421,0
0,392,422,0
0,392,425,0
0,390,429,0
0,388,431,0
0,388,431,0
0,388,430,0
0,387,430,0
0,386,431,0
0,384,430,0
0,384,431,8
0,385,432,0
0,389,430,0
0,393,428,0
0,395,426,0
0,393,425,0
0,389,427,0
0,388,428,0
0,387,424,0
0,386,419,0
0,384,416,8
0,386,416,0
0,388,414,0
0,390,413,0
0,391,413,0
0,390,414,-8
0,390,418,0
0,390,421,0
0,393,421,0
0,395,417,8
0,397,414,0
0,402,415,0
0,404,414,0
0,404,410,0
0,405,398,0
0,406,390,0
0,409,390,0
0,412,391,0
0,412,388,0
0,409,378,0
0,407,368,0
0,409,359,0
0,412,358,0
0,415,356,0
0,414,347,0
0,413,342,0
0,413,344,0
0,399,335,0
0,406,340,0
0,413,342,0
0,421,344,0
0,431,350,0
0,435,356,0
0,439,362,0
0,443,362,0
0,441,358,0
0,431,346,0
0,422,349,0
0,407,361,0
0,395,387,0
0,381,417,0
0,366,435,0
0,363,440,8
0,364,441,0
0,365,442,0
0,364,442,0
0,362,439,0
0,360,437,0
0,358,436,0
0,358,435,0
0,360,433,0
0,362,430,0
0,363,428,0
0,363,428,0
0,362,427,0
0,357,426,0
0,356,422,0
0,357,420,0
0,357,421,-8
0,356,419,0
0,356,418,0
0,356,413,0
0,357,410,0
0,358,408,0
0,359,406,0
0,363,407,0
0,367,411,0
0,370,416,0
0,373,420,0
0,376,424,0
0,380,425,0
0,384,425,0
0,387,422,0
0,391,422,0
0,395,420,0
0,398,419,0
0,399,418,0
0,399,418,0
0,398,417,0
0,401,415,0
0,407,417,0
0,408,417,0
0,410,414,0
0,410,409,0
0,409,405,0
0,407,403,0
0,405,399,0
0,401,395,0
0,399,394,0
0,406,403,0
0,411,404,0
0,413,404,0
0,414,402,0
0,412,397,0
0,408,390,0
0,403,386,0
0,402,391,0
0,398,396,0
0,394,400,0
0,391,402,0
0,389,402,0
0,388,401,0
0,386,400,0
0,384,399,0
0,381,400,0
0,378,401,0
0,376,403,0
0,373,404,0
0,371,405,0
0,369,405,0
0,369,405,0
0,369,405,0
0,369,405,0
0,370,406,0
0,370,411,0
0,369,417,0
0,369,424,0
0,374,427,0
0,387,429,0
0,400,430,0
0,401,428,0
0,396,425,0
0,392,422,0
0,390,422,0
0,390,423,0
0,390,424,0
0,392,424,0
0,395,422,0
0,397,420,0
0,398,417,0
0,395,416,0
0,394,415,0
0,393,413,0
0,392,413,0
0,394,412,0
0,397,414,0
0,398,415,0
0,399,416,0
0,398,417,0
0,397,415,0
0,397,413,0
0,396,413,0
0,395,414,0
0,393,413,0
0,389,411,0
0,379,406,0
0,370,406,0
0,353,404,0
0,350,404,0
0,346,406,0
0,343,406,0
0,344,406,0
0,345,405,0
0,325,404,0
0,265,409,0
0,227,424,0
0,225,445,0
0,234,451,0
0,244,455,0
0,213,448,0
0,202,444,0
0,202,445,0
0,205,446,0
0,210,447,0
0,216,450,0
0,222,450,8
0,228,448,-8
0,232,447,0
0,235,447,0
0,242,446,-8
0,248,442,0
0,254,441,0
0,258,439,0
0,261,435,0
0,261,432,0
0,260,431,0
0,259,429,0
0,259,429,0
0,259,430,0
0,260,433,8
0,260,434,0
0,262,433,0
0,262,430,0
0,263,427,0
0,265,427,0
0,269,426,0
0,272,424,0
0,275,421,0
0,279,420,0
0,281,423,-8
0,282,424,0
0,285,425,0
0,290,424,0
0,294,423,0
0,298,423,0
0,302,423,0
0,305,423,0
0,306,423,0
0,310,421,0
0,315,420,0
0,318,420,0
0,318,422,0
0,319,423,0
0,321,423,0
0,322,422,0
0,323,419,0
0,325,414,0
0,327,411,0
0,329,411,0
0,332,410,0
0,335,409,0
0,337,407,0
0,339,406,0
0,340,406,0
0,342,406,0
0,345,407,0
0,348,408,0
0,351,408,0
0,355,407,0
0,359,406,0
0,360,405,0
0,357,401,0
0,354,395,0
0,354,395,0
0,355,396,0
0,357,396,0
0,358,398,0
0,359,397,0
0,359,396,0
0,359,394,0
0,359,393,0
0,359,393,0
0,361,397,0
0,366,406,0
0,368,415,0
0,367,420,0
0,366,423,0
0,364,425,0
0,364,427,0
0,365,425,0
0,365,424,0
0,368,423,0
0,372,422,0
0,377,424,0
0,383,425,0
0,385,427,0
0,382,427,0
0,377,426,0
0,370,426,0
0,365,427,0
0,361,428,0
0,359,428,0
0,357,428,0
0,355,425,0
0,358,422,0
0,362,422,0
0,371,418,0
0,380,415,0
0,391,405,0
0,387,415,0
0,391,413,0
0,404,406,0
0,412,399,0
0,419,396,0
0,428,393,0
0,438,387,0
0,449,379,0
0,454,375,0
0,456,370,0
0,456,367,0
0,456,367,0
0,457,367,0
0,457,368,0
0,457,369,0
0,456,370,0
0,453,370,0
0,452,372,0
0,454,374,0
0,457,376,0
0,457,379,0
0,456,380,0
0,456,382,0
0,456,383,0
0,456,385,0
0,456,387,0
0,458,383,0
0,461,376,0
0,470,370,0
0,475,370,0
0,478,378,0
0,477,401,0
0,455,396,0
0,438,395,0
0,424,397,0
0,388,395,0
0,362,413,0
0,360,417,0
0,367,412,0
0,374,409,0
0,383,404,0
0,387,402,0
0,388,402,0
0,383,404,0
0,375,406,0
0,381,400,0
0,386,398,0
0,391,396,0
0,396,395,0
0,401,395,0
0,404,395,0
0,408,395,0
0,408,396,0
0,407,395,0
0,407,395,0
0,407,396,0
0,408,397,0
0,410,396,0
0,412,395,0
0,413,396,-8
0,414,398,0
0,414,400,0
0,415,402,0
0,416,403,0
0,418,404,0
0,419,404,0
0,420,402,8
0,419,400,0
0,419,399,0
0,419,398,0
0,419,399,0
0,420,399,0
0,421,400,0
0,422,400,0
0,423,401,0
0,423,404,0
0,423,404,0
0,423,403,0
0,423,401,0
0,425,400,0
0,426,400,0
0,428,400,0
0,429,405,8
0,429,407,0
0,431,404,0
0,433,402,0
0,436,401,0
0,438,399,0
0,439,398,0
0,439,395,0
0,436,392,0
0,435,391,0
0,437,392,0
0,439,393,0
0,440,394,0
0,441,395,0
0,442,394,0
0,442,392,0
0,442,389,0
0,442,387,0
0,442,384,0
0,438,385,0
0,434,386,0
0,431,388,0
0,424,388,0
0,417,386,0
0,405,383,0
0,401,384,0
0,401,385,0
0,402,386,0
0,402,387,0
0,402,389,0
0,402,394,0
0,402,397,0
0,404,400,0
0,406,404,0
0,408,409,0
0,408,408,0
0,408,408,0
0,408,408,0
0,408,406,8
0,408,404,0
0,408,400,0
0,406,399,0
0,406,401,0
0,407,405,0
0,410,406,8
0,411,409,0
0,409,409,0
0,406,408,0
0,403,411,0
0,399,418,0
0,396,425,0
0,393,430,0
0,391,435,0
0,392,440,0
0,395,441,0
0,397,441,0
0,399,439,0
0,401,437,0
0,402,434,0
0,402,435,0
0,402,439,0
0,402,443,0
0,402,448,0
0,402,455,0
0,400,461,0
0,397,463,0
0,392,468,0
0,389,467,0
0,388,469,0
0,384,476,0
0,383,481,0
0,383,482,0
0,380,482,0
0,377,484,0
0,377,486,0
0,379,489,0
0,382,490,0
0,383,487,0
0,382,480,0
0,379,475,0
0,377,469,0
0,383,454,0
0,392,451,0
0,402,457,0
0,412,460,0
0,420,460,0
0,424,457,0
0,427,451,0
0,431,447,0
0,436,443,0