1,3,293,8
1,-6,288,8
1,-24,280,8
1,-40,274,8
1,-54,269,8
1,-68,264,16
1,-82,265,24
1,-95,269,39
1,-102,275,48
1,-111,277,48
1,-118,299,64
1,-125,323,64
1,-133,358,56
1,-125,398,56
1,-124,440,39
1,-133,490,24
1,-136,534,24
1,-142,553,16
1,-148,572,16
1,-154,590,16
1,-154,607,16
1,-151,614,8
1,-152,621,32
1,-155,628,16
1,-159,635,16
1,-161,644,16
1,-163,654,16
1,-169,662,16
1,-177,669,16
1,-187,676,16
1,-198,681,8
1,-222,696,8
1,-244,711,8
1,-247,716,8
1,-248,723,16
1,-250,729,8
1,-255,735,16
1,-260,741,8
1,-266,746,8
1,-271,752,8
1,-271,761,16
1,-271,770,16
1,-276,776,24
1,-279,784,16
1,-279,793,0
1,-279,802,0
1,-279,810,-16
1,-280,816,-8
1,-282,823,0
1,-283,828,0
1,-285,833,0
1,-285,840,-8
1,-285,847,-8
1,-288,853,-8
1,-292,858,-8
1,-298,861,-8
1,-306,865,8
1,-316,865,-24
1,-323,866,-24
1,-328,867,-24
1,-330,867,-16
1,-333,868,-8
1,-336,868,-8
1,-337,867,0
1,-340,867,8
1,-341,869,16
1,-342,870,8
1,-344,872,8
1,-350,871,8
1,-354,872,0
1,-356,874,-8
1,-357,877,-8
1,-357,877,-24
1,-359,875,-16
1,-361,872,-8
1,-363,867,8
1,-364,863,8
1,-364,860,16
1,-365,857,24
1,-366,855,32
1,-367,857,0
1,-366,860,0
1,-365,863,-8
1,-364,866,-32
1,-366,867,-24
1,-367,870,0
1,-368,869,-16
1,-369,868,0
1,-371,866,8
1,-371,866,-8
1,-369,868,-16
1,-371,869,-24
1,-376,869,24
1,-378,870,-16
1,-380,872,0
1,-378,873,-8
1,-373,874,0
1,-369,874,0
1,-366,875,0
1,-361,877,-32
1,-358,878,16
1,-357,880,16
1,-358,880,8
1,-357,882,-16
1,-355,881,-24
1,-352,881,0
1,-352,881,-8
1,-353,878,8
1,-353,876,16
1,-355,874,24
1,-356,874,8
1,-356,873,8
1,-354,872,8
1,-352,872,8
1,-352,870,-16
1,-353,867,-16
1,-355,863,-8
1,-356,861,0
1,-355,861,0
1,-355,861,16
1,-356,861,16
1,-359,862,8
1,-360,863,8
1,-363,863,-8
1,-365,862,-8
1,-366,860,-16
1,-363,860,-8
1,-362,859,-8
1,-360,861,0
1,-360,863,0
1,-360,862,8
1,-359,862,8
1,-360,862,16
1,-360,864,8
1,-362,864,0
1,-369,862,0
1,-375,859,-8
1,-375,858,-8
1,-370,855,-8
1,-358,849,0
1,-346,844,0
1,-339,839,-8
1,-334,835,0
1,-334,834,-8
1,-333,833,0
1,-334,834,0
1,-335,835,0
1,-338,835,0
1,-342,833,8
1,-344,833,8
1,-345,834,0
1,-350,837,-8
1,-352,838,0
1,-354,836,-8
1,-351,832,0
1,-350,829,0
1,-350,827,0
1,-348,824,8
1,-345,821,0
1,-343,820,0
1,-340,820,-8
1,-340,822,-8
1,-342,824,0
1,-345,826,8
1,-349,825,0
1,-354,825,-8
1,-358,824,-8
1,-361,825,-8
1,-360,824,16
1,-359,824,0
1,-361,826,0
1,-361,827,8
1,-364,829,24
1,-366,832,8
1,-368,832,0
1,-370,832,-16
1,-372,830,0
1,-372,831,-16
1,-373,832,0
1,-374,835,8
1,-376,837,0
1,-380,839,0
1,-382,838,0
1,-387,838,0
1,-388,837,0
1,-391,838,0
1,-394,840,-8
1,-399,842,-32
1,-401,842,16
1,-402,842,-8
1,-401,845,39
1,-399,848,32
1,-398,853,16
1,-398,856,0
1,-401,856,-8
1,-400,853,0
1,-401,850,8
1,-402,848,-8
1,-405,848,8
1,-408,850,0
1,-410,851,0
1,-414,852,0
1,-417,852,8
1,-416,853,8
1,-414,851,0
1,-412,848,-8
1,-410,846,-8
1,-408,845,-16
1,-408,845,0
1,-408,845,-24
1,-410,845,16
1,-410,844,-8
1,-406,842,-32
1,-403,840,8
1,-401,840,16
1,-400,837,56
1,-398,833,16
1,-396,831,-8
1,-393,827,-16
1,-390,823,-16
1,-387,819,-16
1,-383,816,-8
1,-381,814,-8
1,-379,811,0
1,-377,806,0
1,-374,803,0
1,-372,803,0
1,-371,800,0
1,-368,800,-8
1,-366,800,-8
1,-364,798,0
1,-362,795,-16
1,-359,794,16
1,-356,794,24
1,-354,793,8
1,-353,793,16
1,-352,794,16
1,-356,794,-56
1,-358,794,64
1,-359,793,-16
1,-362,793,8
1,-364,797,16
1,-367,801,16
1,-369,804,0
1,-368,808,0
1,-368,816,0
1,-366,822,-16
1,-367,828,0
1,-368,830,0
1,-372,831,0
1,-377,834,8
1,-379,838,24
1,-381,838,0
1,-384,837,0
1,-388,836,-8
1,-393,835,0
1,-396,833,0
1,-399,832,8
1,-401,832,-16
1,-401,833,-16
1,-401,831,-8
1,-401,826,0
1,-402,824,8
1,-401,824,-16
1,-402,825,16
1,-402,822,56
1,-402,818,8
1,-403,816,-8
1,-403,814,-16
1,-401,810,-16
1,-398,806,-16
1,-396,801,-16
1,-396,797,-8
1,-393,792,-8
1,-390,787,-8
1,-388,785,-8
1,-385,780,-16
1,-381,777,-8
1,-378,774,-8
1,-376,771,-8
1,-373,768,0
1,-372,764,-16
1,-371,760,-32
1,-370,755,-39
1,-369,749,-64
1,-369,742,-72
1,-369,733,-64
1,-368,723,-39
1,-367,714,-8
1,-363,709,0
1,-361,705,16
1,-358,703,8
1,-355,702,8
1,-351,702,0
1,-347,704,0
1,-343,704,0
1,-340,703,8
1,-337,700,16
1,-334,699,16
1,-332,700,24
1,-329,703,32
1,-325,706,32
1,-320,709,32
1,-320,714,-8
1,-321,719,-8
1,-318,722,-24
1,-314,722,-16
1,-313,722,-8
1,-312,722,8
1,-311,719,8
1,-311,717,16
1,-310,715,16
1,-309,712,0
1,-309,708,-8
1,-309,704,-8
1,-309,700,16
1,-310,698,64
1,-312,697,104
1,-317,700,96
1,-322,704,96
1,-325,710,-39
1,-326,715,-32
1,-328,718,-32
1,-329,720,-24
1,-329,722,-8
1,-329,724,0
1,-329,726,8
1,-332,727,16
1,-335,731,-8
1,-335,737,-32
1,-335,744,24
1,-334,748,8
1,-332,751,0
1,-334,754,-8
1,-335,758,8
1,-335,763,24
1,-338,766,-8
1,-340,768,0
1,-338,769,119
1,-335,770,32
1,-334,770,0
1,-332,771,-8
1,-332,771,-8
1,-334,772,0
1,-332,773,-32
1,-333,775,0
1,-337,778,-8
1,-338,780,0
1,-342,784,0
1,-343,788,0
1,-344,790,8
1,-343,788,-16
1,-345,787,16
1,-345,791,-64
1,-345,796,-64
1,-345,799,-16
1,-342,801,-56
1,-341,801,-8
1,-342,802,0
1,-343,802,0
1,-344,803,-8
1,-345,805,0
1,-346,806,0
1,-346,807,0
1,-346,809,0
1,-347,812,0
1,-347,813,8
1,-348,814,8
1,-348,816,8
1,-348,816,-8
1,-349,816,-8
1,-350,816,-8
1,-349,817,32
1,-347,817,32
1,-347,819,8
1,-348,820,8
1,-349,819,0
1,-348,815,32
1,-345,813,39
1,-342,810,16
1,-341,808,-16
1,-339,804,-32
1,-338,801,-8
1,-338,798,8
1,-338,796,24
1,-338,793,16
1,-340,791,0
1,-345,790,-8
1,-347,788,-48
1,-346,784,-72
1,-345,779,-24
1,-344,777,-64
1,-346,776,8
1,-350,778,8
1,-349,778,-48
1,-346,776,-24
1,-344,771,8
1,-345,766,32
1,-346,764,0
1,-350,759,-8
1,-352,758,0
1,-354,755,-16
1,-355,751,-8
1,-355,746,0
1,-356,741,8
1,-358,736,16
1,-360,730,0
1,-362,724,-32
1,-365,717,-56
1,-366,710,-48
1,-368,705,-24
1,-369,703,-39
1,-371,700,-56
1,-373,696,-72
1,-374,690,-56
1,-374,683,-32
1,-373,676,0
1,-371,672,8
1,-372,670,0
1,-371,668,-8
1,-367,668,0
1,-364,667,0
1,-360,663,8
1,-357,659,16
1,-355,656,8
1,-353,656,8
1,-352,656,8
1,-350,657,0
1,-348,656,8
1,-347,655,24
1,-348,653,48
1,-349,652,64
1,-351,653,72
1,-352,659,-32
1,-355,667,8
1,-361,673,8
1,-368,676,-8
1,-371,678,-8
1,-367,682,0
1,-366,687,0
1,-366,694,0
1,-369,700,0
1,-374,704,-8
1,-379,709,-8
1,-382,714,0
1,-385,719,8
1,-391,723,8
1,-397,725,0
1,-400,730,0
1,-402,735,0
1,-402,739,8
1,-400,742,8
1,-398,746,16
1,-398,749,8
1,-399,753,0
1,-396,757,112
1,-396,761,-8
1,-397,763,-24
1,-398,764,8
1,-398,767,8
1,-396,767,16
1,-396,767,-8
1,-396,766,-8
1,-396,765,-8
1,-397,762,0
1,-399,762,-8
1,-400,761,-8
1,-401,760,-8
1,-401,759,-8
1,-400,758,-8
1,-398,757,-8
1,-397,758,-8
1,-395,758,-8
1,-393,759,-16
1,-392,759,-8
1,-388,763,-79
1,-385,766,-8
1,-384,769,-8
1,-381,770,-32
1,-375,768,-48
1,-371,766,24
1,-370,761,48
1,-373,759,8
1,-377,758,0
1,-379,760,0
1,-381,763,8
1,-382,765,0
1,-382,762,16
1,-382,761,0
1,-383,764,8
1,-383,768,8
1,-383,768,8
1,-383,769,-8
1,-384,766,-32
1,-384,765,-16
1,-384,765,-16
1,-383,766,-16
1,-383,766,-16
1,-382,768,8
1,-381,770,8
1,-375,774,39
1,-372,778,-8
1,-374,779,-8
1,-375,779,-16
1,-376,779,-8
1,-375,778,0
1,-372,778,8
1,-370,778,16
1,-369,779,16
1,-368,781,0
1,-367,782,-8
1,-367,783,-8
1,-366,783,-8
1,-366,782,8
1,-365,782,16
1,-366,783,24
1,-365,786,0
1,-365,789,24
1,-367,797,8
1,-367,803,-8
1,-367,808,-24
1,-362,809,64
1,-359,810,8
1,-360,811,16
1,-359,811,8
1,-355,810,16
1,-352,811,8
1,-347,810,0
1,-342,810,-8
1,-336,809,32
1,-333,808,-16
1,-329,809,16
1,-325,811,0
1,-321,814,16
1,-319,817,0
1,-315,822,39
1,-314,825,16
1,-315,828,8
1,-318,831,8
1,-322,828,-8
1,-325,827,0
1,-328,826,-8
1,-329,826,0
1,-331,825,8
1,-333,823,8
1,-337,822,8
1,-339,819,-16
1,-342,817,0
1,-345,819,0
1,-344,819,48
1,-344,819,-8
1,-345,820,0
1,-347,820,16
1,-348,818,48
1,-349,817,0
1,-352,817,0
1,-357,819,0
1,-359,822,0
1,-357,825,-24
1,-357,828,0
1,-354,830,-16
1,-350,830,-8
1,-345,826,-32
1,-342,822,-8
1,-341,820,-8
1,-341,819,-8
1,-340,819,24
1,-337,822,24
1,-337,823,0
1,-339,823,-8
1,-342,822,8
1,-344,823,8
1,-347,825,8
1,-349,826,0
1,-351,829,0
1,-354,829,-8
1,-357,830,-8
1,-359,831,0
1,-362,830,0
1,-366,829,0
1,-368,830,0
1,-370,830,16
1,-373,829,0
1,-376,827,0
1,-376,828,8
1,-375,828,0
1,-375,827,0
1,-375,825,0
1,-373,825,24
1,-368,828,24
1,-365,831,0
1,-365,832,0
1,-366,832,8
1,-369,834,-8
1,-374,834,-8
1,-378,833,0
1,-380,833,0
1,-380,833,0
1,-380,832,-8
1,-380,830,-8
1,-381,830,0
1,-381,830,-16
1,-381,827,-24
1,-379,826,-8
1,-380,823,8
1,-380,821,16
1,-383,822,24
1,-387,821,16
1,-389,822,16
1,-391,820,-24
1,-389,811,-24
1,-386,798,-39
1,-383,789,-8
1,-382,785,0
1,-383,785,0
1,-385,785,8
1,-383,786,24
1,-381,788,8
1,-379,789,-8
1,-376,789,-8
1,-375,788,-8
1,-373,787,-8
1,-371,786,0
1,-367,786,0
1,-365,786,8
1,-363,787,0
1,-361,788,-8
1,-360,789,-8
1,-359,788,-8
1,-357,787,-8
1,-353,786,8
1,-350,786,16
1,-347,781,-152
1,-347,780,0
1,-347,780,-16
1,-343,782,24
1,-341,782,-16
1,-339,782,0
1,-338,781,8
1,-337,782,24
1,-335,784,16
1,-334,787,8
1,-335,790,8
1,-334,792,0
1,-330,796,-8
1,-326,799,0
1,-325,802,-16
1,-323,804,-8
1,-321,802,0
1,-321,801,16
1,-321,800,16
1,-323,799,8
1,-323,800,24
1,-321,803,16
1,-321,806,0
1,-318,810,39
1,-316,813,-24
1,-320,812,-8
1,-322,812,8
1,-325,813,16
1,-326,814,24
1,-329,815,16
1,-331,817,8
1,-333,818,0
1,-336,820,0
1,-339,821,-8
1,-341,821,-16
1,-341,821,-8
1,-341,820,8
1,-343,820,16
1,-345,820,24
1,-344,819,16
1,-344,820,8
1,-345,821,8
1,-346,820,-39
1,-348,820,0
1,-350,821,0
1,-350,822,-8
1,-351,822,0
1,-350,819,0
1,-349,816,-8
1,-349,812,-8
1,-347,809,-24
1,-347,807,0
1,-349,808,0
1,-352,808,0
1,-353,807,16
1,-356,806,0
1,-358,808,8
1,-359,808,8
1,-362,806,8
1,-365,805,8
1,-369,805,16
1,-374,807,32
1,-376,809,-56
1,-376,812,-8
1,-379,813,0
1,-383,815,-8
1,-385,814,24
1,-386,812,0
1,-387,813,-8
1,-388,812,-8
1,-387,812,-8
1,-387,812,-8
1,-387,812,0
1,-386,811,0
1,-386,813,0
1,-388,818,0
1,-387,821,0
1,-386,818,8
1,-385,814,8
1,-384,811,0
1,-383,811,0
1,-382,809,-24
1,-381,805,-24
1,-379,802,-16
1,-376,800,24
1,-372,801,32
1,-369,803,8
1,-368,805,8
1,-366,806,-16
1,-367,807,-8
1,-369,807,0
1,-369,807,0
1,-369,807,8
1,-369,807,8
1,-368,808,8
1,-368,809,8
1,-369,809,0
1,-373,809,0
1,-375,808,-16
1,-375,807,-24
1,-374,804,-24
1,-371,799,-8
1,-368,797,0
1,-367,795,16
1,-367,796,24
1,-368,798,16
1,-370,801,24
1,-371,804,8
1,-371,807,-16
1,-373,808,-24
1,-374,809,-16
1,-374,811,0
1,-372,813,-8
1,-370,814,8
1,-368,815,8
1,-363,818,-16
1,-360,820,8
1,-356,823,-8
1,-353,826,-8
1,-351,828,-8
1,-350,829,-16
1,-348,831,-8
1,-350,833,0
1,-349,834,-8
1,-350,833,8
1,-350,833,8
1,-352,834,0
1,-355,834,0
1,-355,832,-64
1,-357,831,-8
1,-356,832,8
1,-357,832,-16
1,-356,835,8
1,-354,838,0
1,-354,841,0
1,-354,845,-8
1,-354,849,0
1,-353,852,0
1,-352,856,0
1,-354,857,0
1,-356,858,-8
1,-358,858,-8
1,-359,859,0
1,-359,858,-24
1,-360,858,-8
1,-361,856,-24
1,-361,856,-16
1,-360,853,-24
1,-360,851,-8
1,-358,849,-8
1,-355,847,-8
1,-354,845,-8
1,-351,843,-16
1,-350,841,-16
1,-347,838,-24
1,-345,834,-24
1,-344,827,-16
1,-341,820,-39
1,-338,814,-39
1,-338,804,-8
1,-336,797,-24
1,-333,790,-8
1,-333,781,8
1,-337,769,8
1,-341,758,8
1,-355,725,8
1,-373,691,0
1,-383,666,0
1,-387,648,0
1,-388,644,0
1,-386,642,0
1,-383,640,0
1,-378,639,-8
1,-372,639,0
1,-368,638,0
1,-368,634,8
1,-367,632,0
1,-368,628,16
1,-370,624,16
1,-374,621,16
1,-377,618,24
1,-379,617,16
1,-378,619,39
1,-376,622,24
1,-371,628,32
1,-365,636,32
1,-355,645,32
1,-346,655,32
1,-340,665,24
1,-339,675,32
1,-340,685,32
1,-342,692,16
1,-344,701,8
1,-349,706,16
1,-356,710,8
1,-361,715,-8
1,-367,718,-8
1,-369,723,-32
1,-368,728,-39
1,-366,730,-56
1,-361,732,-64
1,-357,731,-64
1,-348,729,-56
1,-343,723,-48
1,-342,717,-32
1,-341,709,-16
1,-341,701,-8
1,-341,694,8
1,-340,689,16
1,-340,684,16
1,-341,680,16
1,-342,675,16
1,-343,672,8
1,-343,669,-8
1,-343,665,-24
1,-343,660,-32
1,-343,654,-39
1,-341,648,-32
1,-339,643,-24
1,-337,637,8
1,-336,631,32
1,-335,627,56
1,-335,625,79
1,-331,627,72
1,-330,630,88
1,-332,636,72
1,-332,643,32
1,-333,652,24
1,-333,660,8
1,-333,667,-8
1,-333,673,-16
1,-334,679,-32
1,-335,684,-16
1,-335,688,-32
1,-334,693,16
1,-330,699,8
1,-327,705,8
1,-326,711,8
1,-323,716,32
1,-323,719,-32
1,-327,719,-39
1,-329,721,0
1,-328,726,24
1,-326,734,0
1,-321,744,-8
1,-315,754,-16
1,-313,764,-8
1,-314,771,-8
1,-316,775,8
1,-319,777,0
1,-323,776,-8
1,-326,777,0
1,-327,781,0
1,-328,784,0
1,-329,783,-8
1,-332,785,-8
1,-335,784,8
1,-338,782,8
1,-340,783,-16
1,-341,786,-16
1,-344,787,48
1,-347,789,16
1,-351,791,16
1,-353,793,0
1,-351,794,-24
1,-348,795,-8
1,-344,794,0
1,-342,794,0
1,-340,793,0
1,-339,793,0
1,-339,794,8
1,-338,794,0
1,-337,794,8
1,-335,794,0
1,-335,794,8
1,-334,795,8
1,-334,794,8
1,-333,794,0
1,-333,794,8
1,-334,794,8
1,-333,796,16
1,-331,797,16
1,-328,798,16
1,-327,799,0
1,-324,800,8
1,-324,799,-32
1,-324,799,0
1,-322,800,-16
1,-322,798,-72
1,-323,790,-48
1,-325,778,0
1,-326,768,8
1,-326,765,16
1,-327,765,8
1,-329,765,-8
1,-330,764,-8
1,-328,763,-8
1,-330,758,0
1,-329,755,8
1,-329,753,0
1,-330,748,0
1,-332,742,8
1,-336,735,32
1,-338,730,39
1,-340,728,48
1,-341,731,24
1,-343,736,0
1,-346,742,0
1,-348,747,-16
1,-351,752,-8
1,-351,757,24
1,-348,765,24
1,-344,773,24
1,-342,777,0
1,-342,778,-16
1,-341,778,-32
1,-340,777,-24
1,-339,778,-8
1,-337,784,-16
1,-334,790,-16
1,-331,796,-8
1,-327,800,-16
1,-325,802,0
1,-322,806,0
1,-320,813,0
1,-318,821,8
1,-317,826,0
1,-317,824,-8
1,-316,825,16
1,-313,824,24
1,-308,821,8
1,-302,819,-8
1,-298,818,-8
1,-295,817,-8
1,-295,819,-24
1,-297,819,39
1,-299,821,-32
1,-302,822,24
1,-304,824,-24
1,-308,826,16
1,-313,827,24
1,-317,829,16
1,-323,831,39
1,-330,834,32
1,-333,834,0
1,-332,838,-24
1,-332,844,-8
1,-328,853,16
1,-323,859,0
1,-323,861,-24
1,-325,862,-24
1,-323,861,8
1,-322,859,-8
1,-318,856,-16
1,-317,856,8
1,-314,853,-16
1,-313,852,8
1,-313,853,8
1,-311,857,-32
1,-311,860,-8
1,-313,864,-16
1,-315,866,-24
1,-317,866,-32
1,-319,866,-32
1,-316,864,39
1,-314,862,-16
1,-312,861,0
1,-311,860,8
1,-310,861,8
1,-308,863,32
1,-307,864,0
1,-307,865,0
1,-307,868,16
1,-307,872,8
1,-307,875,0
1,-308,876,-8
1,-308,879,-16
1,-309,881,-16
1,-309,883,-24
1,-310,884,-8
1,-309,884,-8
1,-308,885,8
1,-308,884,8
1,-308,883,8
1,-307,884,8
1,-307,885,0
1,-306,887,-16
1,-306,888,0
1,-306,887,-32
1,-307,885,-39
1,-308,881,-48
1,-310,874,-64
1,-309,869,-39
1,-308,862,-64
1,-308,851,-32
1,-308,839,0
1,-308,829,8
1,-306,821,8
1,-306,815,0
1,-305,808,-8
1,-305,803,-8
1,-305,794,0
1,-305,787,0
1,-306,778,0
1,-308,770,8
1,-308,765,0
1,-308,760,0
1,-309,754,8
1,-312,747,16
1,-315,741,32
1,-318,735,48
1,-324,732,56
1,-331,729,64
1,-339,728,72
1,-343,728,0
1,-351,730,48
1,-354,733,0
1,-354,736,-8
1,-354,742,-8
1,-352,745,0
1,-349,745,8
1,-344,745,16
1,-339,746,16
1,-334,747,16
1,-329,749,0
1,-325,750,-8
1,-323,752,0
1,-326,756,8
1,-328,758,0
1,-326,758,0
1,-328,759,-24
1,-333,761,-32
1,-336,763,-8
1,-339,765,-32
1,-341,767,-16
1,-341,769,0
1,-339,771,8
1,-337,775,8
1,-332,779,-8
1,-329,782,-16
1,-327,784,-16
1,-325,784,-24
1,-326,782,-16
1,-326,780,-24
1,-325,778,-64
1,-325,775,-48
1,-321,771,-96
1,-318,763,-88
1,-316,753,-79
1,-314,739,-64
1,-312,724,-48
1,-306,682,-32
1,-299,644,-24
1,-288,576,-16
1,-277,518,-8
1,-268,467,8
1,-262,435,16
1,-260,408,32
1,-260,393,48
1,-266,386,72
1,-279,390,96
1,-281,409,96
1,-290,443,79
1,-314,480,64
1,-327,526,56
1,-327,580,64
1,-324,612,72
1,-325,624,-8
1,-327,633,16
1,-329,642,24
1,-332,650,16
1,-335,659,0
1,-338,667,0
1,-341,675,-8
1,-344,682,0
1,-349,689,-8
1,-353,699,-8
1,-359,709,0
1,-363,716,0
1,-365,723,8
1,-364,730,8
1,-364,735,8
1,-365,741,-8
1,-364,747,-16
1,-365,751,24
1,-361,753,-56
1,-358,756,-16
1,-359,759,16
1,-359,764,-8
1,-356,767,-39
1,-356,771,8
1,-355,771,8
1,-355,774,0
1,-356,776,-8
1,-355,776,-8
1,-354,775,-8
1,-350,774,0
1,-349,773,-8
1,-347,774,-8
1,-344,779,0
1,-341,781,-8
1,-337,781,-8
1,-333,781,0
1,-330,782,0
1,-326,781,8
1,-325,783,-8
1,-323,786,16
1,-322,791,24
1,-322,796,8
1,-322,799,16
1,-321,802,16
1,-320,806,8
1,-321,807,8
1,-321,811,0
1,-323,811,16
1,-328,808,8
1,-332,806,8
1,-336,806,-8
1,-339,808,-8
1,-339,811,0
1,-340,815,0
1,-341,817,-39
1,-341,818,-8
1,-344,816,-8
1,-344,814,-32
1,-341,815,-16
1,-341,815,-16
1,-341,810,-16
1,-340,805,0
1,-338,795,0
1,-336,788,16
1,-336,787,16
1,-337,790,16
1,-335,794,16
1,-331,800,8
1,-327,803,0
1,-325,805,-16
1,-323,807,-16
1,-323,808,-8
1,-323,809,0
1,-324,809,8
1,-322,810,8
1,-317,813,8
1,-312,817,-8
1,-308,821,-16
1,-308,822,32
1,-308,823,8
1,-309,824,0
1,-313,823,24
1,-315,820,-8
1,-318,820,8
1,-322,822,0
1,-323,825,-8
1,-325,828,-8
1,-325,831,-16
1,-328,833,-16
1,-331,832,-32
1,-330,830,0
1,-329,830,0
1,-329,828,8
1,-333,828,16
1,-335,826,8
1,-337,826,16
1,-338,827,16
1,-342,826,16
1,-344,827,0
1,-345,829,0
1,-345,831,-8
1,-346,833,-8
1,-347,833,-24
1,-346,834,8
1,-344,833,-8
1,-343,831,-8
1,-340,829,16
1,-338,828,8
1,-338,829,8
1,-338,829,-16
1,-339,830,8
1,-339,833,16
1,-338,837,16
1,-337,840,8
1,-340,845,-8
1,-343,847,0
1,-344,850,-8
1,-345,852,0
1,-348,856,8
1,-348,859,16
1,-348,862,8
1,-349,865,0
1,-348,869,-8
1,-347,873,-16
1,-347,875,-16
1,-346,876,-24
1,-343,877,-24
1,-341,876,24
1,-339,875,-16
1,-337,874,0
1,-333,873,-16
1,-331,871,16
1,-330,868,16
1,-328,867,8
1,-326,866,8
1,-322,863,-8
1,-322,861,8
1,-319,862,-8
1,-319,864,0
1,-323,867,0
1,-324,869,0
1,-322,869,0
1,-320,865,0
1,-316,861,0
1,-312,858,0
1,-308,855,0
1,-308,852,-16
1,-306,850,8
1,-305,849,0
1,-304,851,0
1,-305,851,0
1,-304,852,8
1,-303,854,16
1,-304,856,-16
1,-306,858,-8
1,-305,861,32
1,-306,864,8
1,-305,866,16
1,-306,864,0
1,-305,864,0
1,-305,866,0
1,-307,866,0
1,-306,865,-8
1,-305,863,-8
1,-304,863,-8
1,-304,865,-8
1,-305,870,-8
1,-304,874,16
1,-304,876,-8
1,-304,878,-8
1,-304,882,-8
1,-303,886,-16
1,-302,889,-16
1,-299,888,-24
1,-298,889,-24
1,-301,889,72
1,-302,889,-16
1,-298,890,-96
1,-297,891,24
1,-291,889,-56
1,-288,888,16
1,-285,884,16
1,-283,882,0
1,-284,881,0
1,-286,879,0
1,-290,877,0
1,-293,874,-8
1,-296,871,-8
1,-297,868,-8
1,-296,864,-8
1,-295,859,-8
1,-293,855,-8
1,-292,851,0
1,-291,850,-8
1,-289,847,0
1,-287,845,0
1,-284,844,16
1,-281,843,0
1,-278,842,8
1,-275,841,8
1,-275,838,-56
1,-275,833,-56
1,-276,826,-39
1,-278,818,-24
1,-279,810,-8
1,-280,803,0
1,-281,797,0
1,-281,790,16
1,-280,785,16
1,-281,780,24
1,-282,776,24
1,-280,776,16
1,-280,775,16
1,-281,774,24
1,-284,779,24
1,-286,781,39
1,-288,783,39
1,-291,782,16
1,-293,782,8
1,-293,786,-8
1,-294,789,16
1,-295,793,16
1,-295,796,0
1,-293,797,-8
1,-290,795,0
1,-287,795,-8
1,-286,796,0
1,-286,798,-8
1,-286,799,-8
1,-286,800,-8
1,-285,801,-8
1,-287,803,-8
1,-286,805,0
1,-286,807,-8
1,-286,808,-8
1,-285,807,0
1,-284,805,0
1,-282,803,0
1,-280,800,0
1,-279,798,0
1,-277,797,0
1,-275,798,0
1,-274,801,0
1,-272,802,16
1,-271,804,8
1,-270,808,8
1,-271,810,0
1,-272,808,-8
1,-274,807,8
1,-276,809,16
1,-278,810,16
1,-278,809,8
1,-278,808,8
1,-279,807,8
1,-279,806,0
1,-279,805,-8
1,-284,803,-8
1,-285,802,0
1,-285,801,0
1,-283,801,0
1,-283,801,0
1,-282,800,0
1,-284,798,0
1,-289,799,8
1,-290,800,0
1,-293,802,0
1,-294,807,16
1,-295,811,0
1,-295,813,0
1,-296,815,8
1,-294,815,24
1,-295,815,-24
1,-296,812,-24
1,-298,808,-8
1,-300,808,0
1,-301,814,8
1,-303,823,0
1,-303,832,0
1,-303,836,0
1,-303,837,0
1,-301,839,-16
1,-302,841,-8
1,-305,838,-8
1,-307,837,-8
1,-309,837,0
1,-312,840,-8
1,-313,842,0
1,-315,844,0
1,-315,846,-8
1,-310,847,-24
1,-308,847,-16
1,-307,849,-24
1,-303,848,-56
1,-299,847,-24
1,-296,847,-8
1,-296,848,-8
1,-296,848,16
1,-298,848,8
1,-299,848,0
1,-299,848,0
1,-300,848,0
1,-300,848,0
1,-303,846,8
1,-303,842,-8
1,-304,842,0
1,-305,842,0
1,-308,842,0
1,-311,843,-8
1,-314,841,-8
1,-315,842,0
1,-315,844,0
1,-315,846,0
1,-316,845,-32
1,-316,843,-8
1,-319,842,-32
1,-320,841,-8
1,-320,841,8
1,-316,841,24
1,-314,839,-24
1,-310,840,32
1,-307,844,16
1,-304,846,8
1,-302,851,0
1,-300,853,0
1,-298,855,0
1,-297,859,0
1,-296,863,0
1,-295,865,0
1,-293,867,0
1,-292,871,-8
1,-292,873,0
1,-292,875,-8
1,-289,877,0
1,-287,878,0
1,-285,880,-8
1,-285,881,0
1,-287,880,0
1,-285,879,-8
1,-284,878,0
1,-286,878,0
1,-288,877,0
1,-290,871,24
1,-292,867,0
1,-295,865,0
1,-296,862,0
1,-297,857,-32
1,-299,853,16
1,-298,851,-32
1,-299,847,72
1,-298,844,-24
1,-296,845,-16
1,-296,843,32
1,-298,842,24
1,-300,843,16
1,-301,844,8
1,-301,844,0
1,-300,844,0
1,-300,842,0
1,-300,839,0
1,-301,838,0
1,-303,836,0
1,-302,833,0
1,-301,832,0
1,-303,834,0
1,-305,838,0
1,-306,839,0
1,-306,838,0
1,-304,836,8
1,-301,834,8
1,-300,834,-16
1,-296,834,56
1,-294,834,-24
1,-293,836,8
1,-293,837,-16
1,-294,839,8
1,-297,839,-24
1,-298,840,8
1,-299,841,-8
1,-300,842,-8
1,-301,844,0
1,-302,846,0
1,-304,848,8
1,-307,850,8
1,-309,852,8
1,-311,854,-8
1,-313,855,-24
1,-314,853,-39
1,-314,851,8
1,-317,847,24
1,-315,841,-88
1,-311,834,-72
1,-306,825,-39
1,-300,815,0
1,-295,805,16
1,-291,795,16
1,-288,787,0
1,-286,781,0
1,-285,772,0
1,-285,763,0
1,-285,757,0
1,-286,750,0
1,-287,743,0
1,-287,738,-8
1,-287,732,0
1,-287,726,32
1,-289,721,72
1,-289,721,16
1,-289,722,16
1,-290,726,64
1,-291,730,32
1,-292,737,32
1,-291,745,0
1,-294,751,0
1,-296,757,8
1,-298,764,0
1,-297,766,-8
1,-293,771,-16
1,-291,773,-8
1,-289,774,0
1,-289,775,0
1,-288,773,-8
1,-288,774,0
1,-286,775,8
1,-285,777,-8
1,-283,779,-8
1,-282,781,0
1,-282,785,8
1,-282,786,24
1,-282,787,8
1,-281,788,0
1,-282,791,8
1,-282,794,-8
1,-283,797,0
1,-284,799,-16
1,-286,803,0
1,-286,807,0
1,-289,810,0
1,-291,812,0
1,-292,814,-8
1,-293,817,0
1,-296,816,-24
1,-299,814,-8
1,-298,814,56
1,-294,818,56
1,-292,821,0
1,-292,824,-8
1,-292,826,8
1,-292,828,8
1,-292,830,0
1,-294,829,0
1,-294,830,0
1,-294,833,-8
1,-293,835,-8
1,-294,836,-8
1,-294,838,0
1,-295,837,0
1,-295,835,0
1,-295,833,0
1,-295,832,0
1,-296,831,0
1,-296,831,-8
1,-295,832,-16
1,-296,831,-8
1,-297,831,0
1,-299,831,8
1,-297,832,-64
1,-298,833,16
1,-295,832,-56
1,-291,830,-32
1,-290,829,16
1,-295,830,16
1,-299,830,8
1,-303,830,8
1,-305,827,8
1,-306,825,0
1,-308,826,8
1,-309,827,8
1,-313,828,0
1,-317,829,0
1,-321,832,-8
1,-327,835,-16
1,-328,836,16
1,-326,836,24
1,-324,837,8
1,-323,838,16
1,-324,840,-8
1,-326,841,-8
1,-329,841,-16
1,-334,838,-48
1,-337,836,8
1,-338,834,0
1,-339,833,-8
1,-339,831,-8
1,-343,827,16
1,-347,824,8
1,-350,821,0
1,-353,819,-8
1,-355,817,-16
1,-356,815,-24
1,-358,813,8
1,-360,810,-8
1,-360,806,-39
1,-358,800,-56
1,-355,793,-64
1,-349,784,-79
1,-341,772,-79
1,-323,737,-72
1,-304,700,-56
1,-284,663,-39
1,-263,631,-16
1,-243,601,-8
1,-207,549,-8
1,-178,503,0
1,-156,472,0
1,-138,445,0
1,-125,420,0
1,-116,400,-8
1,-110,385,-8
1,-105,371,0
1,-101,360,-8
1,-96,352,0
1,-91,344,8
1,-88,340,16
1,-89,337,24
1,-94,337,39
1,-106,344,64
1,-121,372,56
1,-147,401,88
1,-166,419,88
1,-184,442,72
1,-196,473,48
1,-211,503,56
1,-220,538,32
1,-235,572,32
1,-251,607,24
1,-270,674,24
1,-267,734,32
1,-254,784,32
1,-254,805,16
1,-259,826,8
1,-269,839,0
1,-275,853,0
1,-282,863,-16
1,-290,870,-24
1,-297,869,-39
1,-300,867,-56
1,-304,865,-56
1,-308,859,-64
1,-311,848,-48
1,-314,834,-32
1,-318,820,-8
1,-322,805,8
1,-326,791,0
1,-336,755,-8
1,-339,745,-8
1,-342,734,0
1,-344,725,8
1,-346,715,0
1,-349,705,0
1,-351,695,0
1,-353,687,0
1,-355,679,-8
1,-356,672,-16
1,-357,664,-16
1,-358,656,-8
1,-361,646,0
1,-363,636,8
1,-365,627,16
1,-368,618,32
1,-370,613,48
1,-372,612,64
1,-374,616,64
1,-376,623,56
1,-378,633,39
1,-379,645,24
1,-380,654,24
1,-382,662,-8
1,-385,670,-8
1,-389,678,-16
1,-390,685,24
1,-389,693,39
1,-390,700,-24
1,-391,704,-16
1,-389,710,0
1,-389,719,16
1,-388,728,8
1,-390,741,8
1,-405,773,-8
1,-409,797,0
1,-406,819,0
1,-406,826,0
1,-402,832,8
1,-398,838,8
1,-394,843,0
1,-391,849,0
1,-386,854,-24
1,-382,858,-32
1,-377,862,-56
1,-371,865,-72
1,-370,868,48
1,-372,870,8
1,-372,871,-64
1,-371,868,-56
1,-367,864,-48
1,-363,856,-24
1,-359,847,16
1,-355,841,16
1,-348,841,32
1,-345,843,48
1,-342,848,39
1,-340,853,16
1,-338,858,-8
1,-336,863,-24
1,-333,867,-24
1,-332,868,-16
1,-332,869,0
1,-333,870,8
1,-334,872,16
1,-334,874,16
1,-332,878,16
1,-328,882,16
1,-326,886,8
1,-326,890,8
1,-326,895,8
1,-326,899,0
1,-325,902,-8
1,-324,905,-8
1,-323,908,-8
1,-319,911,0
1,-315,915,8
1,-313,919,8
1,-311,921,8
1,-309,925,8
1,-307,930,0
1,-307,934,-8
1,-309,936,-8
1,-312,938,-8
1,-317,938,-8
1,-318,936,0
1,-321,936,0
1,-323,936,0
1,-321,939,0
1,-319,941,0
1,-319,943,0
1,-319,945,0
1,-319,945,0
1,-318,946,8
1,-317,947,0
1,-318,948,0
1,-319,948,-8
1,-318,949,-8
1,-316,950,-8
1,-314,950,0
1,-313,951,8
1,-311,952,8
1,-310,952,8
1,-307,955,16
1,-304,956,8
1,-304,957,8
1,-307,957,-8
1,-310,958,-16
1,-311,958,-24
1,-311,959,-39
1,-309,958,-32
1,-307,956,-24
1,-305,949,-48
1,-303,939,-8
1,-302,933,39
1,-302,927,104
1,-304,924,96
1,-305,926,32
1,-306,930,32
1,-307,934,32
1,-309,937,8
1,-310,939,-16
1,-311,940,-8
1,-312,940,0
1,-313,941,8
1,-315,941,8
1,-320,940,16
1,-327,940,16
1,-330,941,8
1,-332,942,-8
1,-334,944,-8
1,-335,945,-16
1,-337,944,-24
1,-341,944,-24
1,-342,944,-16
1,-340,942,-8
1,-340,942,8
1,-340,944,8
1,-341,945,16
1,-347,945,16
1,-353,945,32
1,-355,946,39
1,-357,949,8
1,-355,952,16
1,-353,957,16
1,-353,957,0
1,-354,958,8
1,-355,960,39
1,-357,962,39
1,-360,967,48
1,-364,972,48
1,-372,980,32
1,-381,987,24
1,-386,995,16
1,-391,1002,0
1,-398,1009,-8
1,-402,1017,16
1,-408,1022,-24
1,-411,1026,-8
1,-413,1030,0
1,-417,1032,0
1,-419,1036,-8
1,-423,1037,8
1,-427,1039,8
1,-429,1041,-104
1,-429,1043,-16
1,-427,1046,-32
1,-424,1049,-32
1,-423,1049,-32
1,-424,1048,-32
1,-424,1047,-24
1,-424,1046,-24
1,-420,1043,-48
1,-415,1037,-32
1,-408,1031,-16
1,-403,1028,-8
1,-398,1025,-8
1,-393,1024,8
1,-389,1022,24
1,-387,1020,32
1,-385,1018,16
1,-385,1016,8
1,-383,1016,8
1,-381,1016,0
1,-381,1014,-8
1,-383,1011,-8
1,-383,1009,-16
1,-385,1007,8
1,-388,1005,8
1,-390,1004,16
1,-391,1002,16
1,-394,1000,8
1,-395,999,0
1,-397,998,-8
1,-399,997,-16
1,-403,995,8
1,-410,990,-32
1,-414,985,-8
1,-417,981,0
1,-418,979,0
1,-419,979,-8
1,-419,977,-8
1,-420,976,-8
1,-423,974,-8
1,-428,972,0
1,-432,970,0
1,-434,969,0
1,-436,967,0
1,-437,967,8
1,-437,965,0
1,-439,963,-8
1,-439,963,8
1,-438,961,0
1,-438,959,8
1,-437,958,-8
1,-436,958,-24
1,-435,959,-8
1,-433,959,-8
1,-432,960,8
1,-430,960,-16
1,-430,960,24
1,-428,959,-16
1,-425,959,8
1,-425,960,8
1,-426,961,-8
1,-427,960,24
1,-427,958,8
1,-426,957,-8
1,-424,957,-8
1,-421,958,0
1,-418,959,0
1,-415,961,8
1,-412,963,8
1,-410,966,0
1,-410,969,0
1,-411,971,-16
1,-411,972,-24
1,-408,971,24
1,-406,969,-32
1,-405,967,-8
1,-404,967,0
1,-406,966,-56
1,-407,963,-16
1,-408,963,0
1,-408,961,-8
1,-406,959,8
1,-404,957,-8
1,-403,954,0
1,-401,952,-8
1,-399,952,0
1,-396,952,0
1,-394,951,0
1,-393,952,8
1,-394,952,-8
1,-394,953,16
1,-394,952,-8
1,-395,950,-8
1,-395,949,0
1,-394,948,-16
1,-391,949,-8
1,-388,950,-8
1,-386,952,8
1,-383,954,-8
1,-381,956,-16
1,-378,958,-16
1,-371,959,-39
1,-367,958,-8
1,-361,956,-24
1,-356,954,-8
1,-352,952,0
1,-349,948,0
1,-349,946,0
1,-349,945,0
1,-349,945,-8
1,-349,947,-8
1,-349,948,0
1,-348,947,0
1,-347,946,0
1,-347,945,-8
1,-345,942,8
1,-346,941,-8
1,-348,940,-16
1,-352,939,-24
1,-356,937,-24
1,-359,935,-8
1,-360,933,0
1,-360,933,16
1,-359,935,8
1,-357,937,16
1,-357,938,0
1,-356,940,16
1,-357,941,-8
1,-359,942,-8
1,-360,940,-8
1,-362,938,-8
1,-362,935,-8
1,-362,932,-16
1,-362,930,0
1,-363,931,0
1,-362,930,0
1,-361,929,8
1,-361,928,8
1,-361,928,0
1,-362,928,-8
1,-362,927,8
1,-363,926,8
1,-364,925,0
1,-366,926,8
1,-369,929,16
1,-371,932,0
1,-372,935,-8
1,-372,937,-24
1,-372,939,-24
1,-369,943,32
1,-365,944,-8
1,-362,945,8
1,-360,946,16
1,-360,947,16
1,-362,949,8
1,-365,951,0
1,-367,950,0
1,-367,951,-8
1,-368,951,-16
1,-368,950,-8
1,-368,950,0
1,-368,950,0
1,-369,951,8
1,-369,952,16
1,-369,955,16
1,-369,957,0
1,-369,959,-16
1,-369,961,-16
1,-368,961,-16
1,-369,961,-24
1,-370,960,-16
1,-371,959,8
1,-371,958,8
1,-371,958,16
1,-374,957,-48
1,-375,957,8
1,-379,956,8
1,-380,956,-16
1,-384,957,48
1,-391,958,0
1,-395,958,-8
1,-396,959,8
1,-395,958,16
1,-392,959,24
1,-391,960,24
1,-390,963,16
1,-391,963,-8
1,-390,965,0
1,-388,967,0
1,-386,969,-8
1,-386,971,-24
1,-385,971,-16
1,-384,970,0
1,-385,969,0
1,-386,968,8
1,-386,967,16
1,-387,967,16
1,-384,970,0
1,-381,972,0
1,-380,974,-8
1,-380,976,-8
1,-382,976,-24
1,-385,974,-8
1,-387,973,0
1,-387,973,8
1,-389,971,16
1,-388,970,8
1,-387,971,16
1,-387,973,0
1,-386,973,0
1,-386,974,8
1,-386,975,-16
1,-385,976,24
1,-384,976,16
1,-383,978,8
1,-380,977,16
1,-377,976,0
1,-376,975,-8
1,-378,975,0
1,-380,977,-16
1,-381,978,-16
1,-381,978,-16
1,-379,979,-8
1,-375,980,-24
1,-369,977,-56
1,-366,975,8
1,-366,974,0
1,-368,974,0
1,-369,972,39
1,-370,969,0
1,-369,963,-8
1,-368,957,-8
1,-367,952,0
1,-365,949,8
1,-362,945,0
1,-361,943,-8
1,-361,943,-8
1,-361,944,-8
1,-360,947,0
1,-358,948,8
1,-356,949,8
1,-348,952,79
1,-340,956,64
1,-334,958,24
1,-329,960,24
1,-327,962,24
1,-326,963,0
1,-323,960,64
1,-324,957,-8
1,-323,956,16
1,-323,957,8
1,-321,960,16
1,-319,964,16
1,-319,968,0
1,-320,970,0
1,-320,970,-8
1,-321,969,0
1,-318,970,-8
1,-316,971,0
1,-315,969,0
1,-315,968,0
1,-317,968,-8
1,-318,968,-8
1,-319,967,-8
1,-319,966,-8
1,-319,966,-16
1,-318,966,-16
1,-322,967,39
1,-323,968,-8
1,-325,970,8
1,-322,972,-48
1,-316,974,-48
1,-312,974,8
1,-311,974,8
1,-310,974,0
1,-309,974,0
1,-307,972,0
1,-305,969,-24
1,-305,968,0
1,-306,970,0
1,-307,972,0
1,-305,972,0
1,-305,973,-16
1,-301,973,39
1,-299,971,-16
1,-300,968,-16
1,-298,968,8
1,-295,970,24
1,-294,971,16
1,-295,973,8
1,-296,976,0
1,-297,978,-8
1,-299,979,-8
1,-301,979,-16
1,-304,977,-8
1,-308,974,0
1,-312,972,0
1,-318,969,-8
1,-327,965,-8
1,-333,963,24
1,-339,960,-8
1,-345,957,8
1,-351,955,16
1,-355,955,-8
1,-359,954,0
1,-364,953,0
1,-367,951,0
1,-371,949,-16
1,-376,946,-32
1,-379,943,-48
1,-379,942,8
1,-381,941,8
1,-380,942,0
1,-378,943,0
1,-376,943,0
1,-377,943,24
1,-379,942,8
1,-379,942,0
1,-379,943,0
1,-379,944,0
1,-378,945,-8
1,-376,946,0
1,-374,948,0
1,-371,950,0
1,-370,950,16
1,-371,951,24
1,-370,951,0
1,-369,950,8
1,-364,949,0
1,-359,949,8
1,-353,949,8
1,-347,949,16
1,-341,949,8
1,-337,948,8
1,-335,948,0
1,-334,949,0
1,-335,951,0
1,-337,955,0
1,-342,958,0
1,-344,961,-8
1,-345,962,-8
1,-345,962,-8
1,-345,963,-8
1,-347,963,-16
1,-349,962,-8
1,-351,962,-8
1,-353,963,-8
1,-354,964,-8
1,-355,964,8
1,-354,965,16
1,-356,964,-16
1,-359,963,0
1,-362,960,8
1,-364,957,8
1,-366,956,16
1,-368,955,16
1,-370,955,16
1,-372,956,8
1,-374,956,8
1,-377,957,8
1,-378,958,8
1,-379,959,8
1,-379,961,8
1,-381,963,8
1,-384,965,8
1,-387,968,24
1,-387,970,32
1,-387,974,32
1,-388,979,39
1,-389,986,32
1,-389,995,24
1,-390,1004,16
1,-392,1013,8
1,-399,1023,-8
1,-404,1033,0
1,-406,1041,0
1,-405,1041,0
1,-402,1042,0
1,-402,1044,0
1,-403,1049,0
1,-405,1053,0
1,-407,1058,0
1,-408,1062,8
1,-410,1067,-8
1,-410,1072,0
1,-411,1077,0
1,-411,1083,-8
1,-411,1089,-8
1,-413,1094,0
1,-415,1099,-16
1,-417,1102,-24
1,-421,1105,-8
1,-422,1105,-48
1,-425,1102,-32
1,-426,1099,-24
1,-427,1094,-24
1,-429,1088,-16
1,-433,1082,-16
1,-434,1076,-32
1,-432,1068,-56
1,-431,1063,-16
1,-426,1055,-32
1,-425,1049,8
1,-425,1044,8
1,-426,1041,0
1,-422,1039,-24
1,-419,1036,-8
1,-416,1033,-8
1,-412,1030,-8
1,-410,1027,-8
1,-407,1025,0
1,-399,1024,-8
1,-389,1025,-24
1,-381,1024,16
1,-376,1023,0
1,-375,1019,8
1,-376,1015,8
1,-376,1012,8
1,-379,1009,-8
1,-382,1007,-16
1,-382,1002,8
1,-383,996,-32
1,-384,990,-39
1,-383,986,8
1,-380,982,16
1,-377,980,0
1,-373,978,8
1,-370,975,8
1,-366,973,8
1,-364,971,0
1,-364,970,8
1,-364,968,8
1,-365,966,0
1,-366,965,-8
1,-367,963,0
1,-367,961,-8
1,-367,959,0
1,-366,958,0
1,-364,956,0
1,-366,953,8
1,-367,950,8
1,-368,947,0
1,-368,945,0
1,-367,944,-16
1,-365,943,-8
1,-363,942,-16
1,-362,937,-32
1,-359,934,-16
1,-356,930,-8
1,-351,929,-8
1,-348,926,0
1,-344,924,0
1,-340,921,-8
1,-336,918,-8
1,-331,916,-8
1,-326,913,-8
1,-322,909,0
1,-319,907,0
1,-317,903,32
1,-317,899,39
1,-315,896,8
1,-316,894,48
1,-319,893,39
1,-323,894,32
1,-324,894,0
1,-322,891,-16
1,-321,891,16
1,-322,894,8
1,-323,897,-8
1,-323,900,-8
1,-324,903,-8
1,-323,908,0
1,-323,916,0
1,-323,921,0
1,-323,924,0
1,-324,923,0
1,-326,924,0
1,-325,922,0
1,-325,920,0
1,-326,920,-8
1,-328,921,-16
1,-330,919,8
1,-332,917,-32
1,-336,916,-32
1,-339,914,-24
1,-341,912,-16
1,-343,911,-16
1,-343,911,8
1,-342,912,8
1,-342,913,8
1,-341,915,8
1,-340,918,0
1,-341,920,0
1,-345,922,8
1,-349,923,0
1,-350,923,0
1,-351,922,0
1,-353,921,0
1,-355,922,0
1,-356,923,-8
1,-356,924,-16
1,-357,925,0
1,-359,924,24
1,-362,924,8
1,-362,924,-16
1,-362,924,8
1,-359,922,-32
1,-358,921,8
1,-354,917,-16
1,-352,916,0
1,-351,914,0
1,-348,911,0
1,-343,909,0
1,-340,907,8
1,-335,902,0
1,-333,900,0
1,-333,899,0
1,-330,899,0
1,-327,898,0
1,-324,896,0
1,-324,897,0
1,-324,898,0
1,-323,898,0
1,-322,896,0
1,-323,896,0
1,-328,898,0
1,-332,899,0
1,-332,903,-24
1,-329,908,-8
1,-323,911,0
1,-321,913,0
1,-323,912,-8
1,-325,911,0
1,-326,913,0
1,-329,915,0
1,-333,918,-8
1,-338,920,0
1,-343,921,-8
1,-347,921,-16
1,-347,920,32
1,-344,918,32
1,-343,917,-16
1,-343,917,-8
1,-345,916,-24
1,-347,914,-8
1,-347,914,24
1,-345,916,24
1,-345,916,8
1,-348,915,16
1,-352,914,16
1,-357,913,8
1,-362,913,8
1,-364,913,0
1,-366,915,0
1,-367,917,0
1,-368,917,-8
1,-369,918,-8
1,-369,919,-16
1,-369,919,0
1,-368,918,-24
1,-367,918,-16
1,-367,917,-8
1,-366,915,-24
1,-365,913,-32
1,-363,909,-39
1,-361,904,-32
1,-363,897,0
1,-367,888,16
1,-372,879,16
1,-379,870,8
1,-384,862,0
1,-386,856,-16
1,-384,853,-16
1,-380,849,-8
1,-380,846,16
1,-389,839,16
1,-399,832,24
1,-409,827,32
1,-417,824,24
1,-422,823,0
1,-425,821,-8
1,-430,820,-8
1,-437,818,-8
1,-443,817,-16
1,-447,818,-24
1,-450,816,-32
1,-450,813,0
1,-449,810,16
1,-445,809,-8
1,-440,809,0
1,-435,811,16
1,-428,812,-16
1,-420,812,-24
1,-412,812,-8
1,-408,812,0
1,-404,813,-8
1,-400,813,-8
1,-397,813,0
1,-396,814,8
1,-395,812,0
1,-393,812,0
1,-391,815,0
1,-389,817,0
1,-387,821,-8
1,-386,823,16
1,-384,824,16
1,-382,824,0
1,-380,825,16
1,-376,826,32
1,-374,826,-32
1,-374,825,-39
1,-374,825,-8
1,-371,824,-8
1,-368,822,16
1,-366,822,-8
1,-364,822,-8
1,-361,823,0
1,-358,824,0
1,-353,824,0
1,-349,825,0
1,-347,826,8
1,-346,827,8
1,-346,828,8
1,-346,832,8
1,-345,834,0
1,-344,835,0
1,-343,835,-8
1,-343,836,0
1,-343,838,0
1,-342,839,8
1,-342,839,8
1,-343,840,16
1,-343,842,8
1,-345,842,32
1,-347,843,-16
1,-349,843,-16
1,-351,844,8
1,-351,845,0
1,-354,845,24
1,-356,845,-24
1,-359,843,-8
1,-362,843,8
1,-365,846,0
1,-368,846,0
1,-370,847,0
1,-372,847,0
1,-376,847,16
1,-381,848,16
1,-384,848,-8
1,-388,849,-16
1,-393,850,-24
1,-398,851,-24
1,-401,851,-16
1,-401,850,16
1,-399,849,16
1,-398,848,-16
1,-398,847,-8
1,-399,848,0
1,-399,847,-8
1,-399,846,-8
1,-393,845,32
1,-388,844,8
1,-386,843,16
1,-385,844,8
1,-385,846,8
1,-385,848,8
1,-382,848,16
1,-377,848,16
1,-376,849,16
1,-376,852,8
1,-375,852,-8
1,-373,854,-8
1,-371,857,-16
1,-369,859,-16
1,-367,862,-8
1,-363,863,-32
1,-361,864,-8
1,-362,865,-8
1,-361,866,-32
1,-357,864,-24
1,-354,864,-16
1,-352,860,-8
1,-352,859,-8
1,-349,859,8
1,-347,858,24
1,-345,858,32
1,-342,859,24
1,-341,858,24
1,-339,859,32
1,-337,860,24
1,-338,860,-24
1,-339,862,-8
1,-340,861,-24
1,-341,861,-16
1,-342,862,-8
1,-343,863,-8
1,-343,864,0
1,-341,863,8
1,-339,861,8
1,-338,859,8
1,-338,859,16
1,-339,859,0
1,-337,858,8
1,-336,857,0
1,-337,855,16
1,-338,855,-16
1,-340,854,-16
1,-342,852,0
1,-343,851,-16
1,-342,849,-16
1,-344,848,-8
1,-345,848,0
1,-345,847,0
1,-346,846,8
1,-345,847,8
1,-346,849,24
1,-347,849,8
1,-348,850,16
1,-349,850,16
1,-348,851,8
1,-345,853,16
1,-341,855,8
1,-336,859,0
1,-333,862,0
1,-331,864,8
1,-327,866,0
1,-326,869,0
1,-323,871,0
1,-325,872,-24
1,-326,873,8
1,-325,874,-16
1,-323,874,-16
1,-320,874,-24
1,-316,874,-24
1,-312,872,-24
1,-307,871,-32
1,-305,869,-16
1,-304,868,-16
1,-305,866,-8
1,-308,864,24
1,-311,863,8
1,-313,863,8
1,-316,861,8
1,-320,857,0
1,-323,855,-8
1,-326,858,0
1,-328,863,-8
1,-329,864,-8
1,-330,870,-8
1,-330,872,8
1,-328,875,16
1,-327,875,-16
1,-328,873,8
1,-330,870,-24
1,-332,868,-8
1,-332,866,8
1,-332,867,8
1,-329,868,24
1,-325,870,24
1,-324,871,-88
1,-324,872,8
1,-323,874,8
1,-322,878,8
1,-320,881,8
1,-319,884,0
1,-317,888,8
1,-315,891,0
1,-314,894,8
1,-313,897,8
1,-310,898,8
1,-307,900,8
1,-308,904,8
1,-312,912,0
1,-317,920,-8
1,-319,927,24
1,-321,932,8
1,-322,936,16
1,-323,939,16
1,-322,941,16
1,-322,944,16
1,-323,949,16
1,-322,951,-8
1,-321,953,0
1,-318,951,-8
1,-318,943,0
1,-319,936,0
1,-318,937,-8
1,-318,940,-8
1,-320,942,8
1,-322,943,-16
1,-328,943,8
1,-334,943,-8
1,-337,943,-32
1,-338,943,-39
1,-338,939,-48
1,-336,934,-48
1,-335,928,-39
1,-333,922,-24
1,-332,915,-16
1,-331,908,0
1,-329,902,16
1,-328,896,24
1,-328,891,24
1,-328,887,24
1,-329,888,72
1,-331,893,64
1,-333,901,48
1,-334,905,16
1,-334,908,8
1,-333,910,0
1,-332,911,-8
1,-331,912,-8
1,-330,913,-8
1,-329,915,-8
1,-327,914,-8
1,-326,915,-8
1,-326,918,0
1,-327,918,-8
1,-329,923,-16
1,-331,927,-39
1,-333,932,-39
1,-335,935,-32
1,-336,936,-48
1,-336,934,16
1,-336,931,-48
1,-336,928,-48
1,-336,923,-48
1,-335,917,-32
1,-335,910,-16
1,-334,904,0
1,-335,899,0
1,-336,894,8
1,-336,889,8
1,-335,885,0
1,-335,878,0
1,-336,873,0
1,-338,868,-8
1,-339,863,-8
1,-341,858,-8
1,-343,854,-8
1,-345,849,0
1,-347,846,-8
1,-347,842,0
1,-348,839,0
1,-349,834,0
1,-351,832,-16
1,-351,831,0
1,-349,829,8
1,-349,830,-8
1,-345,830,16
1,-337,831,32
1,-324,832,39
1,-314,835,16
1,-300,839,39
1,-262,856,24
1,-229,869,8
1,-211,879,0
1,-215,877,0
1,-219,875,0
1,-217,873,-8
1,-212,873,0
1,-206,873,0
1,-205,874,8
1,-203,876,0
1,-203,878,0
1,-204,880,-8
1,-200,883,-24
1,-194,886,-24
1,-185,886,-39
1,-176,886,-32
1,-172,885,16
1,-173,882,24
1,-175,880,39
1,-179,880,39
1,-183,881,0
1,-190,883,56
1,-198,887,39
1,-206,890,8
1,-212,893,0
1,-220,895,-16
1,-226,896,0
1,-233,897,-16
1,-240,897,-24
1,-247,896,-24
1,-253,896,-16
1,-259,895,-16
1,-263,896,-8
1,-267,895,-8
1,-273,892,-8
1,-281,889,0
1,-289,885,0
1,-293,882,0
1,-293,881,8
1,-291,881,8
1,-290,880,-16
1,-290,878,-8
1,-292,875,-8
1,-295,871,-8
1,-298,867,-8
1,-300,865,0
1,-303,866,-8
1,-305,866,0
1,-303,865,-8
1,-304,867,-8
1,-310,867,-8
1,-313,867,-8
1,-313,866,0
1,-312,865,0
1,-312,867,8
1,-314,867,8
1,-316,867,16
1,-317,869,16
1,-320,868,16
1,-323,868,16
1,-324,868,16
1,-326,868,24
1,-327,870,16
1,-330,872,16
1,-333,875,8
1,-334,877,8
1,-334,879,-8
1,-339,880,-8
1,-343,882,-8
1,-347,886,-8
1,-354,887,8
1,-363,887,16
1,-368,887,-8
1,-375,887,8
1,-378,885,-8
1,-378,886,-24
1,-374,889,-24
1,-368,892,-32
1,-360,894,-24
1,-347,895,-72
1,-335,894,-16
1,-331,894,8
1,-332,896,8
1,-333,896,-16
1,-327,894,0
1,-323,894,-8
1,-317,893,0
1,-310,893,0
1,-306,893,0
1,-306,894,8
1,-305,894,0
1,-301,894,0
1,-297,895,0
1,-292,895,0
1,-291,897,8
1,-290,899,0
1,-288,899,0
1,-284,897,0
1,-281,896,0
1,-281,898,-8
1,-283,901,-8
1,-290,905,0
1,-296,907,0
1,-299,909,0
1,-301,909,0
1,-300,908,0
1,-299,907,0
1,-296,903,0
1,-290,897,8
1,-287,892,-16
1,-285,890,8
1,-286,891,-16
1,-289,892,-16
1,-289,892,48
1,-286,893,32
1,-284,894,16
1,-284,895,0
1,-287,896,-8
1,-289,897,16
1,-290,899,24
1,-293,902,8
1,-296,902,0
1,-300,903,0
1,-304,904,0
1,-309,902,8
1,-314,899,8
1,-318,899,8
1,-322,899,0
1,-325,902,0
1,-328,905,0
1,-329,908,-8
1,-328,910,-16
1,-330,912,8
1,-333,909,39
1,-336,907,0
1,-334,909,-39
1,-333,910,-8
1,-329,912,-32
1,-324,914,-16
1,-320,915,0
1,-318,916,0
1,-319,916,-8
1,-322,916,-8
1,-323,916,8
1,-324,917,0
1,-325,917,0
1,-326,916,0
1,-326,916,0
1,-327,916,0
1,-327,917,-8
1,-327,918,-16
1,-327,917,-16
1,-328,916,-16
1,-328,915,-8
1,-329,913,0
1,-330,913,0
1,-332,912,8
1,-332,912,8
1,-330,914,-16
1,-328,916,-8
1,-327,917,0
1,-328,917,8
1,-328,916,0
1,-328,914,8
1,-330,911,-8
1,-330,910,-8
1,-331,908,-16
1,-332,906,8
1,-332,904,8
1,-333,904,16
1,-332,905,8
1,-331,906,0
1,-330,905,-16
1,-331,903,-16
1,-329,904,8
1,-326,904,0
1,-325,904,8
1,-324,903,16
1,-325,902,8
1,-325,902,8
1,-328,901,0
1,-329,900,0
1,-331,900,0
1,-332,898,0
1,-332,898,8
1,-334,898,8
1,-336,899,16
1,-337,898,8
1,-336,897,-16
1,-339,898,56
1,-340,896,-16
1,-340,893,-16
1,-341,890,-8
1,-341,886,0
1,-342,882,0
1,-342,878,0
1,-340,876,8
1,-338,876,8
1,-336,874,8
1,-337,874,0
1,-338,874,16
1,-339,875,8
1,-340,878,0
1,-342,878,16
1,-343,874,16
1,-345,869,8
1,-341,863,0
1,-340,857,24
1,-341,854,24
1,-342,854,0
1,-342,855,0
1,-342,857,-8
1,-338,855,-16
1,-337,852,56
1,-337,851,-8
1,-338,853,0
1,-339,852,0
1,-341,848,8
1,-342,843,8
1,-342,839,0
1,-341,835,0
1,-341,833,0
1,-341,830,0
1,-342,826,8
1,-346,826,-32
1,-347,826,16
1,-346,826,16
1,-346,829,0
1,-346,833,8
1,-346,836,-8
1,-349,835,0
1,-349,832,8
1,-352,828,32
1,-355,824,39
1,-360,822,48
1,-363,821,-8
1,-364,823,-8
1,-365,827,-8
1,-366,832,-8
1,-368,835,0
1,-368,839,0
1,-367,843,0
1,-367,846,0
1,-369,849,8
1,-372,851,8
1,-379,853,39
1,-384,856,8
1,-385,855,-8
1,-383,854,0
1,-380,852,0
1,-377,849,0
1,-373,848,0
1,-369,846,0
1,-366,848,0
1,-366,849,0
1,-365,851,8
1,-366,853,8
1,-367,855,-8
1,-371,855,-56
1,-373,856,8
1,-373,857,8
1,-371,860,0
1,-370,863,0
1,-371,865,0
1,-371,868,0
1,-369,869,-39
1,-370,869,24
1,-372,872,0
1,-372,875,-8
1,-372,878,-8
1,-371,880,-8
1,-369,880,-8
1,-367,881,0
1,-366,881,8
1,-364,884,0
1,-362,885,0
1,-362,883,8
1,-363,882,0
1,-364,880,0
1,-368,879,0
1,-373,874,0
1,-375,870,0
1,-376,867,0
1,-374,864,-16
1,-373,861,0
1,-371,859,-8
1,-371,858,-8
1,-370,858,-8
1,-367,857,-8
1,-367,854,0
1,-366,852,-8
1,-364,849,-8
1,-360,850,-8
1,-356,850,0
1,-352,850,0
1,-346,847,0
1,-343,846,0
1,-338,842,0
1,-334,839,0
1,-333,836,0
1,-331,832,0
1,-326,829,8
1,-322,829,-8
1,-315,830,24
1,-307,832,32
1,-299,834,32
1,-295,835,0
1,-290,838,39
1,-289,840,8
1,-289,842,8
1,-290,842,16
1,-292,844,16
1,-294,848,8
1,-296,851,16
1,-297,855,0
1,-301,858,-8
1,-301,859,0
1,-300,858,-16
1,-298,857,0
1,-296,861,-8
1,-296,864,8
1,-299,868,0
1,-301,873,-16
1,-302,877,-8
1,-303,879,-8
1,-300,882,-39
1,-295,885,-48
1,-288,888,-48
1,-284,887,8
1,-286,885,24
1,-287,882,0
1,-285,879,-8
1,-280,877,-8
1,-276,874,-8
1,-274,871,0
1,-277,868,8
1,-281,866,0
1,-283,865,0
1,-281,862,-8
1,-278,858,0
1,-277,857,0
1,-280,856,-16
1,-281,854,8
1,-278,853,16
1,-274,853,24
1,-269,854,32
1,-264,856,32
1,-263,857,8
1,-265,857,0
1,-265,859,16
1,-267,863,0
1,-267,869,8
1,-268,872,0
1,-269,873,8
1,-272,875,0
1,-275,875,8
1,-277,876,8
1,-283,875,-16
1,-291,874,-16
1,-300,871,-16
1,-308,869,-8
1,-317,866,-8
1,-326,863,16
1,-333,862,16
1,-337,864,0
1,-338,867,-8
1,-337,871,-16
1,-332,876,-8
1,-329,880,-8
1,-328,881,8
1,-324,881,-48
1,-317,882,-39
1,-309,881,-24
1,-305,881,8
1,-301,880,-8
1,-296,878,-8
1,-291,875,-8
1,-287,873,0
1,-287,874,8
1,-289,878,16
1,-292,882,8
1,-295,886,8
1,-296,886,-8
1,-294,886,0
1,-291,883,0
1,-290,883,-8
1,-288,885,-8
1,-290,890,-8
1,-293,894,0
1,-293,895,0
1,-294,900,8
1,-293,901,0
1,-293,903,-16
1,-293,905,-24
1,-293,906,-32
1,-293,906,-32
1,-289,904,24
1,-285,902,-32
1,-283,899,-24
1,-277,898,56
1,-275,898,-39
1,-270,897,8
1,-269,897,0
1,-271,899,0
1,-272,900,8
1,-273,899,0
1,-273,902,0
1,-271,906,8
1,-270,909,0
1,-266,909,0
1,-264,908,-16
1,-274,904,8
1,-284,901,0
1,-284,900,0
1,-281,901,-32
1,-276,904,-32
1,-270,906,-24
1,-265,907,-16
1,-260,908,-16
1,-254,908,0
1,-249,908,0
1,-248,908,8
1,-246,908,0
1,-245,908,0
1,-242,909,0
1,-237,909,0
1,-236,907,16
1,-235,905,8
1,-236,901,-8
1,-233,899,8
1,-229,899,16
1,-223,899,16
1,-217,901,24
1,-213,903,32
1,-212,905,-8
1,-212,906,0
1,-208,906,8
1,-204,904,8
1,-198,903,8
1,-195,901,8
1,-197,900,8
1,-202,901,8
1,-209,901,0
1,-216,902,0
1,-221,902,0
1,-222,905,-8
1,-223,906,0
1,-222,906,16
1,-224,906,0
1,-227,907,-16
1,-232,908,16
1,-234,909,8
1,-238,912,16
1,-244,917,24
1,-249,921,8
1,-252,926,0
1,-255,928,8
1,-259,926,8
1,-261,927,-8
1,-263,928,16
1,-264,929,-8
1,-268,930,-8
1,-268,932,-24
1,-264,932,-24
1,-262,930,-64
1,-260,928,-32
1,-258,926,-32
1,-257,918,-64
1,-258,906,-16
1,-258,894,0
1,-257,884,-8
1,-257,873,-8
1,-257,864,-8
1,-258,854,0
1,-258,845,0
1,-259,834,0
1,-261,824,8
1,-261,816,8
1,-263,809,32
1,-266,803,56
1,-267,802,24
1,-270,801,64
1,-270,804,0
1,-268,808,0
1,-269,813,32
1,-267,818,16
1,-266,824,8
1,-264,829,8
1,-267,833,-8
1,-268,836,8
1,-265,841,8
1,-260,846,8
1,-253,850,0
1,-250,854,0
1,-248,858,0
1,-245,861,-8
1,-242,864,-8
1,-237,867,0
1,-237,869,-24
1,-233,873,16
1,-234,875,-16
1,-237,877,-16
1,-246,877,-24
1,-253,876,0
1,-253,876,8
1,-255,875,8
1,-252,876,8
1,-249,878,8
1,-242,880,8
1,-236,881,0
1,-232,881,0
1,-230,882,0
1,-228,883,0
1,-226,886,8
1,-223,887,8
1,-224,889,0
1,-226,891,16
1,-229,894,0
1,-233,896,-32
1,-236,897,-32
1,-242,897,-24
1,-245,898,-16
1,-244,900,0
1,-246,900,-8
1,-252,899,8
1,-259,897,16
1,-269,894,8
1,-277,892,8
1,-283,892,-16
1,-287,892,-8
1,-289,892,-8
1,-290,892,8
1,-292,894,8
1,-293,896,8
1,-296,897,16
1,-298,899,0
1,-299,901,-8
1,-297,902,-16
1,-293,902,0
1,-290,901,-8
1,-287,900,32
1,-285,898,-8
1,-282,897,0
1,-280,895,0
1,-278,893,0
1,-277,893,8
1,-277,893,-8
1,-277,893,0
1,-276,893,0
1,-278,895,8
1,-277,897,-8
1,-279,898,-48
1,-282,898,0
1,-290,897,-16
1,-296,896,0
1,-303,894,-24
1,-307,893,8
1,-305,895,0
1,-304,898,0
1,-306,899,0
1,-307,902,0
1,-310,903,0
1,-315,903,-8
1,-320,903,-8
1,-323,903,-8
1,-326,903,-8
1,-329,902,-8
1,-330,903,-8
1,-330,903,-16
1,-325,902,-64
1,-322,902,-8
1,-318,901,-16
1,-316,900,16
1,-315,899,0
1,-317,899,-8
1,-319,895,8
1,-321,892,-8
1,-322,890,-8
1,-324,889,-8
1,-325,888,-16
1,-326,886,-8
1,-327,884,0
1,-327,882,-8
1,-326,880,0
1,-324,879,8
1,-321,878,8
1,-313,878,39
1,-306,878,-24
1,-305,876,-24
1,-305,872,-24
1,-307,868,-8
1,-309,863,8
1,-310,859,8
1,-313,855,8
1,-314,851,16
1,-316,849,16
1,-314,850,8
1,-311,853,0
1,-305,856,-8
1,-299,860,-8
1,-295,862,-16
1,-294,861,-8
1,-296,859,0
1,-297,857,8
1,-298,857,0
1,-299,855,8
1,-300,854,16
1,-298,855,16
1,-296,857,24
1,-299,858,0
1,-300,860,-8
1,-298,863,-8
1,-296,866,-8
1,-297,864,-16
1,-295,863,0
1,-294,864,0
1,-294,863,8
1,-293,865,8
1,-295,868,-24
1,-301,871,0
1,-309,874,8
1,-317,877,24
1,-326,881,48
1,-332,883,-8
1,-333,884,-8
1,-328,885,8
1,-320,886,16
1,-312,889,24
1,-306,892,32
1,-304,893,8
1,-305,894,8
1,-307,896,24
1,-311,896,-8
1,-315,896,-8
1,-318,895,-8
1,-319,894,-8
1,-323,894,-8
1,-324,896,-8
1,-325,898,-8
1,-325,899,0
1,-326,900,0
1,-328,901,-8
1,-331,902,0
1,-334,902,0
1,-334,903,-8
1,-334,903,-8
1,-334,901,8
1,-330,899,-39
1,-329,897,8
1,-324,894,-16
1,-321,893,8
1,-319,891,0
1,-314,888,-8
1,-308,885,0
1,-304,883,-8
1,-299,881,0
1,-294,878,0
1,-289,875,0
1,-283,871,0
1,-278,868,-8
1,-274,865,0
1,-272,863,0
1,-269,860,0
1,-268,858,0
1,-265,856,16
1,-262,854,24
1,-260,854,16
1,-256,856,64
1,-254,857,-16
1,-254,857,8
1,-259,856,-24
1,-262,856,0
1,-267,856,0
1,-271,854,0
1,-274,853,8
1,-275,854,0
1,-276,855,0
1,-275,853,-8
1,-276,852,-8
1,-276,851,-16
1,-276,849,-32
1,-276,845,-39
1,-279,844,0
1,-280,839,-48
1,-281,832,-32
1,-281,824,0
1,-281,816,24
1,-281,808,39
1,-280,804,39
1,-280,804,0
1,-277,807,0
1,-272,808,-8
1,-267,811,-8
1,-259,812,-8
1,-253,812,-8
1,-250,810,0
1,-246,808,0
1,-243,806,0
1,-242,805,0
1,-242,805,0
1,-242,805,-8
1,-241,805,8
1,-239,804,0
1,-240,800,0
1,-242,798,39
1,-246,793,48
1,-252,789,56
1,-258,786,48
1,-262,787,8
1,-260,792,8
1,-259,796,-8
1,-259,799,-8
1,-260,802,-8
1,-263,805,-8
1,-266,808,-8
1,-270,809,-8
1,-275,809,-8
1,-277,810,0
1,-281,806,8
1,-283,803,8
1,-286,803,8
1,-288,804,0
1,-289,807,0
1,-289,810,0
1,-287,815,8
1,-290,821,8
1,-297,825,8
1,-304,829,0
1,-311,831,-8
1,-315,832,0
1,-312,836,0
1,-306,841,0
1,-302,844,-8
1,-298,848,0
1,-290,851,0
1,-284,853,8
1,-284,857,8
1,-283,860,0
1,-281,863,-8
1,-276,866,0
1,-270,870,0
1,-264,874,0
1,-263,876,-16
1,-260,878,8
1,-259,879,-16
1,-258,879,0
1,-257,881,8
1,-257,884,8
1,-254,885,0
1,-256,886,8
1,-257,886,0
1,-258,890,0
1,-256,893,0
1,-250,898,8
1,-246,903,0
1,-243,904,-8
1,-245,907,0
1,-243,910,-16
1,-240,913,-16
1,-237,915,-8
1,-236,914,8
1,-236,914,-8
1,-234,914,-8
1,-235,913,16
1,-234,912,0
1,-235,913,16
1,-234,913,0
1,-233,914,0
1,-231,915,0
1,-228,916,0
1,-228,918,0
1,-228,917,0
1,-225,917,0
1,-226,917,0
1,-228,917,0
1,-231,917,0
1,-233,918,0
1,-236,917,0
1,-238,918,0
1,-238,918,0
1,-241,919,0
1,-244,920,-8
1,-244,921,0
1,-244,923,0
1,-241,924,8
1,-238,926,8
1,-233,927,8
1,-231,928,0
1,-229,929,0
1,-227,931,8
1,-226,932,8
1,-226,934,16
1,-229,935,0
1,-234,935,8
1,-237,936,8
1,-241,941,8
1,-249,943,0
1,-256,942,0
1,-263,941,0
1,-268,939,8
1,-272,936,0
1,-275,932,8
1,-276,931,0
1,-276,932,8
1,-277,932,-8
1,-275,935,8
1,-274,939,0
1,-272,943,-8
1,-269,946,-16
1,-267,950,-16
1,-264,952,-32
1,-264,954,-8
1,-263,954,-32
1,-262,953,-16
1,-261,951,-8
1,-259,949,-8
1,-262,947,0
1,-262,946,-8
1,-264,945,0
1,-265,945,-8
1,-268,942,0
1,-275,934,-8
1,-281,927,0
1,-282,929,0
1,-284,930,0
1,-284,931,0
1,-286,930,8
1,-286,931,0
1,-282,932,0
1,-279,931,0
1,-279,928,0
1,-274,923,-8
1,-271,921,0
1,-274,919,8
1,-279,918,8
1,-291,917,8
1,-302,915,0
1,-312,919,8
1,-317,921,8
1,-321,922,8
1,-329,922,8
1,-335,919,0
1,-338,917,0
1,-341,917,0
1,-348,916,0
1,-352,916,0
1,-357,917,0
1,-358,918,0
1,-361,918,-8
1,-360,917,-8
1,-363,917,-8
1,-361,917,0
1,-363,918,-8
1,-360,919,-8
1,-358,920,-8
1,-355,920,-8
1,-354,920,-8
1,-350,919,-8
1,-347,917,-8
1,-347,914,-8
1,-345,912,0
1,-339,910,8
1,-331,910,8
1,-322,912,8
1,-316,911,0
1,-310,911,16
1,-310,911,8
1,-308,912,16
1,-310,910,0
1,-312,908,0
1,-314,904,0
1,-314,900,8
1,-314,897,8
1,-315,894,8
1,-317,891,8
1,-319,888,8
1,-320,888,0
1,-319,890,8
1,-318,891,8
1,-315,893,8
1,-312,891,-8
1,-311,891,0
1,-309,894,0
1,-308,896,0
1,-309,896,0
1,-310,895,0
1,-310,896,0
1,-311,898,8
1,-310,900,0
1,-310,901,0
1,-312,901,0
1,-313,899,0
1,-312,899,0
1,-311,899,0
1,-311,900,0
1,-309,903,-8
1,-307,905,0
1,-303,907,-8
1,-297,910,-8
1,-291,911,-8
1,-291,910,8
1,-288,912,-8
1,-290,911,8
1,-289,912,-8
1,-291,912,0
1,-289,913,0
1,-281,915,0
1,-273,916,0
1,-273,915,-8
1,-277,914,-8
1,-281,914,-16
1,-282,914,0
1,-277,914,0
1,-270,914,8
1,-261,915,8
1,-255,915,0
1,-253,916,8
1,-252,915,0
1,-252,913,8
1,-250,914,0
1,-246,916,-8
1,-244,916,16
1,-245,916,16
1,-249,915,8
1,-251,917,0
1,-254,918,8
1,-256,918,8
1,-258,919,8
1,-255,920,0
1,-256,920,0
1,-262,919,0
1,-266,919,0
1,-269,920,-8
1,-268,922,-8
1,-269,923,-8
1,-270,924,-8
1,-272,924,-8
1,-272,925,-8
1,-271,925,-8
1,-270,926,0
1,-268,925,8
1,-262,925,8
1,-258,925,8
1,-254,926,8
1,-249,928,0
1,-245,929,0
1,-246,930,-8
1,-250,928,-8
1,-252,926,0
1,-251,927,0
1,-251,928,0
1,-251,928,0
1,-247,928,-8
1,-243,929,-8
1,-240,930,0
1,-240,929,0
1,-242,928,0
1,-245,925,-8
1,-247,922,-8
1,-245,922,0
1,-238,923,0
1,-230,924,0
1,-222,925,0
1,-217,925,0
1,-215,925,0
1,-213,925,0
1,-213,923,-8
1,-214,923,8
1,-215,922,8
1,-220,922,8
1,-224,922,0
1,-225,923,0
1,-228,923,0
1,-234,923,-8
1,-241,922,-16
1,-242,921,8
1,-239,920,8
1,-238,920,0
1,-234,919,0
1,-233,918,-8
1,-236,917,8
1,-237,916,-32
1,-236,915,-24
1,-234,914,-8
1,-233,912,-8
1,-232,910,-8
1,-233,909,-8
1,-234,908,-8
1,-232,907,8
1,-230,905,8
1,-230,905,8
1,-229,904,16
1,-229,905,16
1,-233,905,8
1,-235,905,-8
1,-230,906,0
1,-225,906,8
1,-220,907,16
1,-219,909,8
1,-219,910,8
1,-222,911,16
1,-225,912,16
1,-225,913,16
1,-225,914,0
1,-224,915,-8
1,-227,915,0
1,-230,915,-8
1,-229,915,-8
1,-228,917,0
1,-225,919,16
1,-225,920,0
1,-223,919,-24
1,-218,915,-24
1,-210,907,-48
1,-204,901,0
1,-203,898,16
1,-206,898,8
1,-211,900,8
1,-217,901,0
1,-224,904,-8
1,-229,907,-24
1,-233,908,-24
1,-237,907,-24
1,-242,906,-24
1,-246,904,-16
1,-248,903,16
1,-248,904,32
1,-252,903,-48
1,-254,903,16
1,-254,904,24
1,-255,905,16
1,-254,906,8
1,-254,909,0
1,-255,910,0
1,-253,913,0
1,-254,914,0
1,-256,915,-8
1,-258,914,-16
1,-260,912,0
1,-263,911,-8
1,-270,908,64
1,-279,905,64
1,-284,904,-56
1,-286,903,8
1,-282,901,-48
1,-276,898,-48
1,-272,896,24
1,-274,898,16
1,-277,899,8
1,-279,901,0
1,-283,901,-8
1,-286,902,-16
1,-290,902,-24
1,-289,901,24
1,-289,900,-24
1,-290,898,-16
1,-290,897,-8
1,-290,896,-16
1,-290,896,8
1,-292,893,-56
1,-292,892,8
1,-291,893,8
1,-290,894,8
1,-290,894,0
1,-291,893,0
1,-292,892,0
1,-293,892,-8
1,-294,891,8
1,-293,892,8
1,-291,890,-64
1,-287,887,-39
1,-284,884,-8
1,-281,883,-8
1,-280,885,0
1,-285,887,32
1,-287,889,-8
1,-288,890,0
1,-289,891,0
1,-288,893,8
1,-289,895,8
1,-289,895,8
1,-290,896,8
1,-291,896,-8
1,-291,896,-8
1,-288,895,-16
1,-288,894,-8
1,-290,892,0
1,-293,891,8
1,-295,890,16
1,-296,890,16
1,-296,893,16
1,-296,896,24
1,-293,900,16
1,-293,902,-16
1,-293,903,-24
1,-293,903,-24
1,-293,902,-16
1,-293,901,-8
1,-293,900,0
1,-294,899,8
1,-295,898,0
1,-297,897,0
1,-300,896,-8
1,-302,895,-8
1,-305,893,-8
1,-306,892,8
1,-306,891,16
1,-306,891,16
1,-305,891,8
1,-308,890,-39
1,-311,887,-48
1,-315,884,-39
1,-316,883,16
1,-315,885,8
1,-313,888,0
1,-311,891,-8
1,-308,893,-8
1,-306,894,-8
1,-305,896,-8
1,-303,898,-8
1,-302,899,0
1,-301,898,0
1,-297,897,16
1,-293,898,-8
1,-291,899,-8
1,-289,901,-16
1,-290,901,39
1,-290,900,-8
1,-293,901,48
1,-294,901,0
1,-294,901,16
1,-292,903,8
1,-291,904,24
1,-290,906,24
1,-291,908,16
1,-291,911,8
1,-293,917,0
1,-295,921,-8
1,-295,924,-8
1,-295,925,-8
1,-295,927,-8
1,-296,928,-8
1,-295,928,-8
1,-293,926,0
1,-293,924,-8
1,-288,920,24
1,-286,917,-8
1,-288,915,-8
1,-287,914,56
1,-285,915,16
1,-286,916,0
1,-287,917,8
1,-289,918,8
1,-292,918,8
1,-299,915,-8
1,-302,910,0
1,-306,906,0
1,-309,903,0
1,-313,900,0
1,-317,899,8
1,-321,899,-16
1,-323,895,-64
1,-323,888,-72
1,-319,883,-32
1,-316,875,-24
1,-313,865,0
1,-309,858,-8
1,-305,854,0
1,-303,848,0
1,-303,846,-8
1,-303,848,-8
1,-302,849,-8
1,-298,850,0
1,-293,851,8
1,-293,851,8
1,-297,850,8
1,-298,849,0
1,-298,843,-32
1,-297,834,-8
1,-295,827,24
1,-294,822,39
1,-294,817,64
1,-294,817,8
1,-295,821,16
1,-299,824,0
1,-303,828,0
1,-302,833,8
1,-297,838,0
1,-296,843,8
1,-291,843,24
1,-291,844,0
1,-294,845,-8
1,-299,845,-8
1,-303,845,-8
1,-306,847,8
1,-311,849,-8
1,-317,848,-39
1,-324,845,-32
1,-330,843,-8
1,-331,841,0
1,-329,842,-8
1,-328,843,-8
1,-326,845,-8
1,-328,846,39
1,-329,845,0
1,-330,844,16
1,-327,846,-24
1,-322,848,-39
1,-317,850,-8
1,-311,852,0
1,-306,853,8
1,-301,854,8
1,-298,855,8
1,-293,857,32
1,-291,860,0
1,-289,863,32
1,-287,867,16
1,-288,869,0
1,-289,870,8
1,-294,869,-32
1,-297,869,16
1,-298,870,8
1,-299,873,8
1,-300,875,8
1,-299,878,0
1,-300,880,0
1,-301,884,0
1,-299,887,0
1,-299,889,-8
1,-301,889,0
1,-303,888,8
1,-307,888,16
1,-308,888,-8
1,-305,890,-16
1,-302,890,-16
1,-298,890,-8
1,-294,891,-24
1,-292,892,0
1,-291,893,0
1,-291,892,0
1,-289,893,24
1,-287,894,8
1,-285,894,8
1,-283,894,16
1,-283,896,0
1,-283,897,0
1,-283,898,0
1,-284,899,16
1,-285,901,8
1,-287,902,0
1,-288,903,8
1,-289,903,-8
1,-290,904,-8
1,-291,905,0
1,-292,906,-8
1,-291,906,-24
1,-288,908,-16
1,-286,908,0
1,-285,908,8
1,-284,908,8
1,-282,908,0
1,-279,910,8
1,-277,911,-8
1,-276,911,-8
1,-275,911,-8
1,-275,912,-16
1,-275,910,0
1,-275,909,0
1,-280,906,16
1,-283,905,8
1,-286,905,0
1,-288,905,0
1,-286,907,24
1,-279,909,39
1,-274,911,-24
1,-275,907,-16
1,-276,903,-8
1,-279,899,-8
1,-281,896,0
1,-282,894,8
1,-280,895,8
1,-278,896,24
1,-277,898,16
1,-276,900,16
1,-277,902,0
1,-275,904,0
1,-269,906,16
1,-265,907,-16
1,-266,905,-24
1,-268,903,-8
1,-269,902,-8
1,-268,900,-16
1,-267,897,-8
1,-261,893,-8
1,-256,889,-8
1,-250,887,0
1,-248,886,-16
1,-247,886,-8
1,-242,885,16
1,-235,884,0
1,-223,882,-8
1,-210,879,-24
1,-179,874,8
1,-164,870,0
1,-164,869,8
1,-170,870,8
1,-175,870,16
1,-180,870,24
1,-185,871,39
1,-190,873,24
1,-196,876,16
1,-201,877,8
1,-204,881,-8
1,-208,884,0
1,-210,886,-8
1,-214,889,8
1,-214,891,-16
1,-212,892,-16
1,-213,893,8
1,-217,895,0
1,-218,896,24
1,-215,899,8
1,-213,902,0
1,-206,905,0
1,-201,907,0
1,-198,907,-8
1,-197,908,-8
1,-197,910,0
1,-196,908,-8
1,-199,906,-8
1,-203,905,-8
1,-208,906,-24
1,-213,909,-32
1,-215,912,0
1,-215,914,0
1,-212,915,0
1,-209,915,8
1,-208,915,8
1,-209,914,-16
1,-213,911,-24
1,-218,907,-8
1,-221,904,8
1,-224,902,16
1,-229,902,24
1,-234,902,-24
1,-240,902,8
1,-244,902,-8
1,-248,902,-16
1,-251,903,-24
1,-254,901,0
1,-257,899,8
1,-260,897,16
1,-264,896,24
1,-267,896,24
1,-271,899,16
1,-273,901,8
1,-275,903,-16
1,-277,903,-24
1,-275,904,-16
1,-275,905,-16
1,-275,906,-8
1,-276,906,-8
1,-278,903,16
1,-281,899,16
1,-285,897,24
1,-288,899,8
1,-288,902,-24
1,-285,904,-8
1,-282,906,-24
1,-279,907,-24
1,-277,905,-16
1,-279,901,-8
1,-280,898,0
1,-282,895,8
1,-283,893,16
1,-284,891,32
1,-283,892,0
1,-281,895,0
1,-278,896,8
1,-276,898,-8
1,-277,900,-8
1,-278,901,-24
1,-280,901,-16
1,-281,900,-8
1,-281,900,8
1,-280,900,16
1,-280,900,24
1,-281,900,16
1,-281,901,8
1,-279,899,-8
1,-276,898,-8
1,-276,898,-16
1,-278,898,-16
1,-281,897,-16
1,-282,892,-8
1,-281,888,8
1,-282,885,16
1,-282,886,24
1,-283,888,24
1,-284,892,16
1,-287,895,8
1,-289,899,-8
1,-290,902,-24
1,-290,903,-32
1,-291,902,-8
1,-290,901,0
1,-289,900,8
1,-289,899,8
1,-288,899,24
1,-288,899,24
1,-285,900,8
1,-280,902,0
1,-274,905,32
1,-272,907,-16
1,-273,908,-24
1,-277,908,-16
1,-280,907,-8
1,-281,906,0
1,-281,905,8
1,-281,904,16
1,-281,905,24
1,-281,902,-64
1,-282,902,0
1,-282,903,-16
1,-283,904,-32
1,-285,904,-16
1,-286,903,0
1,-286,901,16
1,-286,900,24
1,-287,900,16
1,-288,901,-16
1,-289,903,0
1,-289,903,-8
1,-290,904,-8
1,-290,906,-16
1,-290,907,0
1,-289,907,0
1,-287,907,0
1,-286,907,16
1,-284,909,24
1,-283,911,16
1,-283,913,8
1,-284,915,-8
1,-286,917,-8
1,-287,919,-8
1,-288,919,-39
1,-286,919,-16
1,-288,918,-8
1,-290,917,0
1,-290,915,0
1,-291,911,16
1,-291,910,24
1,-289,910,8
1,-284,913,-8
1,-282,916,-8
1,-282,920,-8
1,-279,923,-8
1,-278,923,-24
1,-278,922,-16
1,-278,920,-8
1,-278,917,0
1,-279,915,-8
1,-279,914,8
1,-279,913,0
1,-280,912,32
1,-282,912,24
1,-283,913,0
1,-285,916,-8
1,-290,920,0
1,-292,924,-8
1,-293,925,-16
1,-295,925,-16
1,-294,924,-24
1,-292,923,-8
1,-289,922,0
1,-286,921,8
1,-286,921,-24
1,-295,919,-56
1,-304,917,8
1,-308,917,0
1,-310,916,-8
1,-311,917,-8
1,-314,916,-8
1,-316,915,-16
1,-316,914,-16
1,-315,914,0
1,-313,915,8
1,-314,915,-24
1,-314,914,16
1,-313,914,16
1,-312,915,16
1,-312,917,8
1,-312,919,0
1,-311,921,-16
1,-310,921,-24
1,-310,920,-8
1,-307,920,24
1,-305,921,8
1,-305,920,8
1,-305,920,16
1,-301,920,-8
1,-298,922,8
1,-294,924,-8
1,-293,925,0
1,-290,927,24
1,-287,927,-8
1,-286,927,-8
1,-284,928,-8
1,-279,929,-8
1,-273,930,-16
1,-270,931,16
1,-271,932,24
1,-273,932,16
1,-274,933,0
1,-273,930,64
1,-274,929,-32
1,-272,929,24
1,-273,928,-16
1,-276,927,-8
1,-278,928,8
1,-281,927,16
1,-282,927,-24
1,-282,923,-8
1,-283,918,-16
1,-284,915,-16
1,-286,914,-24
1,-285,915,0
1,-283,914,-8
1,-282,912,0
1,-280,912,0
1,-276,914,8
1,-274,914,16
1,-276,916,8
1,-276,918,8
1,-277,920,-8
1,-278,921,-24
1,-276,923,-8
1,-273,924,-16
1,-272,923,-16
1,-273,917,-16
1,-274,911,0
1,-276,908,0
1,-277,906,8
1,-275,907,8
1,-271,909,0
1,-264,912,-16
1,-260,913,-8
1,-260,912,-16
1,-260,912,-8
1,-260,910,-16
1,-262,906,-8
1,-264,902,0
1,-266,897,0
1,-269,893,8
1,-270,890,16
1,-268,891,16
1,-268,892,24
1,-269,893,16
1,-272,894,16
1,-280,896,-8
1,-286,896,0
1,-287,898,0
1,-289,900,0
1,-290,901,-16
1,-290,901,-16
1,-292,900,-16
1,-293,899,0
1,-295,898,8
1,-297,896,8
1,-300,896,8
1,-303,897,8
1,-307,898,0
1,-312,899,0
1,-320,899,39
1,-323,899,-8
1,-323,900,-24
1,-322,900,-24
1,-320,900,-8
1,-316,901,0
1,-311,901,8
1,-306,902,24
1,-305,902,24
1,-308,899,-119
1,-311,899,8
1,-311,901,-8
1,-312,902,-8
1,-309,905,24
1,-307,906,-16
1,-305,904,0
1,-304,903,0
1,-302,905,0
1,-300,907,16
1,-300,908,24
1,-301,909,16
1,-303,909,8
1,-304,909,-8
1,-303,911,-8
1,-302,912,-8
1,-301,912,-32
1,-300,909,-32
1,-298,906,-16
1,-296,902,0
1,-294,899,0
1,-293,897,0
1,-292,897,16
1,-292,899,32
1,-291,902,32
1,-292,904,8
1,-292,907,-8
1,-292,909,8
1,-289,912,-8
1,-289,915,0
1,-289,916,-8
1,-289,917,-16
1,-286,918,16
1,-285,917,-8
1,-283,915,0
1,-282,913,0
1,-282,910,8
1,-279,910,-16
1,-277,911,16
1,-275,912,8
1,-274,914,8
1,-273,916,0
1,-272,918,8
1,-271,919,8
1,-271,920,0
1,-273,921,-16
1,-271,921,-16
1,-272,919,-24
1,-274,916,-8
1,-273,914,0
1,-275,910,8
1,-275,908,16
1,-273,909,24
1,-275,909,16
1,-277,909,8
1,-278,910,0
1,-282,911,0
1,-284,913,-8
1,-284,915,-8
1,-280,917,-8
1,-277,917,-24
1,-276,914,-24
1,-276,909,0
1,-275,905,0
1,-275,902,8
1,-275,900,16
1,-276,898,24
1,-275,898,8
1,-277,899,-16
1,-279,901,16
1,-279,902,8
1,-277,904,0
1,-275,906,0
1,-274,908,-8
1,-274,910,-8
1,-273,909,-24
1,-274,908,-16
1,-277,907,-8
1,-278,906,-8
1,-280,904,0
1,-283,901,16
1,-284,900,16
1,-285,900,24
1,-285,900,8
1,-286,901,8
1,-286,903,8
1,-289,903,0
1,-292,903,0
1,-294,902,0
1,-300,903,16
1,-303,903,-8
1,-301,904,-8
1,-300,905,-8
1,-299,905,0
1,-298,906,8
1,-301,907,-32
1,-303,908,16
1,-304,909,8
1,-304,910,8
1,-304,912,0
1,-304,914,0
1,-305,914,-8
1,-305,914,-16
1,-304,916,8
1,-304,917,0
1,-307,916,8
1,-309,918,8
1,-308,920,8
1,-310,921,16
1,-313,922,8
1,-316,924,0
1,-323,925,-32
1,-327,926,8
1,-326,928,8
1,-325,931,0
1,-322,934,0
1,-320,937,-8
1,-315,938,-16
1,-310,940,-16
1,-306,940,-24
1,-300,940,-39
1,-293,938,-56
1,-285,934,-64
1,-279,928,-64
1,-273,921,-56
1,-269,911,-39
1,-265,902,-24
1,-264,891,-24
1,-261,881,-8
1,-260,871,-16
1,-256,863,16
1,-256,854,32
1,-255,847,39
1,-254,842,39
1,-250,839,16
1,-247,836,24
1,-239,835,0
1,-232,836,8
1,-226,837,8
1,-224,837,16
1,-222,837,16
1,-218,837,0
1,-213,837,16
1,-213,838,32
1,-213,840,24
1,-213,843,16
1,-213,846,16
1,-213,850,16
1,-215,852,24
1,-217,854,8
1,-222,856,16
1,-225,858,-8
1,-229,860,-8
1,-234,860,-24
1,-239,860,-39
1,-244,856,-48
1,-248,851,-72
1,-251,844,-64
1,-252,836,-56
1,-254,827,-32
1,-255,818,-16
1,-256,810,-8
1,-257,801,0
1,-259,792,8
1,-260,784,16
1,-261,777,24
1,-263,771,16
1,-265,766,16
1,-266,762,8
1,-263,759,8
1,-263,755,-8
1,-263,751,-16
1,-263,746,-24
1,-263,741,-24
1,-264,735,-16
1,-265,728,-8
1,-266,721,8
1,-266,715,16
1,-267,710,39
1,-268,707,56
1,-271,706,72
1,-274,706,72
1,-281,708,56
1,-287,711,48
1,-290,716,32
1,-291,723,16
1,-292,730,0
1,-290,739,0
1,-290,748,0
1,-289,755,0
1,-287,763,8
1,-285,771,16
1,-283,779,8
1,-281,786,-8
1,-281,792,-8
1,-282,799,0
1,-283,803,8
1,-286,808,0
1,-290,814,24
1,-295,818,16
1,-302,822,8
1,-308,826,0
1,-312,831,0
1,-316,835,-16
1,-318,839,-16
1,-320,843,-24
1,-321,845,-24
1,-324,845,-8
1,-326,846,0
1,-329,847,0
1,-332,847,16
1,-332,849,8
1,-333,852,16
1,-335,855,16
1,-337,858,8
1,-338,861,0
1,-340,864,0
1,-342,867,-8
1,-343,869,-8
1,-342,872,-8
1,-343,874,-16
1,-345,875,-16
1,-345,874,0
1,-346,873,0
1,-346,874,0
1,-342,873,8
1,-336,877,16
1,-331,879,16
1,-330,881,16
1,-329,883,-8
1,-330,884,0
1,-329,886,-16
1,-326,887,-8
1,-323,888,-8
1,-320,888,-8
1,-319,887,0
1,-318,887,16
1,-322,886,-72
1,-323,887,24
1,-320,889,8
1,-320,891,0
1,-321,893,-8
1,-320,896,8
1,-319,898,-8
1,-319,899,-8
1,-321,897,-8
1,-325,894,-8
1,-328,892,8
1,-331,891,16
1,-333,891,24
1,-333,893,24
1,-334,895,8
1,-332,894,-24
1,-327,889,88
1,-325,885,-8
1,-323,885,96
1,-322,884,8
1,-324,884,8
1,-327,883,0
1,-329,883,0
1,-332,882,0
1,-332,881,-16
1,-329,879,-8
1,-327,877,16
1,-325,876,24
1,-327,875,0
1,-332,872,-8
1,-335,870,-8
1,-336,868,-24
1,-336,869,-16
1,-336,871,-16
1,-339,873,16
1,-341,876,-8
1,-343,878,0
1,-346,879,8
1,-348,881,8
1,-353,882,39
1,-354,882,8
1,-355,882,0
1,-353,878,0
1,-351,874,-8
1,-351,874,0
1,-351,874,0
1,-351,875,8
1,-350,875,0
1,-350,876,-8
1,-352,878,-8
1,-355,879,-8
1,-359,881,-16
1,-361,882,-24
1,-363,883,-24
1,-363,884,0
1,-363,885,-16
1,-361,886,0
1,-357,886,159
1,-354,888,-8
1,-349,891,32
1,-347,894,-8
1,-346,896,-8
1,-347,896,0
1,-347,896,8
1,-344,898,-32
1,-343,899,8
1,-340,900,-16
1,-337,902,0
1,-334,904,24
1,-328,908,24
1,-323,912,8
1,-322,913,0
1,-323,914,0
1,-325,914,8
1,-330,914,8
1,-331,913,-56
1,-333,914,16
1,-333,910,-119
1,-333,900,-56
1,-331,891,72
1,-330,885,-16
1,-330,883,-8
1,-328,885,32
1,-327,887,8
1,-324,890,24
1,-325,891,16
1,-327,893,8
1,-329,895,8
1,-332,898,0
1,-335,901,0
1,-338,903,-8
1,-339,905,-8
1,-340,906,-8
1,-342,907,-8
1,-341,907,8
1,-340,908,16
1,-341,910,8
1,-340,911,16
1,-340,914,16
1,-341,916,8
1,-343,916,0
1,-348,917,-8
1,-350,916,8
1,-349,914,8
1,-349,912,-8
1,-350,911,-16
1,-352,910,-8
1,-353,909,-8
1,-354,907,-8
1,-352,907,-39
1,-352,907,0
1,-352,906,0
1,-351,906,-8
1,-348,903,-48
1,-347,902,8
1,-351,902,8
1,-351,902,-8
1,-355,903,8
1,-356,902,0
1,-354,905,0
1,-353,906,0
1,-358,905,0
1,-363,902,0
1,-367,898,0
1,-369,895,0
1,-374,891,-16
1,-380,891,0
1,-383,890,0
1,-382,892,-8
1,-384,892,8
1,-384,892,8
1,-386,889,16
1,-388,888,0
1,-389,887,0
1,-390,887,-8
1,-392,888,-8
1,-392,888,-8
1,-389,887,8
1,-384,885,8
1,-382,883,-24
1,-381,881,-16
1,-380,880,-8
1,-378,879,-8
1,-376,877,8
1,-374,876,8
1,-373,877,16
1,-375,877,32
1,-378,878,24
1,-381,878,8
1,-381,880,-8
1,-382,880,8
1,-386,881,8
1,-390,880,8
1,-393,876,0
1,-393,872,0
1,-391,867,0
1,-390,864,0
1,-389,862,-32
1,-391,857,8
1,-393,855,0
1,-393,852,8
1,-392,848,8
1,-390,845,8
1,-388,842,8
1,-387,840,8
1,-384,838,8
1,-382,836,-8
1,-380,834,-16
1,-376,835,24
1,-373,836,0
1,-371,839,8
1,-369,843,0
1,-367,848,24
1,-365,853,24
1,-363,858,16
1,-361,862,8
1,-360,865,-8
1,-358,869,-16
1,-359,870,0
1,-359,868,0
1,-360,869,0
1,-362,867,-16
1,-363,867,-8
1,-364,865,0
1,-365,865,-24
1,-366,866,-24
1,-368,865,-24
1,-370,865,8
1,-373,862,-16
1,-378,855,-8
1,-383,851,0
1,-388,844,8
1,-393,837,8
1,-398,830,8
1,-403,824,8
1,-408,819,0
1,-412,815,0
1,-415,811,0
1,-419,808,8
1,-425,804,16
1,-433,801,16
1,-444,795,8
1,-455,790,8
1,-461,789,0
1,-460,789,16
1,-456,792,16
1,-449,797,16
1,-443,802,24
1,-436,809,24
1,-432,814,0
1,-430,818,-8
1,-426,822,16
1,-424,824,0
1,-420,826,0
1,-415,830,0
1,-410,833,-8
1,-408,835,0
1,-408,838,0
1,-408,841,0
1,-410,842,-8
1,-408,843,0
1,-407,844,0
1,-402,844,-8
1,-398,844,0
1,-395,844,0
1,-394,845,0
1,-395,846,8
1,-397,847,8
1,-398,849,-8
1,-399,851,0
1,-397,853,-8
1,-392,854,-24
1,-391,855,16
1,-396,854,16
1,-400,854,-8
1,-401,856,-8
1,-397,857,8
1,-393,859,0
1,-390,861,0
1,-391,862,8
1,-390,863,0
1,-386,865,0
1,-381,867,8
1,-374,868,8
1,-368,870,8
1,-364,873,8
1,-364,876,0
1,-365,879,-8
1,-365,883,-8
1,-367,885,-8
1,-366,887,-8
1,-362,890,-8
1,-359,893,8
1,-357,897,8
1,-352,900,-8
1,-348,903,-8
1,-346,905,-8
1,-345,908,-8
1,-341,910,-8
1,-333,912,0
1,-327,913,0
1,-321,914,0
1,-315,915,0
1,-310,916,-8
1,-304,916,-8
1,-298,916,-8
1,-293,917,-16
1,-291,915,-56
1,-292,909,-56
1,-295,902,-39
1,-298,892,-24
1,-302,882,-8
1,-304,872,0
1,-307,863,8
1,-310,854,8
1,-313,846,8
1,-315,838,0
1,-318,831,-8
1,-320,824,-8
1,-321,818,0
1,-321,813,8
1,-323,807,24
1,-327,801,39
1,-332,797,48
1,-336,795,48
1,-341,795,39
1,-344,797,32
1,-348,802,32
1,-348,806,-16
1,-344,807,-8
1,-342,808,16
1,-347,811,8
1,-350,813,0
1,-355,816,-8
1,-358,819,-8
1,-357,820,8
1,-359,823,-16
1,-359,826,0
1,-362,832,0
1,-362,837,0
1,-358,840,0
1,-354,842,8
1,-349,843,8
1,-348,845,8
1,-350,848,0
1,-354,852,-8
1,-356,854,0
1,-352,855,8
1,-347,856,8
1,-339,857,24
1,-331,860,39
1,-327,862,-16
1,-326,864,-16
1,-328,865,-24
1,-329,866,0
1,-331,866,0
1,-331,867,0
1,-332,868,0
1,-334,869,8
1,-334,870,0
1,-335,872,0
1,-335,874,8
1,-335,876,0
1,-336,877,-8
1,-336,877,0
1,-339,875,0
1,-342,874,0
1,-345,873,8
1,-344,873,-8
1,-344,874,16
1,-343,876,0
1,-341,878,0
1,-342,881,24
1,-339,885,-24
1,-339,888,8
1,-339,892,0
1,-336,895,8
1,-335,899,0
1,-332,902,8
1,-329,905,8
1,-324,909,16
1,-317,914,16
1,-315,916,-24
1,-313,919,0
1,-311,922,0
1,-310,923,-24
1,-310,922,-32
1,-309,920,-32
1,-305,917,-8
1,-303,913,-16
1,-298,909,0
1,-291,906,8
1,-281,902,0
1,-273,900,0
1,-263,896,-16
1,-250,889,-16
1,-225,872,0
1,-211,860,16
1,-209,858,32
1,-212,857,39
1,-219,858,32
1,-228,859,56
1,-235,863,24
1,-239,867,-8
1,-244,871,8
1,-249,874,0
1,-253,877,0
1,-255,880,0
1,-257,883,8
1,-255,886,8
1,-257,889,0
1,-258,891,8
1,-261,894,-8
1,-266,899,32
1,-267,903,-24
1,-271,903,-16
1,-274,901,-8
1,-278,898,0
1,-281,897,0
1,-284,897,0
1,-287,897,16
1,-290,898,8
1,-294,897,-16
1,-299,897,-8
1,-299,894,24
1,-297,892,24
1,-294,888,8
1,-292,885,-16
1,-290,881,-32
1,-286,877,-32
1,-286,875,-8
1,-289,876,-8
1,-293,876,-8
1,-295,876,-8
1,-298,876,-8
1,-301,875,-8
1,-305,875,32
1,-307,875,-24
1,-308,877,-8
1,-305,877,-96
1,-303,877,-16
1,-304,877,24
1,-309,878,32
1,-316,879,24
1,-322,879,16
1,-325,876,0
1,-328,870,-8
1,-333,863,16
1,-336,858,16
1,-336,855,0
1,-333,854,8
1,-333,856,0
1,-330,855,0
1,-326,854,-8
1,-322,853,-8
1,-318,853,0
1,-316,853,0
1,-313,853,0
1,-310,852,0
1,-307,852,-8
1,-303,852,-8
1,-300,850,0
1,-297,849,8
1,-293,848,16
1,-290,848,24
1,-287,850,39
1,-283,853,48
1,-279,858,48
1,-278,862,24
1,-278,866,-8
1,-281,869,-8
1,-283,872,32
1,-287,873,-8
1,-293,871,-48
1,-297,869,8
1,-298,870,16
1,-299,872,8
1,-298,875,8
1,-294,878,8
1,-290,880,-8
1,-288,883,-16
1,-288,885,-24
1,-288,886,8
1,-289,886,-24
1,-290,887,-16
1,-290,888,8
1,-290,890,-8
1,-287,892,-79
1,-284,893,-24
1,-279,889,-48
1,-276,887,0
1,-280,887,-8
1,-284,889,-8
1,-289,888,-8
1,-294,890,0
1,-298,891,-8
1,-299,890,16
1,-301,888,0
1,-306,888,-8
1,-311,890,-8
1,-313,890,16
1,-308,890,24
1,-301,890,39
1,-296,890,-24
1,-292,892,16
1,-288,895,16
1,-286,895,-56
1,-285,897,0
1,-285,898,-24
1,-284,897,-24
1,-284,896,-16
1,-282,891,16
1,-282,884,8
1,-281,877,0
1,-281,871,-8
1,-279,865,8
1,-278,858,8
1,-274,851,0
1,-273,846,-8
1,-272,841,-16
1,-272,840,24
1,-274,844,-32
1,-277,847,48
1,-280,851,24
1,-285,855,16
1,-288,856,32
1,-291,858,0
1,-294,859,24
1,-296,862,8
1,-299,864,8
1,-303,868,8
1,-307,868,16
1,-309,870,-8
1,-307,869,-16
1,-307,871,8
1,-306,873,-8
1,-307,877,0
1,-305,879,-8
1,-304,882,0
1,-303,882,0
1,-302,883,0
1,-303,885,0
1,-305,886,0
1,-308,887,-8
1,-311,889,0
1,-311,890,8
1,-311,893,8
1,-313,895,-16
1,-316,896,-8
1,-319,898,-24
1,-322,898,-8
1,-326,899,-8
1,-328,900,8
1,-329,900,16
1,-329,902,16
1,-328,904,8
1,-327,905,0
1,-330,907,-8
1,-333,910,-8
1,-332,911,-16
1,-329,911,-16
1,-327,911,-8
1,-326,911,0
1,-328,911,8
1,-330,911,16
1,-329,911,-56
1,-327,913,-8
1,-324,914,-8
1,-322,914,0
1,-322,915,0
1,-322,914,8
1,-321,913,-8
1,-320,912,-8
1,-319,910,-8
1,-318,907,-16
1,-317,903,-8
1,-316,900,-8
1,-316,899,0
1,-317,901,-8
1,-316,902,24
1,-313,902,16
1,-312,903,8
1,-314,903,-16
1,-313,904,72
1,-309,909,64
1,-307,912,8
1,-307,913,24
1,-309,910,-24
1,-311,910,32
1,-312,912,16
1,-310,916,8
1,-308,920,8
1,-306,922,0
1,-305,923,0
1,-306,925,0
1,-304,924,0
1,-302,923,-8
1,-301,924,-8
1,-301,926,-16
1,-300,928,-16
1,-298,928,-16
1,-299,929,8
1,-299,929,-24
1,-297,928,-16
1,-298,927,8
1,-300,927,0
1,-297,929,-48
1,-297,929,24
1,-292,929,-48
1,-290,929,16
1,-287,927,-8
1,-287,926,0
1,-285,924,-8
1,-284,923,-8
1,-284,922,-8
1,-288,923,-8
1,-297,923,-8
1,-306,922,-8
1,-306,919,0
1,-309,916,-8
1,-306,912,8
1,-300,908,24
1,-297,906,-8
1,-300,904,-16
1,-302,904,16
1,-306,904,-8
1,-307,906,64
1,-309,907,8
1,-309,908,16
1,-309,909,32
1,-307,910,32
1,-302,911,64
1,-298,916,16
1,-295,920,8
1,-294,923,0
1,-293,923,8
1,-293,923,8
1,-293,924,-24
1,-292,926,-24
1,-290,928,-32
1,-288,930,-39
1,-284,930,-32
1,-283,927,24
1,-285,926,8
1,-289,923,-16
1,-294,916,-56
1,-296,906,-32
1,-298,894,-8
1,-300,881,0
1,-299,873,-8
1,-297,873,-8
1,-294,876,0
1,-292,878,8
1,-290,879,8
1,-291,877,16
1,-294,870,24
1,-299,862,39
1,-305,855,48
1,-311,849,48
1,-316,849,16
1,-320,851,16
1,-323,856,16
1,-327,861,8
1,-331,866,8
1,-333,870,24
1,-335,875,0
1,-334,880,0
1,-334,884,16
1,-333,888,-8
1,-334,890,-8
1,-337,890,24
1,-342,888,-8
1,-344,888,0
1,-347,887,0
1,-351,885,-16
1,-354,882,-16
1,-355,879,-8
1,-353,878,0
1,-349,878,24
1,-343,882,8
1,-336,883,0
1,-333,885,8
1,-332,885,32
1,-335,885,32
1,-335,887,32
1,-338,889,39
1,-337,892,8
1,-341,898,8
1,-345,905,0
1,-349,914,-8
1,-350,923,-16
1,-348,928,-8
1,-342,931,-16
1,-338,933,-8
1,-333,935,-32
1,-330,939,-24
1,-328,942,0
1,-327,944,48
1,-327,947,32
1,-327,952,64
1,-327,959,48
1,-326,968,39
1,-328,976,64
1,-333,985,64
1,-339,995,56
1,-340,1007,24
1,-344,1020,32
1,-348,1054,0
1,-345,1082,8
1,-343,1107,8
1,-340,1132,8
1,-333,1154,8
1,-326,1176,8
1,-325,1196,8
1,-324,1213,8
1,-325,1220,-39
1,-327,1225,-64
1,-328,1229,-39
1,-328,1233,-48
1,-325,1234,-48
1,-321,1232,-48
1,-317,1229,-32
1,-313,1228,-8
1,-311,1224,-32
1,-309,1219,-24
1,-308,1213,-16
1,-311,1206,-16
1,-312,1200,-16
1,-310,1192,-16
1,-309,1185,-24
1,-309,1177,-24
1,-311,1168,-39
1,-312,1160,-16
1,-315,1151,-8
1,-319,1143,8
1,-321,1137,16
1,-324,1132,24
1,-332,1124,39
1,-340,1119,64
1,-346,1116,64
1,-351,1114,72
1,-355,1115,72
1,-361,1117,39
1,-365,1122,16
1,-368,1127,16
1,-371,1132,0
1,-374,1135,-8
1,-377,1139,-8
1,-378,1143,0
1,-379,1150,-8
1,-380,1155,8
1,-382,1159,0
1,-385,1163,0
1,-387,1165,-16
1,-388,1168,0
1,-390,1172,0
1,-392,1175,8
1,-393,1178,16
1,-393,1184,24
1,-394,1189,-24
1,-397,1193,24
1,-405,1194,0
1,-411,1195,-32
1,-414,1196,-39
1,-415,1194,-48
1,-418,1190,-39
1,-421,1184,-48
1,-421,1176,-39
1,-422,1169,-32
1,-422,1162,-24
1,-421,1156,-24
1,-417,1150,-24
1,-411,1143,-16
1,-408,1136,-16
1,-403,1130,-8
1,-400,1123,-8
1,-396,1116,0
1,-393,1109,-48
1,-392,1102,0
1,-391,1095,-8
1,-388,1090,0
1,-384,1084,0
1,-381,1078,0
1,-377,1073,0
1,-372,1069,0
1,-366,1064,-8
1,-361,1059,0
1,-359,1054,-8
1,-354,1050,0
1,-348,1045,-8
1,-346,1040,0
1,-342,1037,-8
1,-340,1033,8
1,-337,1029,-8
1,-333,1026,0
1,-329,1025,-8
1,-328,1022,-8
1,-324,1019,-8
1,-321,1016,-8
1,-319,1011,0
1,-318,1006,8
1,-317,1001,16
1,-318,996,24
1,-319,992,24
1,-318,988,-16
1,-319,985,16
1,-317,982,0
1,-316,980,24
1,-314,977,0
1,-309,974,0
1,-308,972,8
1,-304,970,8
1,-297,968,0
1,-291,966,0
1,-286,966,0
1,-282,965,0
1,-278,963,-8
1,-275,961,0
1,-274,960,0
1,-277,959,0
1,-277,958,0
1,-276,956,8
1,-275,955,-8
1,-273,954,8
1,-271,953,8
1,-268,953,16
1,-267,953,0
1,-267,952,-8
1,-271,951,-8
1,-274,951,0
1,-276,951,-8
1,-279,951,0
1,-281,950,0
1,-285,949,0
1,-286,948,-8
1,-288,948,-8
1,-293,946,-8
1,-296,946,8
1,-297,945,-8
1,-298,943,0
1,-294,942,8
1,-286,941,0
1,-280,942,0
1,-273,941,8
1,-265,941,0
1,-259,941,8
1,-255,940,0
1,-249,940,0
1,-242,940,8
1,-240,940,-16
1,-244,937,-32
1,-246,936,8
1,-242,936,8
1,-236,935,16
1,-228,936,8
1,-223,937,8
1,-220,937,0
1,-216,938,0
1,-211,940,0
1,-206,941,0
1,-202,941,0
1,-198,941,0
1,-192,942,-8
1,-186,942,0
1,-181,943,0
1,-174,942,-8
1,-169,941,-8
1,-165,940,0
1,-163,939,0
1,-166,939,24
1,-167,939,8
1,-173,938,48
1,-176,938,8
1,-174,939,0
1,-173,940,0
1,-172,942,0
1,-173,943,0
1,-176,942,0
1,-180,941,0
1,-183,941,0
1,-187,940,-8
1,-195,936,-8
1,-199,933,0
1,-205,931,16
1,-207,930,8
1,-213,930,16
1,-220,929,16
1,-229,929,16
1,-238,928,16
1,-243,928,24
1,-245,928,0
1,-244,927,-8
1,-244,926,-8
1,-244,925,0
1,-244,925,-8
1,-244,926,-8
1,-241,926,0
1,-237,925,8
1,-235,925,16
1,-235,927,8
1,-232,926,8
1,-227,925,0
1,-220,923,0
1,-215,920,-8
1,-212,919,0
1,-208,917,0
1,-205,917,8
1,-204,918,16
1,-204,920,16
1,-206,922,8
1,-211,922,16
1,-213,923,-8
1,-221,921,16
1,-228,922,8
1,-238,920,-8
1,-245,920,0
1,-250,920,0
1,-259,921,0
1,-264,923,0
1,-264,927,0
1,-257,931,-32
1,-251,934,0
1,-251,936,-8
1,-254,937,0
1,-260,937,-8
1,-266,936,0
1,-273,935,0
1,-280,934,8
1,-286,935,8
1,-289,936,0
1,-291,937,0
1,-289,937,8
1,-288,938,0
1,-290,938,-8
1,-300,936,8
1,-313,934,8
1,-327,931,16
1,-337,930,0
1,-334,932,8
1,-330,933,0
1,-328,934,0
1,-326,934,-8
1,-325,932,0
1,-326,930,0
1,-327,927,8
1,-328,925,0
1,-327,923,0
1,-328,920,0
1,-330,918,0
1,-331,915,-8
1,-331,913,-8
1,-327,914,-16
1,-324,915,-24
1,-321,915,-24
1,-321,914,-16
1,-322,908,-8
1,-323,900,8
1,-324,890,32
1,-324,883,39
1,-324,879,39
1,-324,877,39
1,-324,875,39
1,-327,875,0
1,-331,876,0
1,-334,877,0
1,-334,874,-39
1,-333,867,-32
1,-332,860,-16
1,-331,851,0
1,-330,844,16
1,-328,837,32
1,-327,833,39
1,-326,831,39
1,-326,833,16
1,-325,836,16
1,-327,837,8
1,-325,840,16
1,-321,844,24
1,-320,848,-8
1,-320,852,0
1,-320,856,0
1,-321,860,24
1,-320,865,24
1,-318,870,16
1,-318,871,-16
1,-317,874,0
1,-317,876,-8
1,-318,879,0
1,-320,886,-8
1,-320,890,0
1,-320,893,0
1,-320,893,0
1,-320,895,-8
1,-320,895,0
1,-318,892,-24
1,-317,892,-16
1,-316,892,-8
1,-317,893,16
1,-318,894,0
1,-319,897,-8
1,-320,900,-8
1,-320,901,-8
1,-319,902,-8
1,-316,903,-8
1,-311,902,0
1,-306,899,-8
1,-302,896,-16
1,-301,895,0
1,-300,894,0
1,-300,893,0
1,-297,892,8
1,-296,892,-8
1,-292,892,32
1,-291,891,-16
1,-292,891,-16
1,-290,893,48
1,-288,895,24
1,-290,897,-16
1,-292,899,8
1,-293,901,8
1,-292,903,8
1,-290,902,48
1,-289,902,8
1,-289,902,8
1,-289,904,8
1,-290,905,0
1,-291,904,0
1,-290,902,24
1,-291,899,8
1,-291,895,-32
1,-291,893,-16
1,-293,888,16
1,-295,887,0
1,-297,888,0
1,-299,890,0
1,-301,892,8
1,-299,894,-39
1,-295,896,-39
1,-293,897,16
1,-292,898,0
1,-293,900,0
1,-295,901,0
1,-295,900,16
1,-298,901,-8
1,-297,900,8
1,-295,899,16
1,-292,898,16
1,-287,899,24
1,-287,899,-16
1,-284,901,32
1,-284,903,-8
1,-290,905,-16
1,-297,907,-8
1,-301,909,-16
1,-303,909,-16
1,-305,908,-8
1,-309,906,0
1,-313,904,8
1,-315,903,8
1,-315,903,0
1,-315,904,0
1,-316,904,0
1,-322,902,-24
1,-329,901,0
1,-335,902,-8
1,-335,904,0
1,-333,904,-16
1,-331,902,-16
1,-330,899,-8
1,-329,898,0
1,-328,898,8
1,-327,899,8
1,-327,899,24
1,-330,900,16
1,-331,898,-48
1,-331,894,8
1,-333,893,0
1,-333,895,-8
1,-332,896,-16
1,-333,896,-16
1,-334,895,0
1,-336,894,8
1,-338,893,16
1,-341,893,16
1,-344,894,8
1,-345,894,-8
1,-347,894,-16
1,-350,895,-8
1,-351,895,-16
1,-353,896,-24
1,-354,894,-48
1,-353,890,-64
1,-350,885,-56
1,-347,877,-79
1,-345,868,-56
1,-339,859,-39
1,-335,849,-24
1,-332,837,8
1,-331,802,16
1,-328,773,16
1,-328,748,16
1,-327,728,8
1,-326,723,0
1,-326,717,-16
1,-327,710,-16
1,-327,701,-16
1,-328,694,-8
1,-328,686,8
1,-328,680,8
1,-328,675,32
1,-328,672,56
1,-329,670,48
1,-332,667,48
1,-334,669,56
1,-340,670,32
1,-350,674,39
1,-357,679,24
1,-363,682,8
1,-368,687,8
1,-368,695,8
1,-365,703,8
1,-360,713,24
1,-358,722,16
1,-356,731,16
1,-355,739,8
1,-357,743,0
1,-357,749,0
1,-355,756,-8
1,-352,763,-16
1,-348,772,-24
1,-346,778,-32
1,-346,782,-48
1,-346,783,-48
1,-344,783,-39
1,-341,782,-16
1,-337,781,16
1,-334,780,39
1,-334,781,48
1,-333,785,32
1,-330,791,24
1,-328,799,16
1,-329,806,8
1,-333,812,16
1,-336,818,-8
1,-338,822,-24
1,-341,824,-8
1,-343,827,8
1,-345,829,16
1,-347,833,24
1,-348,838,24
1,-348,843,16
1,-351,847,8
1,-351,848,-8
1,-352,846,-48
1,-352,847,8
1,-353,852,-8
1,-354,857,-24
1,-354,862,-39
1,-354,867,-39
1,-353,868,-79
1,-351,867,-79
1,-348,861,-79
1,-345,851,-64
1,-342,837,-39
1,-340,823,0
1,-332,784,39
1,-324,760,39
1,-316,757,72
1,-317,759,48
1,-317,764,56
1,-317,771,39
1,-314,777,32
1,-311,785,24
1,-310,793,16
1,-308,815,0
1,-301,836,0
1,-295,853,-16
1,-295,856,-8
1,-295,860,0
1,-297,864,8
1,-299,868,0
1,-297,874,-24
1,-295,877,8
1,-296,877,0
1,-299,877,-8
1,-303,875,-16
1,-307,873,-16
1,-311,870,-32
1,-311,870,-39
1,-312,868,-64
1,-312,861,-96
1,-312,851,-88
1,-311,837,-72
1,-310,825,-32
1,-308,812,-16
1,-305,801,8
1,-302,794,16
1,-301,786,56
1,-298,783,48
1,-297,781,72
1,-296,781,64
1,-300,783,24
1,-302,787,39
1,-306,789,24
1,-308,794,24
1,-310,799,16
1,-311,807,24
1,-311,814,24
1,-314,821,24
1,-315,829,32
1,-318,837,32
1,-321,845,32
1,-321,853,16
1,-320,861,0
1,-320,870,0
1,-320,879,0
1,-319,887,8
1,-318,895,16
1,-318,902,16
1,-319,909,8
1,-325,913,-56
1,-329,918,0
1,-327,926,24
1,-328,933,-16
1,-329,938,-16
1,-331,943,-8
1,-337,946,-24
1,-342,949,0
1,-343,954,8
1,-345,958,32
1,-349,962,16
1,-349,967,0
1,-348,972,-8
1,-343,978,-16
1,-338,984,-16
1,-335,988,-8
1,-334,992,8
1,-331,995,16
1,-329,998,8
1,-326,1001,-8
1,-321,1003,-32
1,-320,1005,8
1,-320,1008,8
1,-318,1010,32
1,-319,1012,-8
1,-321,1014,-8
1,-326,1016,-8
1,-331,1018,0
1,-332,1021,0
1,-334,1023,8
1,-336,1026,8
1,-338,1028,8
1,-339,1031,8
1,-340,1035,0
1,-342,1038,-8
1,-345,1041,0
1,-347,1043,0
1,-348,1045,8
1,-348,1048,16
1,-349,1050,24
1,-352,1050,-32
1,-353,1052,16
1,-354,1056,8
1,-354,1059,0
1,-354,1060,8
1,-354,1062,0
1,-354,1065,-8
1,-353,1068,0
1,-354,1067,-16
1,-357,1065,-8
1,-359,1067,0
1,-362,1069,-8
1,-363,1071,0
1,-363,1074,-24
1,-365,1073,24
1,-366,1073,0
1,-367,1072,8
1,-366,1072,-32
1,-366,1074,16
1,-368,1075,16
1,-368,1077,-8
1,-370,1078,0
1,-371,1080,-8
1,-372,1079,-8
1,-374,1078,-8
1,-373,1076,8
1,-369,1075,8
1,-368,1074,8
1,-366,1073,-8
1,-364,1072,0
1,-360,1071,-8
1,-361,1071,8
1,-360,1071,0
1,-357,1069,8
1,-352,1067,8
1,-352,1064,0
1,-357,1063,-16
1,-364,1062,-16
1,-367,1062,32
1,-363,1064,48
1,-354,1068,64
1,-347,1072,-8
1,-345,1073,-8
1,-343,1075,8
1,-343,1076,0
1,-344,1077,8
1,-347,1078,0
1,-350,1076,-16
1,-351,1078,8
1,-353,1077,-16
1,-355,1075,-8
1,-356,1073,-8
1,-359,1068,0
1,-361,1065,0
1,-360,1064,-8
1,-360,1063,0
1,-359,1064,-8
1,-358,1064,16
1,-358,1064,24
1,-358,1065,24
1,-360,1066,16
1,-361,1067,8
1,-362,1068,8
1,-362,1069,8
1,-361,1068,-8
1,-361,1069,8
1,-360,1071,8
1,-359,1071,0
1,-358,1071,-8
1,-357,1070,-8
1,-355,1069,-16
1,-353,1069,-8
1,-352,1068,-8
1,-348,1067,8
1,-349,1066,0
1,-346,1064,16
1,-344,1063,8
1,-341,1061,-8
1,-338,1060,0
1,-338,1061,8
1,-341,1064,8
1,-344,1065,0
1,-348,1065,0
1,-351,1066,0
1,-355,1066,16
1,-358,1068,-8
1,-360,1071,-24
1,-361,1074,-24
1,-363,1072,32
1,-364,1071,-32
1,-363,1072,-8
1,-363,1073,-8
1,-365,1073,8
1,-367,1073,8
1,-368,1073,-8
1,-368,1073,-8
1,-366,1073,-8
1,-364,1074,-8
1,-365,1075,-8
1,-367,1074,0
1,-370,1073,0
1,-375,1070,8
1,-380,1068,8
1,-382,1067,0
1,-381,1066,-8
1,-381,1066,0
1,-384,1065,8
1,-386,1064,0
1,-391,1063,0
1,-394,1063,0
1,-394,1063,8
1,-396,1063,0
1,-401,1065,0
1,-403,1066,0
1,-402,1066,0
1,-401,1065,-8
1,-401,1064,-8
1,-399,1063,0
1,-393,1062,24
1,-384,1063,39
1,-379,1063,-16
1,-375,1062,-8
1,-372,1063,16
1,-370,1064,8
1,-367,1066,24
1,-365,1067,-16
1,-365,1067,-24
1,-365,1067,8
1,-366,1066,-8
1,-366,1067,8
1,-368,1066,0
1,-369,1065,0
1,-370,1065,0
1,-373,1063,0
1,-375,1062,8
1,-374,1062,0
1,-371,1064,0
1,-370,1065,8
1,-372,1063,-24
1,-373,1062,-8
1,-373,1060,-8
1,-373,1059,0
1,-373,1057,-8
1,-373,1053,0
1,-374,1050,0
1,-374,1048,0
1,-374,1047,0
1,-372,1051,-8
1,-369,1053,0
1,-366,1054,0
1,-365,1054,0
1,-361,1054,0
1,-358,1054,0
1,-357,1054,0
1,-354,1057,-39
1,-350,1063,-48
1,-347,1068,-39
1,-346,1069,-8
1,-347,1067,-16
1,-346,1064,-64
1,-344,1060,-64
1,-342,1054,-48
1,-340,1047,-24
1,-341,1040,-8
1,-341,1033,8
1,-342,1027,8
1,-342,1022,16
1,-342,1018,8
1,-342,1012,0
1,-343,1008,-8
1,-343,1003,-16
1,-343,997,-16
1,-343,992,-8
1,-343,988,0
1,-343,983,8
1,-343,977,16
1,-344,973,24
1,-344,970,32
1,-344,969,32
1,-342,969,24
1,-341,971,16
1,-338,973,16
1,-338,974,0
1,-338,977,0
1,-335,980,8
1,-333,983,0
1,-327,987,8
1,-316,991,8
1,-307,994,0
1,-299,998,0
1,-295,999,0
1,-292,1000,0
1,-289,1000,0
1,-283,1003,-8
1,-272,1006,-16
1,-263,1009,16
1,-252,1011,-8
1,-244,1013,-8
1,-243,1015,0
1,-248,1018,-8
1,-253,1019,-16
1,-259,1019,-16
1,-265,1017,-8
1,-270,1015,-24
1,-273,1014,-16
1,-275,1013,-39
1,-276,1010,-32
1,-278,1007,-24
1,-283,1002,-16
1,-291,996,0
1,-296,989,-24
1,-296,981,-8
1,-295,975,0
1,-297,971,8
1,-299,967,0
1,-299,963,0
1,-299,960,-8
1,-300,957,-8
1,-303,955,-8
1,-305,953,0
1,-308,951,8
1,-310,949,8
1,-313,947,24
1,-314,947,16
1,-311,944,0
1,-309,942,8
1,-307,941,0
1,-305,936,0
1,-302,932,8
1,-302,931,-16
1,-305,930,-24
1,-304,929,24
1,-301,927,32
1,-295,927,39
1,-289,928,48
1,-287,928,0
1,-287,929,0
1,-287,929,16
1,-288,929,0
1,-290,929,0
1,-290,929,0
1,-289,930,0
1,-288,930,0
1,-288,930,0
1,-288,931,0
1,-290,930,0
1,-292,930,0
1,-294,929,0
1,-296,929,0
1,-295,929,8
1,-293,930,0
1,-294,927,8
1,-295,927,-8
1,-296,926,0
1,-297,926,16
1,-297,926,0
1,-297,926,8
1,-300,925,39
1,-304,923,39
1,-309,923,39
1,-312,924,16
1,-312,924,-8
1,-314,921,96
1,-314,916,0
1,-311,910,-16
1,-309,905,-8
1,-305,901,-8
1,-301,895,-8
1,-298,893,-16
1,-296,890,-8
1,-294,888,-8
1,-294,886,-16
1,-294,886,-16
1,-292,886,16
1,-289,886,32
1,-284,889,64
1,-281,889,0
1,-282,887,-24
1,-285,885,-8
1,-285,883,16
1,-285,882,8
1,-287,882,8
1,-290,882,8
1,-296,881,16
1,-300,882,8
1,-306,881,-8
1,-309,882,8
1,-309,884,16
1,-309,885,0
1,-309,889,0
1,-309,891,0
1,-311,892,0
1,-315,892,0
1,-319,891,0
1,-324,890,16
1,-326,890,-8
1,-325,890,0
1,-325,892,8
1,-324,893,0
1,-319,894,-16
1,-313,895,-8
1,-306,896,0
1,-300,897,0
1,-294,897,0
1,-288,898,0
1,-281,898,0
1,-275,899,0
1,-271,900,0
1,-267,901,0
1,-266,904,0
1,-263,905,0
1,-259,905,8
1,-256,906,8
1,-258,907,-16
1,-257,909,16
1,-259,909,-8
1,-263,909,-16
1,-263,910,8
1,-265,909,-16
1,-263,910,8
1,-259,912,8
1,-258,913,8
1,-258,914,0
1,-257,914,0
1,-256,913,0
1,-256,913,0
1,-256,912,0
1,-256,913,0
1,-255,914,-8
1,-255,916,-8
1,-257,916,0
1,-258,917,-8
1,-257,917,-8
1,-257,918,0
1,-255,920,-24
1,-253,921,8
1,-253,921,8
1,-254,922,16
1,-252,923,-8
1,-246,924,0
1,-239,924,0
1,-230,925,8
1,-222,925,0
1,-220,927,0
1,-218,928,0
1,-218,931,-8
1,-218,933,0
1,-216,934,-8
1,-214,934,0
1,-214,934,-8
1,-211,934,0
1,-207,935,0
1,-205,935,-8
1,-205,935,0
1,-204,935,0
1,-204,936,0
1,-205,937,0
1,-208,939,0
1,-213,938,-16
1,-221,936,-16
1,-230,933,-8
1,-235,930,0
1,-238,928,0
1,-240,927,0
1,-245,925,8
1,-253,923,8
1,-261,921,8
1,-269,919,0
1,-276,917,-8
1,-284,916,0
1,-288,915,0
1,-292,914,0
1,-295,916,8
1,-299,917,8
1,-304,917,8
1,-306,918,-8
1,-309,917,0
1,-311,916,0
1,-310,915,-16
1,-308,914,-24
1,-304,915,-24
1,-300,915,-16
1,-298,914,0
1,-297,912,8
1,-294,911,8
1,-290,910,8
1,-286,910,8
1,-281,912,16
1,-280,913,-32
1,-281,911,-8
1,-282,911,8
1,-283,909,0
1,-287,903,-56
1,-291,898,-8
1,-292,896,8
1,-296,893,0
1,-298,891,0
1,-299,890,0
1,-300,890,0
1,-302,888,8
1,-305,882,48
1,-308,878,0
1,-313,874,56
1,-316,872,0
1,-312,871,-48
1,-309,871,0
1,-308,871,0
1,-306,871,-8
1,-304,869,8
1,-300,865,8
1,-296,862,-8
1,-294,858,-8
1,-294,855,-8
1,-297,855,0
1,-299,854,-8
1,-300,854,-8
1,-299,853,16
1,-297,851,0
1,-295,849,0
1,-292,848,0
1,-290,846,0
1,-290,845,0
1,-289,844,0
1,-288,844,8
1,-283,844,39
1,-281,845,8
1,-280,847,0
1,-279,849,16
1,-278,851,16
1,-279,851,-8
1,-283,851,8
1,-285,852,8
1,-289,852,16
1,-294,852,24
1,-298,853,16
1,-304,854,24
1,-310,854,8
1,-316,855,-8
1,-323,855,-24
1,-328,855,-24
1,-333,854,-24
1,-337,852,-24
1,-339,853,0
1,-339,854,0
1,-340,856,0
1,-339,858,-8
1,-341,859,16
1,-341,862,-8
1,-341,864,-8
1,-339,866,0
1,-338,868,0
1,-341,869,8
1,-344,869,0
1,-345,870,-8
1,-347,870,16
1,-347,871,-8
1,-346,874,-8
1,-345,875,0
1,-344,876,0
1,-342,876,0
1,-336,876,-39
1,-333,876,24
1,-333,878,32
1,-333,881,24
1,-336,886,8
1,-336,889,0
1,-337,892,-8
1,-337,895,-8
1,-334,895,0
1,-330,893,0
1,-326,891,0
1,-322,892,-8
1,-321,893,-8
1,-320,894,-16
1,-322,895,-16
1,-324,897,-8
1,-322,897,8
1,-322,896,-16
1,-322,896,-8
1,-324,896,-16
1,-324,894,-8
1,-325,892,-8
1,-322,892,16
1,-318,894,24
1,-316,895,0
1,-315,895,8
1,-318,895,-24
1,-324,893,-8
1,-329,892,0
1,-331,891,0
1,-332,891,0
1,-333,891,8
1,-334,892,0
1,-334,892,0
1,-334,892,0
1,-329,892,0
1,-327,893,0
1,-326,894,0
1,-325,895,0
1,-327,894,-8
1,-331,892,-16
1,-335,889,-16
1,-339,886,-8
1,-340,885,0
1,-342,883,0
1,-340,884,-8
1,-340,884,8
1,-338,885,-8
1,-338,885,24
1,-336,886,-16
1,-334,887,8
1,-330,889,-8
1,-327,891,8
1,-321,893,-8
1,-312,893,-32
1,-303,893,-8
1,-294,892,-8
1,-289,891,0
1,-282,891,-8
1,-277,892,-8
1,-272,892,8
1,-268,893,-8
1,-262,893,48
1,-255,894,8
1,-248,896,8
1,-242,897,-8
1,-237,897,0
1,-234,898,0
1,-227,899,0
1,-223,901,8
1,-220,903,8
1,-217,904,0
1,-213,904,0
1,-206,905,8
1,-198,905,0
1,-194,903,0
1,-190,902,8
1,-186,902,8
1,-179,901,8
1,-175,902,-32
1,-169,903,8
1,-160,903,8
1,-154,904,-8
1,-154,906,-8
1,-158,906,0
1,-159,908,0
1,-157,910,24
1,-157,912,24
1,-158,914,24
1,-164,915,-24
1,-170,917,0
1,-175,919,16
1,-181,920,0
1,-187,921,8
1,-194,922,8
1,-199,923,8
1,-202,926,-79
1,-201,931,-16
1,-203,933,-8
1,-207,934,-8
1,-209,937,8
1,-214,937,-16
1,-220,935,8
1,-225,935,-8
1,-228,935,-8
1,-229,934,-16
1,-230,934,-8
1,-235,933,112
1,-236,931,-8
1,-234,929,-32
1,-228,927,-32
1,-225,924,8
1,-223,922,8
1,-222,922,8
1,-225,924,-24
1,-228,927,8
1,-225,928,0
1,-226,929,-8
1,-222,927,16
1,-221,926,0
1,-220,924,0
1,-218,923,24
1,-216,924,39
1,-214,925,16
1,-215,926,-8
1,-217,926,0
1,-217,927,-8
1,-217,927,-16
1,-218,926,-16
1,-217,924,-8
1,-217,922,0
1,-218,921,8
1,-220,922,8
1,-221,923,8
1,-226,921,0
1,-236,918,8
1,-247,912,24
1,-256,907,-8
1,-266,902,-16
1,-272,899,8
1,-274,897,0
1,-275,897,8
1,-276,897,8
1,-278,898,0
1,-278,899,-16
1,-277,900,0
1,-277,900,-8
1,-277,900,-8
1,-277,899,0
1,-277,896,8
1,-275,895,0
1,-275,895,16
1,-274,897,8
1,-274,898,16
1,-274,900,8
1,-278,902,16
1,-281,904,8
1,-287,905,16
1,-292,906,16
1,-300,918,-24
1,-304,917,-32
1,-310,913,-48
1,-314,907,-48
1,-317,899,-56
1,-317,893,-39
1,-317,885,-39
1,-318,876,-24
1,-318,868,-16
1,-319,859,0
1,-320,850,0
1,-320,844,0
1,-317,838,0
1,-315,833,24
1,-313,828,32
1,-310,826,48
1,-306,826,56
1,-304,828,48
1,-301,832,39
1,-302,836,32
1,-304,839,32
1,-304,839,32
1,-312,847,32
1,-314,853,48
1,-316,860,56
1,-320,869,72
1,-325,881,48
1,-329,893,39
1,-346,928,32
1,-364,960,24
1,-377,992,48
1,-385,1025,32
1,-388,1058,39
1,-389,1089,39
1,-392,1114,0
1,-399,1134,0
1,-405,1151,0
1,-410,1167,0
1,-412,1176,-8
1,-418,1194,-8
1,-420,1213,-16
1,-420,1218,-8
1,-421,1223,-8
1,-423,1227,8
1,-421,1232,8
1,-420,1238,16
1,-421,1241,0
1,-423,1244,-8
1,-425,1244,-16
1,-427,1248,0
1,-425,1254,-8
1,-425,1260,-16
1,-425,1267,-32
1,-425,1272,-32
1,-425,1276,-48
1,-426,1274,-8
1,-427,1268,-24
1,-426,1262,-79
1,-423,1256,-79
1,-419,1248,-64
1,-416,1239,-39
1,-413,1230,-16
1,-411,1219,8
1,-412,1210,32
1,-411,1205,-8
1,-414,1200,16
1,-415,1196,16
1,-418,1192,-16
1,-418,1188,24
1,-416,1185,39
1,-416,1180,-48
1,-415,1173,-16
1,-414,1168,0
1,-412,1165,32
1,-409,1165,8
1,-405,1166,8
1,-403,1167,-8
1,-402,1166,-16
1,-403,1164,-8
1,-402,1162,-16
1,-402,1161,-8
1,-399,1160,0
1,-397,1158,0
1,-397,1155,-8
1,-396,1152,0
1,-395,1150,-8
1,-393,1149,-8
1,-392,1148,-16
1,-389,1144,-16
1,-384,1140,-32
1,-379,1135,-16
1,-376,1132,-8
1,-375,1128,16
1,-373,1125,-8
1,-372,1123,-16
1,-374,1121,79
1,-377,1122,24
1,-381,1125,8
1,-380,1128,-32
1,-376,1131,-32
1,-375,1132,16
1,-371,1133,-8
1,-366,1134,-8
1,-363,1134,8
1,-361,1136,0
1,-358,1138,0
1,-355,1140,-8
1,-351,1141,-16
1,-347,1141,-16
1,-346,1141,-8
1,-346,1141,8
1,-345,1141,32
1,-342,1142,39
1,-342,1143,0
1,-342,1144,0
1,-344,1145,0
1,-346,1146,8
1,-351,1146,-16
1,-356,1145,-16
1,-362,1143,-8
1,-368,1142,-8
1,-373,1140,-8
1,-377,1138,0
1,-380,1136,0
1,-383,1133,0
1,-388,1129,0
1,-392,1125,0
1,-394,1123,0
1,-396,1122,-8
1,-395,1123,0
1,-394,1125,-8
1,-389,1130,-16
1,-386,1132,-8
1,-388,1129,-8
1,-388,1127,-39
1,-388,1125,-39
1,-390,1122,16
1,-391,1119,-39
1,-390,1115,-48
1,-393,1111,16
1,-394,1106,-24
1,-398,1101,-8
1,-401,1095,8
1,-404,1089,-8
1,-408,1084,16
1,-410,1080,16
1,-416,1078,8
1,-419,1075,-8
1,-420,1070,-24
1,-420,1069,-16
1,-421,1067,-32
1,-420,1064,-39
1,-421,1059,-32
1,-419,1055,-39
1,-419,1048,-24
1,-420,1040,-24
1,-419,1031,-24
1,-418,1024,-24
1,-412,1020,-24
1,-406,1013,0
1,-402,1009,-16
1,-393,1005,-8
1,-383,1002,-8
1,-371,999,8
1,-356,995,24
1,-308,982,24
1,-272,970,-8
1,-245,958,-8
1,-230,944,-16
1,-223,941,0
1,-216,937,0
1,-208,935,-8
1,-202,931,0
1,-197,929,-8
1,-194,926,-8
1,-188,923,0
1,-180,921,-8
1,-166,918,-24
1,-153,915,0
1,-115,903,-24
1,-91,894,16
1,-83,888,16
1,-80,886,-8
1,-78,884,0
1,-77,883,8
1,-77,883,8
1,-82,882,24
1,-84,881,-8
1,-92,881,32
1,-104,880,32
1,-131,876,8
1,-145,866,16
1,-147,865,8
1,-152,865,0
1,-155,865,0
1,-159,866,0
1,-160,866,-8
1,-158,866,-8
1,-157,866,0
1,-157,867,0
1,-161,867,8
1,-160,867,0
1,-162,867,0
1,-162,867,8
1,-166,868,-8
1,-166,869,8
1,-166,871,0
1,-163,872,8
1,-159,874,8
1,-155,876,8
1,-156,879,-16
1,-155,882,24
1,-155,885,0
1,-154,887,0
1,-155,888,0
1,-152,888,8
1,-149,888,0
1,-146,889,0
1,-141,890,0
1,-139,892,8
1,-136,894,0
1,-134,898,0
1,-138,899,0
1,-139,899,0
1,-146,899,8
1,-151,899,0
1,-155,900,0
1,-157,903,-8
1,-158,905,0
1,-158,908,-8
1,-159,911,0
1,-161,912,0
1,-160,913,-16
1,-158,915,-8
1,-153,916,-24
1,-152,917,0
1,-150,917,-8
1,-147,917,-8
1,-144,917,-8
1,-143,916,-8
1,-141,915,0
1,-139,915,0
1,-141,914,-8
1,-143,912,-8
1,-142,910,0
1,-141,909,0
1,-141,907,0
1,-144,907,8
1,-153,907,8
1,-164,905,-8
1,-172,903,-8
1,-174,901,0
1,-177,899,-8
1,-179,897,-8
1,-180,895,-8
1,-180,893,-8
1,-178,892,0
1,-173,893,24
1,-168,893,0
1,-163,893,0
1,-158,892,8
1,-155,891,0
1,-151,891,8
1,-147,890,0
1,-145,890,0
1,-143,890,0
1,-142,891,-8
1,-140,892,0
1,-138,892,0
1,-134,891,8
1,-129,892,8
1,-125,893,8
1,-118,894,8
1,-110,895,8
1,-102,897,8
1,-99,899,0
1,-96,899,0
1,-93,899,0
1,-86,897,-8
1,-82,897,0
1,-82,899,0
1,-86,902,16
1,-91,905,8
1,-94,908,0
1,-98,911,16
1,-103,914,16
1,-110,917,8
1,-118,920,0
1,-130,922,32
1,-140,924,-8
1,-153,926,8
1,-162,928,-8
1,-170,928,0
1,-179,927,0
1,-190,926,0
1,-201,926,0
1,-209,926,8
1,-215,926,8
1,-223,926,-16
1,-233,926,-8
1,-239,926,16
1,-243,928,24
1,-246,930,32
1,-249,934,32
1,-253,939,39
1,-256,947,56
1,-261,955,56
1,-267,964,39
1,-276,972,8
1,-284,982,8
1,-308,1005,-8
1,-322,1036,64
1,-336,1060,8
1,-346,1091,24
1,-356,1112,-24
1,-366,1130,-8
1,-378,1139,-8
1,-381,1140,-8
1,-384,1142,-8
1,-386,1146,-8
1,-389,1149,8
1,-392,1156,24
1,-393,1161,8
1,-393,1168,8
1,-393,1172,-8
1,-393,1178,-32
1,-393,1184,-48
1,-393,1187,-16
1,-392,1188,-79
1,-389,1188,-88
1,-389,1184,-39
1,-387,1180,-72
1,-385,1173,-64
1,-386,1164,-24
1,-389,1156,-16
1,-393,1147,-8
1,-396,1138,-8
1,-397,1131,-16
1,-395,1124,-24
1,-393,1118,-16
1,-390,1109,-8
1,-390,1099,-8
1,-387,1089,-8
1,-380,1082,24
1,-370,1076,16
1,-361,1071,-16
1,-346,1068,32
1,-309,1055,0
1,-278,1042,0
1,-252,1033,8
1,-219,1027,8
1,-197,1025,0
1,-168,1023,0
1,-140,1020,0
1,-109,1016,-8
1,-78,1010,-8
1,-41,1001,-16
1,-14,991,0
1,0,983,0
1,11,976,-16
1,20,971,-16
1,22,968,-8
1,19,967,0
1,15,966,0
1,9,965,0
1,2,965,-8
1,-9,963,32
1,-21,962,8
1,-37,960,32
1,-53,958,8
1,-87,955,0
1,-96,954,-8
1,-105,953,-8
1,-114,951,-8
1,-122,949,-8
1,-129,946,-16
1,-136,943,-16
1,-143,940,-8
1,-151,936,-8
1,-161,932,-8
1,-170,927,-8
1,-176,921,-8
1,-185,917,0
1,-199,913,-8
1,-215,909,-8
1,-252,899,0
1,-271,891,0
1,-275,888,-8
1,-276,885,-8
1,-280,882,-32
1,-281,880,-8
1,-283,878,-32
1,-280,876,24
1,-276,876,-8
1,-271,877,-16
1,-264,877,-8
1,-252,877,16
1,-238,877,16
1,-196,876,8
1,-151,874,8
1,-112,874,0
1,-77,875,0
1,-45,876,0
1,-25,877,8
1,-4,878,-8
1,12,879,-8
1,29,872,-16
1,31,872,-16
1,30,871,-8
1,27,871,8
1,24,872,-8
1,18,873,16
1,13,875,-16
1,8,876,8
1,0,877,16
1,-10,877,24
1,-21,877,16
1,-37,876,24
1,-54,875,24
1,-100,872,8
1,-128,873,-16
1,-135,874,-8
1,-140,875,0
1,-146,876,0
1,-153,877,0
1,-162,878,0
1,-169,879,0
1,-176,879,0
1,-183,880,-8
1,-191,879,-8
1,-198,879,-16
1,-202,879,0
1,-202,878,0
1,-200,878,8
1,-196,879,16
1,-191,881,8
1,-190,883,0
1,-188,884,0
1,-187,885,0
1,-187,887,8
1,-187,890,16
1,-186,893,24
1,-186,897,8
1,-185,901,16
1,-187,905,0
1,-188,908,-8
1,-188,911,-16
1,-187,912,0
1,-187,913,8
1,-187,915,16
1,-189,917,16
1,-192,920,16
1,-195,923,8
1,-198,926,0
1,-197,926,-16
1,-195,924,39
1,-196,924,-16
1,-197,925,-16
1,-201,926,-16
1,-201,928,0
1,-198,929,-8
1,-197,930,8
1,-197,932,0
1,-198,933,8
1,-198,934,0
1,-196,936,-8
1,-191,937,32
1,-184,937,24
1,-175,938,16
1,-165,939,0
1,-160,939,0
1,-152,939,-39
1,-149,937,8
1,-144,932,-88
1,-140,925,-88
1,-139,923,8
1,-142,923,-8
1,-145,923,-24
1,-149,923,-39
1,-151,921,-24
1,-152,919,0
1,-153,917,0
1,-154,914,0
1,-155,912,16
1,-155,913,16
1,-153,914,8
1,-153,915,8
1,-155,913,-32
1,-159,913,0
1,-163,912,-16
1,-167,911,-24
1,-170,910,-16
1,-172,909,0
1,-172,909,-8
1,-170,910,8
1,-167,912,8
1,-167,914,16
1,-166,917,16
1,-167,918,16
1,-170,920,8
1,-172,919,-32
1,-177,915,-16
1,-180,907,56
1,-180,897,56
1,-179,889,-8
1,-178,889,-16
1,-179,891,-24
1,-181,892,-8
1,-182,894,8
1,-184,893,16
1,-185,893,16
1,-183,895,0
1,-184,897,-8
1,-185,899,-8
1,-188,900,-16
1,-188,900,-24
1,-189,900,-24
1,-185,899,-8
1,-183,899,-8
1,-183,901,8
1,-184,902,16
1,-183,905,16
1,-183,909,8
1,-184,911,8
1,-184,912,0
1,-184,914,0
1,-183,912,0
1,-182,909,0
1,-182,904,0
1,-181,900,-8
1,-179,899,-8
1,-175,895,-16
1,-176,892,8
1,-180,891,0
1,-184,891,8
1,-189,893,8
1,-191,893,0
1,-195,891,8
1,-195,886,8
1,-195,884,0
1,-195,884,0
1,-194,884,0
1,-195,886,0
1,-197,888,0
1,-199,890,0
1,-200,891,0
1,-204,892,0
1,-206,891,0
1,-208,889,-8
1,-211,889,-8
1,-211,888,8
1,-212,887,-16
1,-210,886,79
1,-209,885,0
1,-209,887,0
1,-212,886,-72
1,-220,885,-39
1,-225,884,0
1,-235,880,-48
1,-245,874,-64
1,-253,868,8
1,-256,868,8
1,-257,870,8
1,-257,873,8
1,-258,876,-8
1,-258,879,-8
1,-263,881,72
1,-273,880,32
1,-282,880,-8
1,-288,881,-8
1,-290,883,24
1,-288,886,16
1,-288,889,16
1,-288,893,8
1,-287,896,8
1,-285,900,0
1,-284,903,-8
1,-283,905,-16
1,-280,907,-16
1,-274,910,8
1,-269,912,0
1,-263,915,0
1,-260,917,8
1,-255,919,-32
1,-252,921,16
1,-249,922,8
1,-248,924,-8
1,-250,925,-8
1,-253,926,-16
1,-251,928,8
1,-247,930,0
1,-245,930,0
1,-245,930,8
1,-245,931,8
1,-245,932,24
1,-245,934,16
1,-245,936,16
1,-245,939,-8
1,-246,941,-8
1,-245,944,-8
1,-245,945,-8
1,-246,946,-24
1,-246,945,-24
1,-246,944,-16
1,-246,943,0
1,-242,944,8
1,-239,945,16
1,-238,945,24
1,-237,946,24
1,-237,948,8
1,-238,950,-8
1,-239,951,-8
1,-240,951,-16
1,-241,951,-16
1,-242,950,-8
1,-242,950,-8
1,-242,948,0
1,-242,946,0
1,-243,946,8
1,-242,942,8
1,-242,940,8
1,-241,940,8
1,-241,940,-8
1,-244,942,8
1,-244,944,0
1,-244,943,0
1,-244,942,8
1,-245,939,0
1,-246,938,0
1,-248,935,0
1,-247,931,-24
1,-247,928,0
1,-248,927,0
1,-250,927,0
1,-250,926,0
1,-251,925,0
1,-254,920,-8
1,-253,915,8
1,-251,912,0
1,-248,910,-8
1,-249,909,-8
1,-250,907,-8
1,-251,906,-8
1,-252,904,-8
1,-252,901,-8
1,-253,901,0
1,-254,899,0
1,-256,897,0
1,-254,892,-8
1,-254,889,0
1,-260,884,0
1,-265,882,0
1,-269,882,0
1,-270,882,0
1,-268,883,0
1,-266,882,0
1,-266,883,0
1,-268,886,0
1,-268,886,8
1,-272,885,0
1,-274,884,0
1,-276,882,-8
1,-277,881,-8
1,-275,878,24
1,-272,879,8
1,-269,879,16
1,-268,881,0
1,-268,883,0
1,-267,885,16
1,-265,888,16
1,-263,890,16
1,-263,891,0
1,-262,893,-8
1,-260,895,-8
1,-259,896,0
1,-260,897,8
1,-261,899,8
1,-261,901,16
1,-259,904,-24
1,-253,910,-24
1,-248,915,136
1,-247,918,-8
1,-248,919,-8
1,-249,920,0
1,-253,920,8
1,-256,922,8
1,-260,923,8
1,-259,925,8
1,-262,927,-56
1,-268,924,-48
1,-274,924,-8
1,-276,926,-8
1,-280,928,-8