4,-36,1358,-8
4,-38,1358,-24
4,-39,1358,-16
4,-41,1358,-8
4,-41,1358,-8
4,-37,1355,8
4,-29,1351,32
4,-17,1347,72
4,0,1344,72
4,57,1340,56
4,116,1337,24
4,204,1333,48
4,273,1329,-8
4,314,1325,39
4,424,1308,32
4,523,1299,56
4,612,1271,32
4,702,1248,0
4,776,1235,-8
4,837,1207,-32
4,886,1191,-16
4,932,1164,-39
4,968,1139,-24
4,992,1102,-72
4,987,1060,-56
4,973,1026,-56
4,940,993,-56
4,900,968,-64
4,842,949,-79
4,772,935,-88
4,688,923,-56
4,602,918,-32
4,507,905,-16
4,412,890,16
4,296,889,64
4,148,899,72
4,-2,910,88
4,-163,923,119
4,-322,931,128
4,-473,939,136
4,-619,969,248
4,-762,977,88
4,-899,970,88
4,-1023,969,79
4,-1133,968,48
4,-1233,972,32
4,-1309,991,39
4,-1373,1015,64
4,-1444,1047,0
4,-1495,1083,48
4,-1532,1125,32
4,-1569,1144,-48
4,-1590,1142,-32
4,-1602,1130,-56
4,-1597,1119,-8
4,-1586,1107,-88
4,-1578,1106,-56
4,-1567,1104,-64
4,-1557,1101,-56
4,-1541,1099,-56
4,-1523,1099,-96
4,-1502,1101,-104
4,-1435,1110,-104
4,-1360,1117,-72
4,-1207,1140,-56
4,-1047,1155,-16
4,-888,1168,8
4,-735,1193,16
4,-588,1225,24
4,-445,1252,24
4,-297,1271,24
4,-153,1286,39
4,-18,1297,48
4,111,1304,56
4,235,1299,48
4,353,1295,39
4,466,1289,16
4,543,1282,16
4,606,1267,8
4,662,1243,-16
4,718,1221,0
4,775,1202,-16
4,825,1163,-32
4,873,1129,-32
4,916,1097,-39
4,955,1056,-39
4,981,1029,-32
4,982,994,-64
4,966,962,-56
4,936,930,-48
4,897,903,-48
4,850,881,-56
4,795,868,-48
4,732,862,-39
4,660,863,-32
4,581,867,-24
4,500,866,-16
4,422,857,8
4,327,856,56
4,207,866,96
4,86,885,88
4,-53,916,128
4,-208,944,88
4,-350,967,88
4,-492,985,112
4,-638,994,104
4,-769,1010,96
4,-886,1027,104
4,-985,1042,96
4,-1059,1061,24
4,-1138,1068,39
4,-1197,1097,24
4,-1258,1119,16
4,-1303,1134,32
4,-1355,1128,-48
4,-1381,1120,-39
4,-1387,1116,-72
4,-1384,1104,-119
4,-1369,1093,-119
4,-1347,1084,-96
4,-1336,1082,-88
4,-1322,1083,-104
4,-1302,1083,-72
4,-1238,1078,-112
4,-1161,1073,-56
4,-1009,1053,-96
4,-846,1047,16
4,-673,1055,39
4,-517,1089,39
4,-355,1117,48
4,-182,1138,39
4,-16,1146,39
4,144,1145,56
4,282,1160,32
4,389,1190,48
4,490,1206,48
4,584,1188,0
4,684,1158,16
4,781,1129,8
4,872,1099,8
4,949,1064,0
4,1012,1027,-8
4,1065,986,16
4,1099,966,72
4,1121,938,-56
4,1145,906,-16
4,1155,888,-32
4,1146,874,-48
4,1138,866,-48
4,1117,858,-32
4,1094,852,-72
4,1060,847,-72
4,1015,843,-72
4,915,844,-56
4,810,853,-16
4,702,854,-32
4,580,875,48
4,453,903,48
4,330,931,48
4,184,956,79
4,16,976,104
4,-160,986,112
4,-328,999,119
4,-488,1008,112
4,-642,1028,79
4,-786,1030,64
4,-929,1023,79
4,-1040,1021,39
4,-1136,1021,32
4,-1229,1036,72
4,-1308,1042,72
4,-1365,1067,32
4,-1430,1115,-8
4,-1475,1161,16
4,-1506,1180,-16
4,-1535,1173,-48
4,-1541,1144,-48
4,-1536,1137,-96
4,-1520,1118,-88
4,-1498,1099,-119
4,-1465,1077,-136
4,-1423,1054,-119
4,-1330,1012,-104
4,-1231,974,-79
4,-1128,946,-56
4,-1018,936,-48
4,-903,930,-39
4,-781,923,-48
4,-651,913,-24
4,-504,917,32
4,-348,924,64
4,-182,931,64
4,-31,948,72
4,113,952,79
4,255,954,88
4,386,952,79
4,517,963,79
4,639,973,72
4,736,978,48
4,815,992,48
4,879,1010,39
4,924,1033,24
4,967,1062,32
4,1011,1091,48
4,1035,1130,48
4,1041,1164,32
4,1047,1209,24
4,1043,1259,-24
4,1028,1307,-32
4,1000,1351,-39
4,964,1384,-32
4,915,1416,-32
4,863,1422,-79
4,790,1438,-56
4,705,1448,-64
4,610,1452,-79
4,535,1443,-88
4,478,1408,-96
4,403,1364,-72
4,308,1326,0
4,190,1283,8
4,54,1259,39
4,-88,1245,48
4,-241,1229,64
4,-366,1211,96
4,-494,1194,104
4,-634,1175,104
4,-769,1180,72
4,-896,1193,96
4,-1021,1190,104
4,-1153,1172,96
4,-1285,1173,56
4,-1404,1157,32
4,-1502,1132,32
4,-1577,1112,24
4,-1627,1118,8
4,-1672,1139,16
4,-1695,1144,72
4,-1722,1128,-32
4,-1759,1120,-16
4,-1770,1132,-24
4,-1772,1135,-32
4,-1769,1129,-64
4,-1760,1120,-64
4,-1755,1115,-72
4,-1747,1108,-88
4,-1735,1100,-112
4,-1719,1095,-128
4,-1701,1087,-144
4,-1634,1072,-119
4,-1558,1057,-96
4,-1400,1029,-72
4,-1241,1011,-56
4,-1085,1003,-48
4,-924,1003,-48
4,-763,1005,-39
4,-613,994,-24
4,-453,986,24
4,-289,977,64
4,-124,969,72
4,33,959,72
4,183,964,96
4,323,972,48
4,445,981,39
4,555,980,32
4,645,989,24
4,725,976,39
4,796,958,39
4,857,946,32
4,905,939,32
4,934,937,32
4,961,947,24
4,992,961,32
4,1023,998,32
4,1057,1047,32
4,1076,1104,32
4,1072,1159,16
4,1052,1223,-8
4,1020,1281,-16
4,991,1307,32
4,945,1332,-16
4,889,1366,-24
4,814,1405,-24
4,736,1440,-32
4,658,1466,-48
4,573,1482,-64
4,496,1479,-79
4,431,1457,-79
4,381,1415,-96
4,314,1370,-39
4,237,1348,-39
4,135,1330,39
4,14,1330,48
4,-129,1319,48
4,-280,1291,56
4,-444,1259,56
4,-594,1218,72
4,-737,1182,88
4,-864,1156,88
4,-965,1156,24
4,-1056,1142,96
4,-1138,1125,104
4,-1228,1104,39
4,-1332,1090,0
4,-1428,1078,-16
4,-1529,1079,0
4,-1600,1095,16
4,-1622,1117,39
4,-1640,1118,-24
4,-1642,1122,-24
4,-1630,1117,-39
4,-1618,1111,-79
4,-1613,1106,-104
4,-1603,1098,-144
4,-1590,1093,-119
4,-1571,1085,-128
4,-1546,1076,-88
4,-1466,1050,-64
4,-1302,1014,-39
4,-1141,999,-24
4,-985,993,-39
4,-831,995,-32
4,-669,998,0
4,-517,997,8
4,-375,992,24
4,-240,976,24
4,-107,955,39
4,24,954,64
4,169,953,48
4,290,943,16
4,408,933,16
4,531,913,0
4,637,886,-8
4,722,850,24
4,800,809,8
4,862,768,24
4,919,737,16
4,974,708,24
4,1014,673,-32
4,1051,641,-8
4,1088,603,-32
4,1116,564,-48
4,1120,534,-39
4,1094,518,-16
4,1070,524,-24
4,1040,540,-39
4,1004,559,-39
4,933,592,-56
4,855,633,-32
4,772,680,-8
4,683,710,-16
4,578,756,39
4,463,812,64
4,336,857,79
4,195,887,72
4,56,903,56
4,-98,926,88
4,-250,949,104
4,-417,972,104
4,-565,991,104
4,-703,1009,112
4,-839,1019,119
4,-966,1021,72
4,-1095,1041,56
4,-1213,1043,39
4,-1311,1051,32
4,-1387,1049,24
4,-1444,1035,39
4,-1497,1032,39
4,-1528,1051,64
4,-1571,1083,16
4,-1613,1097,-32
4,-1649,1094,-8
4,-1679,1063,-48
4,-1697,1036,-88
4,-1702,1021,-79
4,-1691,1010,-72
4,-1672,998,-79
4,-1646,976,-79
4,-1612,962,-96
4,-1560,957,-128
4,-1444,959,-104
4,-1321,970,-56
4,-1197,991,-24
4,-1076,999,-72
4,-957,1004,-56
4,-825,1025,-16
4,-697,1047,-16
4,-574,1058,8
4,-434,1081,32
4,-272,1115,56
4,-108,1145,56
4,44,1176,48
4,198,1195,48
4,334,1199,56
4,459,1190,32
4,567,1170,16
4,668,1152,16
4,761,1109,0
4,860,1062,8
4,939,1008,0
4,1015,952,-8
4,1081,900,-16
4,1116,859,39
4,1140,823,16
4,1164,792,8
4,1184,751,-8
4,1205,730,39
4,1223,692,-16
4,1239,644,-39
4,1242,609,-32
4,689,694,16
4,587,728,56
4,480,758,48
4,371,787,39
4,244,826,72
4,128,845,72
4,-5,872,88
4,-141,911,96
4,-284,936,112
4,-424,947,112
4,-562,953,112
4,-701,963,112
4,-842,988,79
4,-962,1002,64
4,-1080,993,64
4,-1179,988,56
4,-1275,990,48
4,-1379,1001,32
4,-1457,1012,16
4,-1510,1023,32
4,-1547,1035,79
4,-1579,1058,72
4,-1629,1083,-16
4,-1663,1092,-8
4,-1675,1091,-32
4,-1691,1089,-56
4,-1689,1080,-104
4,-1672,1071,-104
4,-1661,1065,-88
4,-1644,1059,-79
4,-1623,1053,-88
4,-1598,1049,-96
4,-1526,1042,-112
4,-1442,1034,-48
4,-1269,1028,-32
4,-1107,1020,-48
4,-952,1014,-24
4,-798,1020,0
4,-649,1020,-8
4,-491,1026,8
4,-340,1032,16
4,-170,1042,32
4,-12,1045,48
4,115,1030,16
4,215,995,39
4,321,965,48
4,451,933,39
4,572,904,16
4,683,878,0
4,773,850,0
4,860,814,-24
4,937,778,-16
4,991,728,16
4,1026,667,8
4,1060,607,16
4,1087,566,-32
4,1098,533,-39
4,844,587,-16
4,799,607,-8
4,697,664,39
4,590,708,8
4,466,764,39
4,352,801,32
4,224,843,56
4,98,873,104
4,-42,900,79
4,-185,911,96
4,-321,938,79
4,-454,977,119
4,-593,997,96
4,-731,1022,79
4,-865,1028,79
4,-989,1024,72
4,-1093,1012,72
4,-1194,1006,56
4,-1303,1015,39
4,-1391,1015,39
4,-1447,1019,72
4,-1487,1035,79
4,-1525,1057,56
4,-1564,1089,0
4,-1609,1119,-32
4,-1648,1125,-39
4,-1655,1103,-56
4,-1644,1058,-79
4,-1638,1043,-64
4,-1618,1035,-79
4,-1584,1018,-88
4,-1535,997,-112
4,-1422,965,-112
4,-1307,941,-79
4,-1191,928,-56
4,-1072,928,-48
4,-951,937,-32
4,-821,953,-32
4,-691,964,-39
4,-560,968,-24
4,-437,961,-24
4,-312,953,8
4,-185,937,16
4,-59,915,24
4,63,888,39
4,184,858,72
4,298,827,24
4,396,796,0
4,483,770,0
4,562,746,39
4,641,714,56
4,715,682,8
4,792,647,0
4,853,611,8
4,906,570,-16
4,960,535,-16
4,1025,516,0
4,1067,500,-32
4,719,597,-16
4,620,633,8
4,511,666,24
4,381,712,79
4,236,765,79
4,88,816,88
4,-79,867,96
4,-239,905,119
4,-399,931,128
4,-539,957,128
4,-681,978,119
4,-818,995,128
4,-956,999,72
4,-1077,1002,56
4,-1160,996,32
4,-1252,987,16
4,-1347,997,16
4,-1428,979,-24
4,-1505,957,-24
4,-1578,963,16
4,-1635,1041,-16
4,-1667,1092,-16
4,-1653,1076,-39
4,-1627,1037,-48
4,-1613,1026,-72
4,-1605,1029,-39
4,-1596,1030,-56
4,-1584,1032,-88
4,-1568,1032,-104
4,-1547,1033,-104
4,-1474,1034,-88
4,-1393,1035,-64
4,-1222,1041,-39
4,-1053,1055,-16
4,-886,1060,-8
4,-714,1071,-16
4,-549,1075,8
4,-395,1070,8
4,-229,1070,56
4,-61,1071,72
4,107,1071,72
4,265,1070,56
4,413,1062,32
4,544,1046,32
4,662,1034,39
4,770,1010,32
4,872,1007,16
4,961,993,-8
4,1016,975,-32
4,1043,954,-8
4,1055,931,-8
4,1067,900,-8
4,1086,869,-8
4,1107,825,8
4,1130,780,32
4,1149,725,-72
4,1146,684,-24
4,1124,665,-24
4,1089,658,-16
4,1049,662,-32
4,1001,674,-32
4,951,690,-24
4,906,705,-8
4,863,727,16
4,822,742,8
4,782,759,24
4,741,779,-8
4,708,792,8
4,663,821,0
4,600,866,24
4,535,915,24
4,457,966,16
4,402,1006,16
4,358,1039,8
4,326,1063,8
4,320,1067,39
4,306,1076,32
4,312,1087,56
4,324,1104,24
4,329,1121,24
4,337,1141,64
4,353,1159,39
4,364,1178,16
4,371,1199,39
4,364,1223,-39
4,358,1239,-16
4,361,1261,-8
4,370,1272,-8
4,380,1275,-16
4,388,1276,-8
4,392,1277,0
4,394,1278,-24
4,396,1278,-64
4,400,1277,-8
4,405,1274,-16
4,411,1271,-48
4,416,1268,-24
4,421,1263,-16
4,426,1258,-24
4,429,1251,-79
4,431,1244,-39
4,433,1235,-24
4,436,1225,-39
4,439,1214,-56
4,442,1202,-39
4,445,1189,-48
4,449,1173,-39
4,459,1126,-32
4,467,1081,-8
4,480,1038,-8
4,495,993,-16
4,506,952,-24
4,518,916,0
4,527,888,32
4,534,860,0
4,540,837,32
4,549,818,24
4,555,812,-8
4,557,812,48
4,558,814,32
4,560,818,64
4,562,822,64
4,564,827,32
4,566,833,16
4,568,840,32
4,571,849,48
4,575,860,39
4,594,892,64
4,611,920,32
4,627,946,24
4,638,972,39
4,645,1001,39
4,657,1024,24
4,672,1046,16
4,688,1063,0
4,704,1082,0
4,717,1095,8
4,730,1108,16
4,746,1119,16
4,763,1134,8
4,777,1147,-16
4,783,1160,8
4,782,1171,-48
4,784,1175,8
4,787,1178,8
4,791,1180,-8
4,796,1180,-24
4,801,1181,-8
4,807,1181,-24
4,812,1181,0
4,816,1180,8
4,819,1179,-39
4,820,1178,-32
4,821,1178,8
4,821,1177,-16
4,822,1176,24
4,824,1173,16
4,827,1169,-39
4,830,1166,-32
4,833,1162,16
4,833,1159,-16
4,834,1156,16
4,835,1153,0
4,837,1149,-8
4,839,1145,-16
4,838,1143,16
4,838,1139,-16
4,840,1136,-8
4,842,1130,-32
4,842,1125,-39
4,838,1118,-48
4,829,1112,-39
4,816,1107,-39
4,800,1102,-48
4,745,1090,-39
4,684,1079,-24
4,557,1065,8
4,442,1046,8
4,324,1031,39
4,188,1024,96
4,25,1034,88
4,-139,1042,79
4,-305,1047,88
4,-461,1047,112
4,-615,1046,128
4,-766,1037,128
4,-910,1023,119
4,-1051,1008,119
4,-1149,997,24
4,-1228,1002,48
4,-1299,1019,39
4,-1380,1017,24
4,-1485,989,32
4,-1559,955,0
4,-1619,942,39
4,-1691,954,16
4,-1736,985,0
4,-1760,1025,-24
4,-1774,1043,-64
4,-1775,1082,-24
4,-1758,1093,-64
4,-1736,1084,-72
4,-1701,1074,-96
4,-1656,1054,-128
4,-1561,1016,-144
4,-1470,982,-144
4,-1374,962,-215
4,-1265,943,-96
4,-1147,931,-79
4,-1016,922,-64
4,-880,909,-64
4,-749,892,-72
4,-599,887,0
4,-433,893,39
4,-265,901,79
4,-104,897,96
4,37,912,79
4,176,917,96
4,322,923,96
4,468,922,88
4,596,921,96
4,701,934,24
4,792,935,48
4,870,929,32
4,934,921,16
4,988,913,16
4,1031,912,8
4,1090,912,16
4,1124,910,8
4,1144,918,24
4,1162,940,32
4,1176,980,-8
4,1168,1014,8
4,1162,1049,8
4,1161,1091,0
4,1148,1137,0
4,1124,1184,-24
4,1080,1228,-56
4,1026,1260,-56
4,960,1281,-56
4,898,1276,-88
4,816,1277,-48
4,723,1274,-64
4,631,1253,-32
4,522,1242,-56
4,406,1231,-56
4,310,1211,-16
4,196,1190,24
4,68,1170,72
4,-69,1145,88
4,-221,1127,112
4,-365,1118,96
4,-504,1120,79
4,-661,1116,56
4,-808,1104,64
4,-941,1079,56
4,-1064,1047,56
4,-1155,1033,64
4,-1228,1032,88
4,-1304,1021,24
4,-1369,1038,32
4,-1414,1075,16
4,-1441,1132,24
4,-1465,1173,-16
4,-1488,1179,-32
4,-1502,1166,-39
4,-1500,1146,-72
4,-1492,1129,-96
4,-1477,1114,-128
4,-1467,1109,-128
4,-1452,1102,-136
4,-1393,1083,-96
4,-1322,1064,-79
4,-1169,1039,-64
4,-1007,1026,-48
4,-843,1018,-56
4,-686,1011,-39
4,-532,989,-24
4,-372,972,48
4,-220,957,64
4,-67,945,64
4,82,931,72
4,231,918,72
4,362,908,79
4,470,923,8
4,580,928,79
4,676,929,39
4,760,927,39
4,840,932,48
4,913,937,48
4,967,954,48
4,1010,975,39
4,1039,999,32
4,1057,1040,32
4,1062,1087,39
4,1065,1144,24
4,1067,1210,8
4,1059,1270,-39
4,1039,1319,-39
4,1002,1357,-48
4,954,1388,-48
4,894,1410,-39
4,815,1429,-39
4,723,1443,-48
4,628,1445,-64
4,536,1434,-64
4,467,1398,-56
4,407,1342,-72
4,337,1284,-16
4,216,1247,32
4,80,1217,24
4,-77,1201,96
4,-243,1199,96
4,-379,1183,32
4,-499,1164,88
4,-610,1143,104
4,-735,1129,88
4,-875,1122,88
4,-1018,1136,79
4,-1175,1161,56
4,-1324,1170,24
4,-1439,1131,0
4,-1523,1100,24
4,-1590,1066,-32
4,-1649,1046,-16
4,-1681,1004,-64
4,-1689,969,-56
4,-1674,958,-72
4,-1657,946,-119
4,-1632,946,-96
4,-1597,948,-96
4,-1556,940,-119
4,-1462,938,-119
4,-1355,938,-136
4,-1233,946,-79
4,-1101,941,-64
4,-960,938,-24
4,-812,940,0
4,-657,945,24
4,-492,955,32
4,-334,963,32
4,-180,967,56
4,-18,964,88
4,137,960,88
4,291,956,88
4,428,959,72
4,554,956,39
4,665,951,8
4,761,938,0
4,843,917,-16
4,905,889,-32
4,948,847,-8
4,980,803,-8
4,1021,779,0
4,1049,765,24
4,1071,748,-8
4,1075,717,-48
4,1066,686,-39
4,1042,665,-39
4,1023,660,-32
4,996,660,-32
4,932,671,-48
4,857,686,-56
4,770,704,-39
4,680,722,-24
4,582,744,24
4,474,765,48
4,342,800,88
4,198,846,96
4,53,889,96
4,-102,928,112
4,-270,955,144
4,-442,969,144
4,-609,983,152
4,-768,1000,152
4,-928,1018,152
4,-1066,1036,96
4,-1207,1061,112
4,-1355,1076,88
4,-1477,1082,79
4,-1562,1097,39
4,-1639,1123,24
4,-1708,1151,16
4,-1778,1185,0
4,-1861,1192,48
4,-1921,1209,-16
4,-1948,1202,-16
4,-1971,1160,-72
4,-1966,1124,-48
4,-1949,1086,-119
4,-1938,1069,-24
4,-1944,1130,-32
4,-1946,1152,-56
4,-1925,1169,-88
4,-1912,1167,-88
4,-1896,1157,-96
4,-1841,1117,-112
4,-1738,1032,0
4,-1633,973,-104
4,-1510,938,-128
4,-1379,911,-128
4,-1242,891,-104
4,-1101,879,-79
4,-957,871,-56
4,-806,867,-32
4,-646,867,-16
4,-490,857,-16
4,-342,844,16
4,-184,831,64
4,-22,821,79
4,133,817,79
4,278,820,88
4,403,826,79
4,506,809,72
4,606,805,72
4,704,802,72
4,786,805,32
4,851,817,16
4,896,836,16
4,938,859,16
4,974,873,0
4,992,893,-16
4,998,923,-32
4,993,954,-32
4,974,986,-39
4,941,1014,-56
4,888,1038,-72
4,813,1061,-72
4,720,1081,-56
4,621,1092,-39
4,515,1099,0
4,396,1108,24
4,272,1108,32
4,138,1114,39
4,-2,1119,79
4,-166,1112,88
4,-325,1105,119
4,-494,1092,144
4,-662,1081,144
4,-817,1083,152
4,-956,1099,96
4,-1104,1105,112
4,-1244,1100,96
4,-1353,1109,64
4,-1445,1117,24
4,-1531,1120,16
4,-1615,1135,-8
4,-1670,1165,8
4,-1722,1186,-8
4,-1758,1224,-16
4,-1783,1250,-32
4,-1792,1236,-56
4,-1777,1202,-56
4,-1765,1189,-39
4,-1744,1178,-79
4,-1714,1164,-112
4,-1678,1146,-119
4,-1593,1116,-104
4,-1501,1084,-112
4,-1405,1054,-104
4,-1303,1020,-119
4,-1189,990,-119
4,-1066,968,-96
4,-934,954,-56
4,-793,935,-56
4,-643,930,8
4,-487,908,56
4,-325,905,48
4,-180,901,-32
4,-26,898,56
4,130,897,79
4,284,895,88
4,425,895,79
4,551,884,48
4,668,865,24
4,776,833,0
4,856,812,0
4,939,771,16
4,1018,731,8
4,1082,705,-8
4,1114,676,8
4,1147,625,48
4,1176,568,-32
4,1008,540,96
4,999,595,112
4,986,661,159
4,966,803,159
4,973,941,104
4,965,1079,152
4,950,1214,112
4,941,1351,136
4,933,1485,128
4,931,1608,104
4,932,1724,72
4,924,1830,72
4,918,1924,88
4,910,2035,32
4,879,2154,-39
4,853,2247,16
4,851,2298,-8
4,845,2358,0
4,832,2388,-32
4,807,2393,-48
4,782,2385,-72
4,761,2384,-119
4,736,2376,-72
4,724,2360,-72
4,712,2336,-112
4,696,2312,-96
4,684,2275,-112
4,660,2187,-112
4,637,2094,-104
4,596,2011,-159
4,578,1928,-72
4,582,1829,-88
4,596,1732,-104
4,605,1630,-112
4,606,1523,-112
4,594,1424,-88
4,565,1335,-72
4,529,1260,-64
4,488,1197,-39
4,440,1146,-8
4,383,1106,8
4,320,1081,24
4,244,1069,48
4,178,1057,32
4,89,1056,56
4,20,1051,16
4,-62,1045,56
4,-170,1045,64
4,-298,1048,79
4,-409,1069,24
4,-529,1074,119
4,-652,1080,119
4,-781,1085,88
4,-910,1075,72
4,-1032,1051,48
4,-1129,1042,64
4,-1224,1014,39
4,-1317,1001,32
4,-1379,999,16
4,-1422,1003,32
4,-1468,1015,24
4,-1508,1013,-8
4,-1537,985,-64
4,-1558,970,-24
4,-1554,969,-56
4,-1544,970,-72
4,-1529,976,-56
4,-1521,978,-88
4,-1509,976,-96
4,-1493,975,-128
4,-1470,974,-88
4,-1394,970,-64
4,-1312,969,-48
4,-1144,974,-32
4,-975,981,-8
4,-822,983,-32
4,-657,994,8
4,-481,1007,24
4,-308,1018,48
4,-137,1022,64
4,35,1026,72
4,187,1024,64
4,336,1014,32
4,472,995,16
4,567,962,39
4,669,921,24
4,774,898,8
4,873,849,32
4,948,803,64
4,1014,752,24
4,1079,706,8
4,1130,675,-8
4,1170,640,-16
4,1208,606,-16
4,1232,577,-16
4,609,557,79
4,474,629,64
4,320,693,79
4,165,746,112
4,-1,792,119
4,-153,821,136
4,-311,853,128
4,-463,887,152
4,-611,922,96
4,-760,936,79
4,-899,944,79
4,-1015,956,96
4,-1131,985,39
4,-1241,991,48
4,-1331,1015,24
4,-1423,1066,32
4,-1482,1103,56
4,-1534,1132,24
4,-1575,1140,-48
4,-1595,1153,-16
4,-1597,1156,-39
4,-1582,1153,-56
4,-1577,1152,-56
4,-1569,1151,-88
4,-1558,1152,-96
4,-1543,1149,-128
4,-1524,1143,-112
4,-1501,1133,-144
4,-1423,1110,-56
4,-1339,1086,-104
4,-1157,1060,-32
4,-969,1058,-24
4,-791,1060,-32
4,-616,1063,-16
4,-448,1061,16
4,-289,1054,39
4,-124,1038,72
4,36,1023,64
4,193,1007,56
4,349,987,32
4,485,968,8
4,597,947,8
4,693,922,16
4,778,891,8
4,842,865,8
4,888,844,24
4,926,823,39
4,965,797,8
4,1002,775,24
4,1033,757,0
4,1054,743,-16
4,1069,725,-39
4,1073,709,-56
4,1063,707,-32
4,1050,710,-39
4,1044,712,-64
4,1035,715,-64
4,1022,719,-39
4,1004,726,-8
4,941,751,8
4,876,763,-24
4,739,802,24
4,600,850,16
4,459,895,8
4,315,931,24
4,168,955,48
4,26,966,96
4,-119,976,104
4,-262,993,112
4,-399,1011,96
4,-535,1023,72
4,-662,1030,64
4,-788,1033,64
4,-909,1026,64
4,-1025,1004,56
4,-1115,994,48
4,-1184,990,64
4,-1255,968,8
4,-1324,950,-32
4,-1374,954,8
4,-1405,983,-8
4,-1423,1007,-32
4,-1426,1018,-56
4,-1421,1019,-96
4,-1405,1010,-79
4,-1396,1007,-88
4,-1383,1005,-104
4,-1366,1004,-128
4,-1344,1002,-72
4,-1267,996,-48
4,-1185,989,-72
4,-1013,982,-32
4,-846,977,-32
4,-676,993,8
4,-525,1006,16
4,-360,1025,56
4,-196,1043,79
4,-25,1056,79
4,138,1069,79
4,267,1066,56
4,390,1068,32
4,502,1064,8
4,607,1059,8
4,699,1059,16
4,768,1043,24
4,829,1017,-24
4,878,1010,24
4,920,990,-48
4,955,974,-16
4,981,952,-72
4,978,931,-56
4,961,922,-56
4,932,911,-64
4,894,906,-72
4,854,904,-79
4,766,905,-56
4,670,908,-16
4,561,920,39
4,437,940,56
4,328,949,48
4,201,963,56
4,65,969,64
4,-87,973,88
4,-235,980,104
4,-384,982,112
4,-525,998,96
4,-672,996,96
4,-807,995,56
4,-930,995,72
4,-1043,984,79
4,-1142,989,56
4,-1230,975,32
4,-1320,951,24
4,-1418,941,8
4,-1493,946,16
4,-1534,999,-16
4,-1558,1056,-39
4,-1573,1090,-39
4,-1557,1081,-64
4,-1547,1075,-72
4,-1528,1070,-96
4,-1497,1065,-112
4,-1458,1056,-136
4,-1413,1050,-104
4,-1318,1043,-136
4,-1212,1021,-104
4,-1092,1009,-48
4,-963,1003,-39
4,-832,1008,-39
4,-695,1012,-16
4,-551,1020,16
4,-402,1030,39
4,-251,1037,48
4,-99,1038,56
4,46,1038,48
4,164,1032,24
4,272,1032,32
4,365,1020,48
4,465,992,24
4,557,972,39
4,645,960,32
4,709,966,16
4,757,969,8
4,812,974,8
4,860,983,16
4,896,1000,16
4,923,1012,56
4,947,1026,39
4,969,1038,8
4,990,1058,16
4,1007,1076,48
4,1018,1091,32
4,1040,1107,24
4,1049,1105,8
4,1063,1108,-8
4,1087,1106,16
4,1107,1110,8
4,1128,1131,-8
4,1141,1134,16
4,1146,1141,8
4,1144,1153,24
4,1142,1167,24
4,1140,1184,32
4,1138,1203,48
4,1139,1211,16
4,1147,1215,8
4,1161,1223,16
4,1171,1228,16
4,1177,1234,8
4,1180,1244,16
4,1185,1254,8
4,1189,1263,0
4,1185,1273,0
4,1187,1278,-8
4,1186,1284,8
4,1185,1287,8
4,1184,1291,8
4,1183,1294,-8
4,1183,1297,8
4,1181,1301,0
4,1182,1303,-16
4,1183,1304,-24
4,1181,1306,-24
4,1176,1307,-32
4,1173,1308,-8
4,1173,1311,-48
4,1172,1311,-79
4,1168,1307,-79
4,1161,1302,-79
4,1150,1293,-112
4,1136,1284,-104
4,1117,1277,-72
4,1054,1257,-79
4,984,1237,-79
4,847,1199,-79
4,693,1169,-32
4,535,1146,8
4,393,1115,8
4,260,1099,48
4,128,1080,72
4,-17,1067,56
4,-159,1052,88
4,-304,1042,104
4,-441,1027,112
4,-567,1017,119
4,-693,1029,96
4,-815,1038,119
4,-937,1043,64
4,-1041,1026,39
4,-1160,1009,0
4,-1287,1009,32
4,-1376,1008,39
4,-1468,981,0
4,-1544,980,16
4,-1630,957,16
4,-1703,944,88
4,-1754,993,-8
4,-1784,1025,-24
4,-1781,1031,-48
4,-1772,1016,-79
4,-1756,1015,-64
4,-1737,1015,-64
4,-1729,1015,-72
4,-1716,1016,-119
4,-1697,1014,-144
4,-1676,1011,-128
4,-1606,1004,-104
4,-1527,995,-79
4,-1362,985,-56
4,-1207,972,-64
4,-1054,967,-56
4,-901,966,-39
4,-739,976,-16
4,-579,983,0
4,-416,989,32
4,-255,992,48
4,-116,973,56
4,25,963,48
4,164,955,39
4,278,938,16
4,370,918,16
4,447,894,16
4,521,870,32
4,593,840,24
4,668,817,16
4,739,798,39
4,812,784,64
4,882,770,16
4,942,754,-8
4,993,731,-39
4,1036,728,39
4,1045,723,-39
4,1019,714,-39
4,1000,712,-48
4,992,713,-56
4,980,717,-48
4,965,720,-56
4,946,722,-56
4,887,725,-39
4,815,736,16
4,669,757,16
4,515,786,64
4,357,814,72
4,198,830,56
4,45,847,88
4,-93,855,104
4,-230,867,136
4,-372,887,112
4,-531,894,128
4,-696,899,136
4,-847,923,152
4,-977,956,64
4,-1104,978,56
4,-1201,991,24
4,-1305,986,48
4,-1390,986,39
4,-1482,966,0
4,-1564,963,0
4,-1609,976,32
4,-1656,1002,0
4,-1727,1032,0
4,-1802,1091,-8
4,-1884,1217,-16
4,-1958,1333,-32
4,-1944,1304,-56
4,-1899,1250,-79
4,-1865,1225,-88
4,-1850,1213,-119
4,-1798,1181,-104
4,-1737,1152,-96
4,-1603,1103,-104
4,-1476,1074,-136
4,-1335,1048,-88
4,-1193,1034,-48
4,-1047,1030,-24
4,-911,1021,-48
4,-768,1020,0
4,-629,1017,-24
4,-492,1019,0
4,-336,1023,39
4,-173,1026,56
4,-31,1020,48
4,123,1019,64
4,261,1030,96
4,394,1038,48
4,506,1038,32
4,592,1039,48
4,662,1053,56
4,726,1055,24
4,785,1054,32
4,839,1040,-24
4,882,1018,-56
4,907,993,-64
4,905,965,-72
4,882,938,-64
4,871,924,-72
4,852,916,-48
4,821,912,-39
4,747,912,-24
4,662,918,-16
4,580,924,-32
4,499,921,-24
4,413,912,-8
4,305,912,39
4,173,916,88
4,22,920,112
4,-134,927,128
4,-268,956,144
4,-410,972,112
4,-570,971,96
4,-721,964,104
4,-865,969,119
4,-1007,954,112
4,-1140,955,88
4,-1259,972,96
4,-1369,991,64
4,-1455,1016,48
4,-1519,1038,39
4,-1560,1058,24
4,-1588,1084,24
4,-1617,1094,-56
4,-1648,1123,-32
4,-1670,1172,-24
4,-1684,1217,-72
4,-1684,1237,-128
4,-1620,1179,-112
4,-1583,1159,-96
4,-1534,1136,-104
4,-1438,1090,-136
4,-1320,1044,-112
4,-1190,1014,-72
4,-1050,999,-16
4,-905,1001,8
4,-772,1004,-16
4,-644,1003,8
4,-519,1003,-8
4,-374,1010,39
4,-210,1025,56
4,-57,1034,64
4,77,1041,79
4,220,1050,79
4,345,1079,96
4,455,1093,56
4,555,1127,56
4,631,1140,16
4,717,1134,-16
4,776,1115,-8
4,829,1081,-39
4,879,1037,-39
4,923,1008,0
4,957,980,16
4,991,972,39
4,1020,958,-16
4,1032,921,-56
4,1028,878,-64
4,1000,840,-64
4,954,820,-64
4,895,806,-56
4,825,800,-56
4,748,800,-48
4,663,799,-39
4,570,801,-24
4,464,810,32
4,358,821,39
4,239,838,72
4,114,860,96
4,-6,883,88
4,-129,895,79
4,-252,896,88
4,-389,897,104
4,-529,901,112
4,-672,904,104
4,-805,910,104
4,-933,915,119
4,-1048,924,88
4,-1139,952,32
4,-1219,978,16
4,-1281,977,16
4,-1350,956,-8
4,-1416,927,-8
4,-1457,921,-8
4,-1522,924,8
4,-1602,910,-8
4,-1690,841,8
4,-992,834,-32
4,-869,849,0
4,-751,873,0
4,-617,902,24
4,-474,929,39
4,-342,948,39
4,-215,966,56
4,-82,988,88
4,45,1005,72
4,170,1033,72
4,295,1069,104
4,415,1107,72
4,532,1138,39
4,648,1161,24
4,732,1170,8
4,772,1159,8
4,803,1146,8
4,836,1134,16
4,888,1117,-8
4,967,1087,-24
4,1031,1053,8
4,1072,1039,24
4,1099,1032,-8
4,1111,1040,24
4,1121,1034,-39
4,1128,1020,-56
4,1123,996,-79
4,1108,972,-79
4,1088,950,-79
4,1052,934,-64
4,1003,922,-56
4,891,903,-56
4,777,897,-39
4,654,905,8
4,528,919,39
4,403,933,56
4,264,952,88
4,137,961,64
4,-4,972,88
4,-148,984,88
4,-301,985,104
4,-433,992,104
4,-553,1000,119
4,-677,1005,128
4,-807,1004,119
4,-951,984,96
4,-1083,979,48
4,-1195,1005,24
4,-1277,1027,24
4,-1336,1046,32
4,-1382,1055,39
4,-1436,1050,-8
4,-1479,1063,64
4,-1533,1059,0
4,-1597,1053,-8
4,-1664,1021,0
4,-1720,998,0
4,-1772,998,-56
4,-1803,988,0
4,-1806,974,-96
4,-1738,958,-79
4,-1687,955,-72
4,-1573,955,-79
4,-1461,960,-88
4,-1361,970,0
4,-1241,969,-88
4,-1115,973,-56
4,-984,982,-32
4,-863,981,-48
4,-735,985,-16
4,-590,1000,-16
4,-439,1015,-8
4,-267,1026,8
4,-124,1023,39
4,23,1008,48
4,166,991,48
4,281,977,64
4,401,957,39
4,505,932,24
4,573,904,16
4,624,878,16
4,683,844,16
4,751,806,24
4,807,767,-8
4,861,730,-16
4,925,704,39
4,975,673,-24
4,1026,651,8
4,1072,622,-39
4,1091,599,-16
4,1083,583,-8
4,1072,585,0
4,1057,595,8
4,1052,598,-16
4,1045,604,0
4,1034,613,-8
4,1022,623,-16
4,1010,634,8
4,994,646,-8
4,943,687,0
4,885,722,-8
4,769,796,8
4,652,853,-8
4,536,904,8
4,426,939,16
4,307,976,8
4,167,1010,24
4,17,1040,56
4,-112,1082,32
4,-245,1104,104
4,-385,1100,104
4,-520,1092,88
4,-655,1077,88
4,-792,1072,79
4,-911,1083,72
4,-1011,1100,64
4,-1104,1100,48
4,-1209,1087,64
4,-1298,1094,56
4,-1371,1125,56
4,-1432,1167,48
4,-1474,1209,32
4,-1517,1237,32
4,-1563,1274,0
4,-1591,1304,48
4,-1629,1328,32
4,-1664,1349,8
4,-1692,1360,-39
4,-1706,1364,-48
4,-1717,1382,-8
4,-1717,1384,-56
4,-1709,1379,-48
4,-1698,1378,-112
4,-1691,1375,-64
4,-1684,1369,-79
4,-1672,1361,-96
4,-1656,1354,-119
4,-1636,1345,-136
4,-1562,1320,-144
4,-1484,1290,-144
4,-1327,1228,-136
4,-1173,1174,-112
4,-1019,1129,-64
4,-861,1097,0
4,-724,1056,-79
4,-583,1035,32
4,-419,1028,48
4,-281,1009,-8
4,-146,993,32
4,-9,977,48
4,139,962,64
4,281,963,48
4,415,969,56
4,543,984,88
4,639,990,56
4,713,989,24
4,776,972,16
4,827,947,8
4,869,945,8
4,902,922,-64
4,915,884,-64
4,910,851,-64
4,902,844,-32
4,895,841,-72
4,873,840,-48
4,833,841,-39
4,781,845,-32
4,665,853,-24
4,545,864,0
4,435,871,8
4,327,876,39
4,218,895,56
4,86,913,88
4,-72,929,79
4,-219,940,72
4,-365,950,79
4,-511,944,88
4,-639,941,79
4,-778,921,79
4,-909,918,88
4,-1038,888,79
4,-1164,862,48
4,-1287,854,8
4,-1385,836,-16
4,-1456,834,24
4,-1487,890,8
4,-1496,933,-16
4,-1487,963,-39
4,-1479,964,-64
4,-1462,964,-72
4,-1454,963,-88
4,-1440,961,-104
4,-1387,953,0
4,-1327,946,-72
4,-1198,938,-56
4,-1069,940,-39
4,-941,951,-16
4,-807,968,-8
4,-664,991,-16
4,-537,992,-72
4,-390,999,39
4,-238,1002,56
4,-85,997,79
4,46,1011,64
4,175,1020,72
4,282,1047,39
4,392,1070,79
4,492,1091,39
4,594,1104,48
4,689,1122,48
4,775,1137,56
4,845,1164,56
4,902,1197,48
4,952,1244,39
4,975,1291,8
4,982,1342,-24
4,979,1377,-32
4,961,1400,-39
4,931,1410,-39
4,901,1414,-32
4,883,1417,-24
4,843,1429,-32
4,795,1433,-39
4,732,1436,-64
4,667,1428,-48
4,600,1414,-64
4,545,1396,-56
4,471,1373,-72
4,396,1343,-48
4,335,1305,-32
4,285,1270,-39
4,246,1234,-32
4,214,1199,-24
4,206,1169,-16
4,199,1133,-39
4,213,1102,-16
4,242,1078,8
4,286,1059,39
4,335,1044,56
4,389,1033,56
4,445,1021,64
4,495,1013,79
4,553,1015,88
4,620,1031,88
4,684,1054,72
4,751,1080,79
4,820,1109,88
4,874,1145,72
4,917,1183,64
4,962,1216,48
4,988,1259,39
4,1012,1312,39
4,1021,1369,16
4,1023,1412,-8
4,1011,1431,16
4,993,1444,-16
4,978,1446,-32
4,959,1456,-32
4,934,1472,-24
4,866,1515,-39
4,807,1536,-8
4,744,1546,-64
4,679,1550,-56
4,623,1547,-48
4,566,1533,-79
4,516,1504,-72
4,457,1478,-39
4,389,1453,-79
4,317,1426,-72
4,246,1394,-88
4,205,1359,-39
4,170,1319,-79
4,148,1265,-79
4,133,1211,-72
4,116,1163,-8
4,114,1110,-32
4,127,1055,-8
4,152,1011,16
4,183,971,16
4,226,936,32
4,277,901,48
4,332,881,64
4,397,873,79
4,465,873,96
4,538,879,96
4,603,899,104
4,674,923,96
4,741,947,79
4,797,980,72
4,846,1015,72
4,888,1050,39
4,924,1097,39
4,948,1134,32
4,960,1170,56
4,965,1211,16
4,962,1254,-8
4,950,1296,0
4,923,1337,8
4,892,1372,-24
4,865,1396,-39
4,854,1401,16
4,825,1411,-16
4,772,1432,-56
4,711,1449,-56
4,640,1452,-39
4,563,1454,-56
4,499,1455,-56
4,429,1444,-79
4,360,1424,-79
4,304,1403,-64
4,276,1376,-72
4,246,1348,-64
4,220,1317,-39
4,182,1278,-56
4,149,1225,-39
4,110,1173,-72
4,78,1121,-39
4,75,1075,16
4,84,1035,-8
4,122,1006,39
4,180,986,56
4,236,974,39
4,306,972,79
4,386,971,96
4,452,990,64
4,497,1026,32
4,552,1062,64
4,609,1097,72
4,652,1128,64
4,693,1149,8
4,734,1160,0
4,768,1163,24
4,789,1180,0
4,798,1206,-8
4,783,1235,-8
4,772,1254,-24
4,745,1287,-39
4,716,1303,-79
4,694,1306,-96
4,640,1300,-88
4,587,1271,-96
4,512,1245,-48
4,417,1226,-24
4,331,1197,-32
4,242,1167,-8
4,153,1141,0
4,52,1118,32
4,-51,1089,72
4,-180,1066,88
4,-314,1055,104
4,-453,1070,104
4,-599,1072,112
4,-746,1063,88
4,-882,1056,72
4,-1004,1044,72
4,-1103,1051,72
4,-1193,1045,48
4,-1292,1042,39
4,-1366,1030,32
4,-1436,991,-8
4,-1497,946,-39
4,-1542,915,-24
4,-1546,948,8
4,-1541,979,-72
4,-1529,993,-88
4,-1505,1006,-88
4,-1471,1009,-104
4,-1430,1004,-136
4,-1384,996,-136
4,-1290,967,-119
4,-1182,939,-79
4,-1064,920,-48
4,-940,910,-32
4,-816,895,-39
4,-695,884,-32
4,-573,876,-8
4,-441,873,32
4,-286,879,56
4,-130,889,72
4,25,896,64
4,172,898,48
4,288,896,39
4,383,889,48
4,470,873,32
4,556,853,8
4,645,828,0
4,718,804,-16
4,764,774,-39
4,798,755,-48
4,828,761,-24
4,842,792,-8
4,834,813,-32
4,818,817,-48
4,796,818,-64
4,763,819,-48
4,719,821,-16
4,617,831,16
4,514,836,16
4,394,858,79
4,260,894,79
4,117,930,79
4,-21,960,88
4,-174,981,104
4,-331,990,112
4,-479,995,128
4,-618,1009,136
4,-762,1024,104
4,-895,1051,79
4,-1035,1061,79
4,-1165,1060,79
4,-1274,1067,56
4,-1383,1052,56
4,-1471,1049,32
4,-1525,1055,48
4,-1565,1067,8
4,-1601,1101,8
4,-1619,1140,39
4,-1634,1177,-16
4,-1641,1191,-32
4,-1644,1173,-64
4,-1642,1157,-79
4,-1638,1149,-119
4,-1629,1142,-119
4,-1620,1135,0
4,-1604,1128,-128
4,-1584,1122,-112
4,-1513,1105,-88
4,-1434,1090,-64
4,-1278,1064,-64
4,-1125,1050,-56
4,-960,1048,-24
4,-797,1051,8
4,-635,1050,24
4,-468,1063,64
4,-301,1073,79
4,-135,1088,64
4,18,1097,48
4,148,1096,32
4,276,1095,39
4,404,1104,24
4,511,1104,32
4,613,1093,24
4,692,1073,0
4,756,1050,-8
4,806,1024,-8
4,854,992,-39
4,895,961,-39
4,930,939,-16
4,964,920,-16
4,988,909,-24
4,1004,888,-79
4,1007,854,-88
4,982,825,-56
4,944,805,-56
4,897,793,-64
4,847,789,-64
4,781,784,-56
4,701,784,-32
4,622,793,-8
4,537,794,-16
4,440,805,32
4,329,833,39
4,202,866,48
4,71,894,56
4,-60,915,72
4,-177,924,152
4,-307,935,112
4,-435,943,128
4,-560,950,128
4,-679,970,96
4,-809,983,96
4,-937,1019,79
4,-1060,1039,79
4,-1177,1053,72
4,-1297,1074,39
4,-1422,1079,48
4,-1541,1061,32
4,-1631,1046,79
4,-1663,1064,79
4,-1682,1094,24
4,-1702,1114,16
4,-1714,1154,8
4,-1725,1177,-39
4,-1736,1157,-39
4,-1741,1147,-48
4,-1736,1144,-64
4,-1726,1128,-79
4,-1707,1115,-88
4,-1697,1111,-112
4,-1684,1104,-96
4,-1635,1085,-88
4,-1586,1065,0
4,-1476,1033,-79
4,-1352,1013,-56
4,-1234,999,-48
4,-1115,995,-56
4,-993,996,-48
4,-870,1003,-32
4,-750,1006,-16
4,-622,1006,8
4,-498,1022,32
4,-367,1056,64
4,-230,1092,56
4,-102,1120,48
4,17,1145,56
4,132,1169,56
4,252,1180,56
4,349,1189,56
4,428,1198,72
4,497,1210,39
4,559,1229,24
4,627,1245,8
4,688,1275,39
4,730,1290,24
4,780,1286,8
4,829,1299,32
4,879,1314,-24
4,926,1345,-16
4,965,1359,-16
4,987,1346,-32
4,1009,1336,-8
4,1027,1308,-16
4,1039,1271,-48
4,1051,1229,-48
4,1057,1190,-32
4,1041,1160,-39
4,1029,1127,-79
4,1014,1086,-79
4,986,1051,-64
4,953,1011,-72
4,914,974,-72
4,868,939,-56
4,823,915,-39
4,773,891,-48
4,713,870,-64
4,633,866,-32
4,538,874,0
4,438,877,16
4,337,877,32
4,224,888,64
4,97,909,64
4,-33,929,64
4,-169,949,72
4,-300,969,96
4,-419,988,96
4,-544,991,128
4,-663,996,119
4,-788,1005,112
4,-904,1018,88
4,-1024,1010,79
4,-1139,1007,0
4,-1253,1003,0
4,-1352,1010,56
4,-1444,1038,39
4,-1502,1059,72
4,-1555,1056,-8
4,-1613,1067,-8
4,-1666,1078,-24
4,-1693,1083,0
4,-1708,1090,-24
4,-1707,1089,-39
4,-1697,1091,-64
4,-1691,1090,-104
4,-1682,1087,-119
4,-1671,1081,-104
4,-1655,1074,-104
4,-1636,1067,-136
4,-1613,1059,-96
4,-1540,1048,-64
4,-1459,1038,-88
4,-1299,1017,-79
4,-1144,1001,-72
4,-989,990,-48
4,-824,994,16
4,-666,1000,8
4,-503,1016,48
4,-338,1032,32
4,-194,1035,8
4,-47,1029,24
4,95,1019,32
4,223,1003,48
4,329,984,24
4,424,975,72
4,524,971,8
4,617,962,16
4,697,947,24
4,764,938,24
4,821,947,48
4,871,938,-16
4,902,908,-24
4,934,869,-32
4,974,833,-56
4,993,804,-39
4,978,794,-48
4,960,796,-56
4,938,800,-64
4,907,807,-56
4,866,814,-56
4,823,821,-56
4,720,835,-8
4,605,854,39
4,476,881,64
4,342,902,72
4,204,927,72
4,50,945,79
4,-112,956,96
4,-267,974,112
4,-428,980,136
4,-574,999,119
4,-706,1042,144
4,-824,1077,88
4,-947,1096,72
4,-1074,1102,79
4,-1183,1110,64
4,-1263,1119,16
4,-1350,1115,32
4,-1429,1115,0
4,-1497,1128,8
4,-1568,1140,-16
4,-1630,1174,-24
4,-1674,1189,-32
4,-1675,1197,-32
4,-1668,1194,-48
4,-1656,1187,-72
4,-1648,1185,-79
4,-1633,1184,-64
4,-1616,1183,-104
4,-1596,1179,-96
4,-1572,1177,-112
4,-1499,1164,-79
4,-1425,1149,-88
4,-1266,1132,-56
4,-1105,1126,-56
4,-936,1144,8
4,-753,1171,39
4,-571,1202,48
4,-392,1231,24
4,-241,1236,48
4,-110,1224,56
4,24,1213,64
4,171,1208,24
4,326,1202,48
4,451,1188,56
4,551,1174,48
4,627,1161,16
4,704,1138,-24
4,775,1120,8
4,835,1116,8
4,883,1105,0
4,927,1100,32
4,968,1089,8
4,998,1063,-48
4,1021,1025,-79
4,1016,984,-39
4,1006,971,-32
4,987,967,-56
4,958,963,-64
4,923,958,-72
4,832,947,-64
4,736,943,-32
4,650,930,-56
4,549,934,39
4,433,956,48
4,303,983,56
4,169,1009,56
4,36,1029,56
4,-104,1044,72
4,-245,1057,96
4,-386,1060,104
4,-527,1054,119
4,-671,1049,104
4,-799,1057,96
4,-924,1055,64
4,-1038,1044,56
4,-1135,1028,48
4,-1232,993,32
4,-1328,967,24
4,-1393,945,32
4,-1437,955,48
4,-1477,988,16
4,-1513,1005,-48
4,-1542,983,-64
4,-1560,974,-32
4,-1550,985,-48
4,-1541,995,-48
4,-1534,996,-96
4,-1523,996,-112
4,-1507,994,-96
4,-1487,992,-79
4,-1463,990,-119
4,-1384,988,-39
4,-1301,984,-64
4,-1122,997,-24
4,-960,1013,-16
4,-812,1023,0
4,-680,1036,8
4,-534,1056,64
4,-375,1087,79
4,-218,1126,96
4,-64,1165,88
4,89,1206,88
4,210,1233,48
4,320,1245,48
4,429,1262,48
4,513,1279,72
4,592,1300,79
4,679,1316,0
4,756,1333,-8
4,821,1353,8
4,876,1363,0
4,918,1368,8
4,954,1372,24
4,986,1382,24
4,1022,1387,-16
4,1040,1386,8
4,1046,1384,8
4,1049,1379,8
4,1052,1378,0
4,1057,1380,16
4,1061,1383,-24
4,1065,1383,-32
4,1070,1381,-8
4,1073,1378,-16
4,1076,1376,-16
4,1079,1370,-8
4,1079,1369,-8
4,1081,1368,-16
4,1084,1366,8
4,1088,1365,-8
4,1091,1364,16
4,1094,1362,0
4,1099,1359,-8
4,1101,1357,-16
4,1101,1358,-8
4,1102,1359,-24
4,1103,1358,16
4,1106,1356,0
4,1108,1355,8
4,1110,1354,-8
4,1113,1349,0
4,1114,1346,-16
4,1117,1345,0
4,1120,1345,16
4,1122,1345,8
4,1122,1347,0
4,1122,1347,0
4,1122,1348,8
4,1122,1351,24
4,1121,1351,-8
4,1121,1353,-8
4,1121,1356,-8
4,1122,1358,-8
4,1122,1360,16
4,1120,1363,24
4,1120,1365,8
4,1118,1368,-32
4,1115,1371,-32
4,1112,1372,-16
4,1111,1370,-8
4,1108,1370,16
4,1105,1372,8
4,1103,1372,16
4,1103,1372,-16
4,1103,1372,-8
4,1105,1373,8
4,1103,1374,16
4,1100,1375,0
4,1097,1376,16
4,1095,1374,-32
4,1093,1372,-32
4,1090,1369,-16
4,1087,1363,-56
4,1082,1357,-64
4,1074,1350,-64
4,1065,1344,-48
4,1050,1339,-79
4,1005,1314,-88
4,952,1290,-56
4,843,1254,-48
4,743,1218,-72
4,633,1181,-64
4,528,1144,-64
4,405,1114,-8
4,276,1085,16
4,144,1056,48
4,5,1029,48
4,-135,1002,56
4,-272,977,72
4,-404,962,96
4,-528,948,104
4,-641,933,104
4,-762,917,112
4,-883,913,88
4,-987,938,56
4,-1089,947,48
4,-1166,952,79
4,-1256,956,0
4,-1319,955,32
4,-1393,971,0
4,-1464,975,0
4,-1526,945,-24
4,-1585,928,-8
4,-1609,914,-39
4,-1610,911,-32
4,-1602,915,-48
4,-1594,923,-72
4,-1579,927,-79
4,-1570,931,-88
4,-1557,934,-96
4,-1540,937,-72
4,-1520,940,-72
4,-1499,940,-64
4,-1474,942,-64
4,-1392,948,-64
4,-1303,955,-64
4,-1128,971,-48
4,-960,986,-24
4,-803,991,-16
4,-650,1004,39
4,-502,1020,56
4,-350,1047,48
4,-199,1076,39
4,-56,1105,48
4,75,1124,56
4,190,1159,39
4,288,1207,72
4,385,1237,48
4,475,1247,32
4,558,1243,16
4,634,1238,16
4,695,1236,24
4,729,1236,24
4,766,1233,16
4,790,1234,24
4,809,1238,8
4,818,1241,24
4,828,1241,8
4,837,1242,32
4,846,1244,24
4,861,1248,-8
4,872,1254,-8
4,873,1258,8
4,882,1268,0
4,893,1277,24
4,905,1287,32
4,914,1298,8
4,928,1301,8
4,941,1307,0
4,948,1312,16
4,957,1319,8
4,963,1328,16
4,968,1341,0
4,976,1345,8
4,981,1348,-24
4,982,1346,-8
4,982,1346,-8
4,982,1347,-8
4,982,1349,8
4,982,1353,-16
4,982,1357,-8
4,985,1358,0
4,986,1359,-16
4,987,1360,16
4,990,1361,8
4,991,1362,-16
4,993,1361,-24
4,994,1360,-8
4,994,1361,16
4,995,1362,-8
4,995,1365,16
4,995,1366,-8
4,995,1368,-16
4,992,1370,-32
4,990,1372,16
4,988,1373,8
4,988,1374,-16
4,988,1376,-24
4,987,1377,-16
4,988,1378,0
4,985,1379,24
4,984,1380,8
4,983,1379,0
4,980,1379,-8
4,977,1381,32
4,974,1382,32
4,970,1385,24
4,967,1388,8
4,964,1391,-16
4,962,1394,-16
4,960,1397,0
4,959,1401,16
4,961,1402,24
4,964,1402,8
4,967,1401,8
4,971,1402,32
4,973,1402,39
4,979,1404,16
4,985,1405,8
4,991,1408,39
4,997,1411,24
4,1002,1415,32
4,1008,1418,24
4,1014,1420,0
4,1020,1421,8
4,1026,1422,16
4,1032,1425,0
4,1040,1429,16
4,1045,1434,-8
4,1050,1436,-16
4,1054,1436,-48
4,1057,1432,-56
4,1059,1428,-56
4,1059,1422,-56
4,1058,1416,-88
4,1054,1408,-64
4,1048,1399,-104
4,1037,1391,-88
4,1020,1383,-64
4,965,1352,-88
4,897,1329,-39
4,752,1293,-32
4,606,1263,-32
4,486,1222,-32
4,360,1182,8
4,216,1147,48
4,55,1124,79
4,-101,1101,96
4,-243,1087,79
4,-396,1073,88
4,-542,1054,79
4,-686,1050,104
4,-818,1057,88
4,-934,1069,88
4,-1039,1082,79
4,-1137,1072,72
4,-1234,1051,39
4,-1302,1037,32
4,-1348,1041,64
4,-1398,1052,64
4,-1451,1088,39
4,-1493,1122,24
4,-1529,1129,-16
4,-1553,1111,-64
4,-1560,1076,-56
4,-1557,1067,-56
4,-1545,1060,-72
4,-1519,1053,-96
4,-1488,1050,-119
4,-1450,1044,-96
4,-1401,1037,-72
4,-1295,1026,-48
4,-1186,1023,-48
4,-1078,1037,-39
4,-961,1051,-32
4,-847,1056,-39
4,-723,1065,-8
4,-585,1082,32
4,-431,1110,56
4,-280,1138,72
4,-132,1166,56
4,9,1182,39
4,150,1194,39
4,282,1192,39
4,397,1191,39
4,500,1177,48
4,598,1164,39
4,670,1146,0
4,704,1128,0
4,745,1109,-16
4,806,1084,-24
4,869,1060,-32
4,927,1039,8
4,978,1023,32
4,1022,1007,-8
4,1050,983,-48
4,1071,950,-64
4,1066,919,-56
4,1038,889,-64
4,998,859,-79
4,956,833,-79
4,904,815,-79
4,843,799,-72
4,771,791,-32
4,696,777,-48
4,605,781,16
4,520,783,-8
4,415,802,32
4,308,814,32
4,192,834,88
4,69,855,96
4,-76,878,112
4,-228,907,136
4,-376,930,104
4,-524,941,104
4,-670,946,104
4,-797,957,112
4,-918,991,56
4,-1022,1027,112
4,-1120,1060,112
4,-1215,1068,39
4,-1325,1047,48
4,-1414,1027,56
4,-1475,1034,72
4,-1551,1034,8
4,-1605,1037,8
4,-1644,1062,8
4,-1690,1101,-24
4,-1716,1136,-32
4,-1721,1143,-48
4,-1708,1140,-56
4,-1703,1133,-88
4,-1696,1126,-112
4,-1683,1120,-144
4,-1667,1114,-119
4,-1646,1109,-136
4,-1621,1102,-96
4,-1546,1079,-88
4,-1463,1061,-64
4,-1291,1039,-56
4,-1123,1028,-48
4,-960,1020,-32
4,-789,1025,16
4,-633,1029,0
4,-464,1045,64
4,-291,1070,79
4,-126,1090,64
4,30,1108,56
4,178,1123,39
4,306,1128,32
4,421,1130,48
4,527,1128,39
4,608,1127,56
4,675,1127,72
4,737,1116,24
4,808,1118,0
4,854,1130,8
4,886,1147,-8
4,908,1153,-32
4,918,1151,-56
4,914,1143,-79
4,897,1128,-72
4,891,1125,-96
4,879,1120,-72
4,862,1115,-72
4,842,1110,-72
4,773,1095,-32
4,695,1083,8
4,531,1053,48
4,348,1027,64
4,173,1010,72
4,3,995,79
4,-154,986,112
4,-318,979,128
4,-471,978,128
4,-627,976,136
4,-769,987,128
4,-908,1004,112
4,-1049,1048,48
4,-1173,1079,48
4,-1257,1085,48
4,-1351,1072,24
4,-1447,1077,24
4,-1541,1119,16
4,-1605,1141,24
4,-1648,1149,-24
4,-1677,1156,-8
4,-1695,1142,-39
4,-1696,1119,-72
4,-1688,1103,-119
4,-1667,1086,-96
4,-1638,1071,-88
4,-1602,1059,-104
4,-1559,1052,-104
4,-1503,1047,-104
4,-1383,1036,-96
4,-1258,1026,-64
4,-1130,1021,-32
4,-1002,1026,-24
4,-871,1042,-16
4,-722,1065,-16
4,-583,1078,8
4,-442,1088,48
4,-293,1098,56
4,-146,1108,64
4,0,1119,56
4,139,1126,32
4,261,1126,8
4,353,1118,16
4,449,1103,8
4,532,1080,24
4,616,1056,8
4,694,1036,48
4,762,1034,39
4,819,1031,-8
4,861,1017,-16
4,887,1004,-24
4,913,985,-48
4,929,967,-72
4,921,954,-48
4,905,950,-39
4,880,946,-48
4,852,940,-88
4,821,931,-64
4,781,932,-32
4,691,940,-24
4,591,953,-24
4,481,966,-16
4,369,975,8
4,255,978,48
4,125,984,88
4,-2,987,88
4,-149,987,96
4,-286,993,79
4,-420,1003,79
4,-541,999,88
4,-664,992,79
4,-779,986,88
4,-890,984,88
4,-1003,983,88
4,-1105,1005,104
4,-1203,1008,64
4,-1283,1007,24
4,-1355,1006,24
4,-1402,1008,32
4,-1443,1018,32
4,-1487,1023,16
4,-1552,1032,-8
4,-1602,1061,8
4,-1632,1075,-16
4,-1649,1088,-24
4,-1644,1084,-48
4,-1638,1063,-88
4,-1625,1041,-104
4,-1618,1034,-96
4,-1607,1027,-88
4,-1572,1010,-104
4,-1524,1000,-104
4,-1466,997,-96
4,-1336,986,-64
4,-1203,973,-104
4,-1073,978,-24
4,-943,978,-24
4,-815,997,8
4,-670,1022,8
4,-517,1047,16
4,-361,1069,48
4,-234,1084,32
4,-94,1102,79
4,45,1127,79
4,185,1149,64
4,289,1168,24
4,386,1180,16
4,460,1187,48
4,535,1190,32
4,606,1186,24
4,680,1174,8
4,737,1177,48
4,804,1179,8
4,856,1173,-16
4,893,1166,-16
4,908,1142,-56
4,894,1113,-48
4,879,1100,-48
4,851,1087,-56
4,814,1075,-64
4,731,1056,-72
4,651,1043,-56
4,558,1036,-8
4,470,1017,-39
4,363,1012,48
4,236,1021,56
4,93,1027,56
4,-47,1033,72
4,-187,1040,88
4,-330,1044,96
4,-479,1038,112
4,-628,1023,119
4,-788,996,112
4,-930,988,96
4,-1041,974,32
4,-1144,946,32
4,-1224,933,56
4,-1311,935,24
4,-1382,930,8
4,-1442,922,8
4,-1496,938,16
4,-1572,972,0
4,-1641,985,0
4,-1692,995,0
4,-1725,996,0
4,-1734,1010,-8
4,-1716,1011,-88
4,-1689,1008,-96
4,-1673,1004,-96
4,-1653,1000,-112
4,-1583,986,-88
4,-1436,959,-72
4,-1305,934,-104
4,-1173,924,-24
4,-1053,931,-16
4,-930,948,0
4,-803,972,8
4,-690,993,8
4,-560,1023,48
4,-423,1055,72
4,-282,1098,88
4,-122,1135,88
4,13,1177,72
4,130,1219,48
4,232,1255,32
4,329,1277,32
4,422,1300,39
4,518,1313,32
4,595,1321,24
4,674,1327,16
4,735,1315,-24
4,779,1305,-8
4,805,1306,-16
4,824,1300,-24
4,844,1284,-32
4,855,1278,-8
4,872,1265,-39
4,893,1238,-39
4,910,1214,-39
4,909,1207,-24
4,909,1199,-39
4,910,1186,-48
4,901,1175,-32
4,893,1165,-32
4,882,1153,-8
4,870,1138,-8
4,860,1120,-24
4,853,1098,-32
4,846,1081,-16
4,840,1066,0
4,833,1058,0
4,833,1052,24
4,837,1047,16
4,837,1043,-8
4,833,1037,0
4,810,1022,-24
4,776,1011,-48
4,749,1002,24
4,734,985,-24
4,744,967,-16
4,758,943,16
4,771,927,0
4,774,916,16
4,773,906,8
4,780,896,-8
4,782,887,-8
4,782,882,0
4,782,876,0
4,780,861,0
4,782,855,0
4,783,847,8
4,786,846,-8
4,788,843,8
4,790,839,8
4,793,834,8
4,794,831,16
4,798,830,-8
4,804,830,0
4,808,829,8
4,812,828,0
4,812,828,16
4,815,828,0
4,819,829,0
4,823,830,-16
4,825,829,0
4,829,828,8
4,835,826,24
4,840,826,8
4,844,827,8
4,848,828,8
4,854,833,-8
4,860,835,-8
4,866,837,8
4,869,838,0
4,870,838,-8
4,870,836,-8
4,871,836,-8
4,875,837,16
4,880,838,8
4,883,839,8
4,887,839,0
4,891,839,-8
4,895,840,0
4,897,841,16
4,901,841,24
4,904,845,-8
4,908,847,-8
4,914,845,0
4,919,844,0
4,920,842,16
4,920,841,0
4,920,842,8
4,916,844,0
4,913,846,-8
4,913,848,-16
4,914,848,-8
4,918,848,16
4,923,848,-8
4,926,848,-8
4,927,848,-8
4,930,848,8
4,934,847,0
4,939,845,24
4,944,843,-16
4,948,842,-16
4,952,841,8
4,952,841,0
4,948,840,-8
4,944,841,0
4,943,844,-39
4,944,845,0
4,948,844,0
4,952,844,8
4,954,842,16
4,955,841,8
4,954,844,8
4,953,848,8
4,951,852,16
4,951,855,16
4,949,858,8
4,949,863,8
4,950,868,8
4,953,871,0
4,957,872,8
4,960,874,8
4,960,872,0
4,958,873,8
4,958,874,-8
4,961,874,-8
4,965,873,-8
4,967,874,-16
4,971,878,0
4,976,880,-24
4,976,882,-8
4,973,884,-8
4,969,890,0
4,967,892,8
4,965,895,8
4,963,898,0
4,962,901,0
4,960,900,0
4,960,900,8
4,962,898,0
4,961,898,-8
4,962,901,-48
4,967,904,-8
4,970,907,-16
4,975,906,-8
4,978,906,-8
4,974,903,-8
4,969,901,0
4,966,903,16
4,964,903,8
4,964,905,-8
4,964,907,0
4,965,907,8
4,966,907,-8
4,966,905,-8
4,969,900,-8
4,968,895,-8
4,964,892,24
4,960,888,48
4,957,886,-8
4,955,884,-32
4,951,882,-32
4,948,879,-24
4,942,879,-24
4,936,878,-32
4,929,875,-64
4,920,873,-64
4,907,872,-48
4,892,870,-48
4,844,861,-24
4,791,858,-8
4,733,863,-24
4,627,861,-24
4,522,859,0
4,405,859,79
4,271,855,79
4,126,854,79
4,-14,858,79
4,-146,880,88
4,-287,927,79
4,-434,958,88
4,-572,972,96
4,-709,969,104
4,-844,955,112
4,-975,959,104
4,-1075,992,72
4,-1161,1019,48
4,-1258,1039,39
4,-1364,1076,32
4,-1469,1117,32
4,-1565,1126,16
4,-1616,1115,72
4,-1663,1089,-8
4,-1695,1083,-8
4,-1697,1110,-16
4,-1688,1122,-48
4,-1685,1135,-24
4,-1679,1137,-64
4,-1666,1118,-79
4,-1657,1107,-104
4,-1644,1098,-119
4,-1626,1091,-96
4,-1576,1081,-112
4,-1523,1069,-64
4,-1463,1058,-56
4,-1339,1043,-39
4,-1220,1027,-56
4,-1113,1005,-56
4,-1003,992,-56
4,-881,999,0
4,-744,1022,24
4,-605,1054,24
4,-464,1082,32
4,-344,1113,16
4,-222,1142,32
4,-113,1156,48
4,-30,1171,32
4,63,1189,48
4,149,1213,56
4,206,1221,39
4,280,1232,16
4,362,1242,16
4,435,1248,32
4,496,1257,39
4,545,1266,16
4,571,1277,-8
4,569,1287,0
4,574,1290,-8
4,597,1290,16
4,612,1289,0
4,617,1291,24
4,626,1295,0
4,630,1295,16
4,638,1303,0
4,652,1311,24
4,675,1329,32
4,693,1343,0
4,710,1360,-32
4,722,1372,-24
4,727,1372,0
4,729,1373,8
4,730,1372,16
4,730,1373,-8
4,729,1373,-16
4,728,1372,8
4,728,1373,8
4,728,1376,8
4,729,1379,0
4,730,1379,-16
4,730,1376,8
4,729,1374,-8
4,728,1373,16
4,727,1373,8
4,727,1373,-16
4,727,1373,-16
4,727,1373,-16
4,726,1372,0
4,725,1371,16
4,724,1371,8
4,723,1370,0
4,723,1369,0
4,722,1370,-32
4,722,1370,0
4,723,1371,0
4,725,1369,16
4,725,1367,0
4,724,1366,-8
4,724,1368,-24
4,726,1367,-8
4,727,1366,0
4,727,1363,0
4,726,1365,24
4,724,1365,0
4,724,1365,-16
4,723,1364,-24
4,724,1363,-8
4,724,1360,-16
4,724,1357,0
4,724,1355,-8
4,723,1351,24
4,720,1348,-24
4,719,1345,-16
4,718,1343,8
4,719,1341,0
4,719,1339,-16
4,718,1335,39
4,716,1331,-8
4,715,1327,16
4,713,1324,8
4,712,1322,16
4,712,1321,16
4,711,1319,-8
4,713,1316,0
4,714,1313,8
4,714,1311,24
4,714,1309,16
4,714,1307,24
4,712,1306,-16
4,709,1304,-32
4,706,1304,8
4,705,1303,16
4,704,1306,0
4,702,1308,8
4,700,1307,-8
4,700,1310,0
4,699,1310,8
4,704,1309,16
4,707,1308,8
4,703,1308,16
4,700,1308,0
4,699,1308,8
4,694,1309,16
4,691,1310,16
4,688,1313,24
4,690,1314,16
4,696,1316,16
4,704,1319,16
4,712,1321,24
4,722,1323,16
4,729,1326,16
4,736,1328,0
4,742,1330,16
4,749,1332,0
4,756,1334,0
4,762,1336,39
4,773,1335,-24
4,783,1335,-8
4,793,1333,-32
4,804,1330,-32
4,813,1325,-56
4,822,1319,-64
4,828,1307,-72
4,846,1274,-32
4,863,1237,-88
4,876,1195,-128
4,873,1155,-72
4,833,1088,-72
4,777,1042,-64
4,735,996,-96
4,671,960,-56
4,590,934,-32
4,503,905,-24
4,408,883,24
4,304,871,56
4,196,865,79
4,69,874,64
4,-59,886,79
4,-184,893,136
4,-315,912,104
4,-454,917,119
4,-589,928,104
4,-727,934,104
4,-852,944,79
4,-968,959,64
4,-1059,970,88
4,-1136,977,79
4,-1217,984,0
4,-1325,980,0
4,-1442,957,0
4,-1534,948,0
4,-1589,966,24
4,-1602,1001,-8
4,-1608,1033,-32
4,-1612,1036,-39
4,-1608,1035,-72
4,-1596,1036,-104
4,-1588,1036,-112
4,-1579,1034,-104
4,-1566,1036,-119
4,-1548,1036,-72
4,-1486,1032,-64
4,-1419,1033,-64
4,-1272,1038,-64
4,-1135,1035,-72
4,-1004,1035,-48
4,-878,1031,-48
4,-743,1042,16
4,-601,1057,24
4,-458,1079,39
4,-316,1109,32
4,-178,1130,32
4,-44,1141,32
4,70,1135,88
4,186,1142,56
4,295,1155,48
4,399,1166,64
4,494,1178,39
4,581,1182,16
4,652,1184,16
4,700,1187,0
4,745,1184,-8
4,784,1174,8
4,813,1162,24
4,836,1149,-32
4,862,1128,-56
4,875,1124,-16
4,881,1121,-72
4,882,1115,-79
4,868,1108,-72
4,851,1096,-96
4,821,1082,-79
4,790,1066,-104
4,754,1046,-88
4,656,1016,-8
4,561,998,-24
4,458,980,24
4,353,962,8
4,227,959,32
4,93,961,56
4,-30,957,112
4,-160,950,136
4,-296,954,96
4,-431,971,96
4,-569,970,88
4,-697,980,72
4,-813,996,72
4,-914,1001,72
4,-1015,999,56
4,-1098,994,39
4,-1183,977,32
4,-1260,940,16
4,-1322,903,0
4,-1370,891,-32
4,-1409,898,-16
4,-1423,936,-16
4,-1422,958,-72
4,-1415,965,-79
4,-1406,972,-88
4,-1386,971,-88
4,-1356,969,-112
4,-1315,961,-88
4,-1261,954,-72
4,-1141,942,-96
4,-1016,940,-39
4,-887,947,-16
4,-757,975,8
4,-621,1010,16
4,-472,1052,24
4,-346,1084,72
4,-213,1123,72
4,-81,1161,79
4,46,1198,79
4,164,1224,64
4,289,1251,39
4,382,1267,56
4,472,1277,48
4,552,1281,48
4,623,1286,39
4,683,1294,64
4,749,1299,24
4,804,1320,8
4,853,1336,0
4,895,1354,0
4,931,1356,-16
4,960,1350,-24
4,987,1335,-39
4,997,1311,-48
4,993,1297,-64
4,979,1281,-79
4,960,1265,-64
4,936,1248,-72
4,908,1229,-104
4,877,1205,-104
4,806,1149,-96
4,715,1106,-48
4,607,1081,-8
4,497,1046,-8
4,376,1029,39
4,253,1024,48
4,150,1015,32
4,28,1015,64
4,-111,1018,79
4,-262,1018,104
4,-409,1015,104
4,-548,1019,104
4,-686,1019,104
4,-803,1018,56
4,-926,1016,64
4,-1036,1008,48
4,-1128,1005,48
4,-1212,993,24
4,-1276,986,24
4,-1339,973,16
4,-1405,948,-8
4,-1457,938,0
4,-1490,986,0
4,-1504,1021,-24
4,-1508,1027,-48
4,-1501,1028,-64
4,-1494,1026,-88
4,-1487,1027,-104
4,-1478,1025,-112
4,-1464,1024,-112
4,-1446,1022,-104
4,-1380,1018,-48
4,-1312,1010,-56
4,-1173,996,-48
4,-1042,985,-64
4,-915,978,-48
4,-790,971,-24
4,-657,971,8
4,-515,993,48
4,-371,1017,56
4,-228,1044,48
4,-98,1072,39
4,17,1085,96
4,127,1089,72
4,227,1090,8
4,327,1107,48
4,419,1134,48
4,495,1153,24
4,556,1173,16
4,611,1190,8
4,643,1217,8
4,675,1244,16
4,704,1264,16
4,730,1275,8
4,741,1288,0
4,742,1293,16
4,741,1300,16
4,743,1311,24
4,736,1327,8
4,730,1341,-8
4,718,1354,0
4,707,1356,8
4,693,1351,-88
4,688,1353,16
4,684,1358,-8
4,677,1363,-24
4,659,1378,0
4,643,1390,8
4,626,1404,16
4,610,1415,8
4,594,1430,-16
4,577,1446,-16
4,560,1456,-16
4,547,1466,8
4,536,1475,8
4,528,1483,-8
4,527,1485,-16
4,525,1486,-16
4,521,1484,-16
4,518,1484,8
4,516,1486,0
4,516,1489,-32
4,515,1490,-24
4,515,1488,-24
4,515,1488,0
4,514,1486,0
4,512,1484,-8
4,510,1481,-24
4,507,1477,-16
4,504,1473,8
4,502,1470,0
4,500,1467,-8
4,499,1465,-16
4,500,1460,79
4,502,1454,-16
4,503,1446,-88
4,505,1442,16
4,510,1442,-8
4,513,1442,-8
4,517,1438,16
4,520,1432,-48
4,524,1429,0
4,525,1427,0
4,526,1423,-16
4,529,1418,64
4,532,1414,8
4,533,1406,-72
4,534,1402,0
4,538,1399,-8
4,541,1396,8
4,545,1394,16
4,551,1392,16
4,558,1395,8
4,563,1397,72
4,565,1394,0
4,568,1392,16
4,574,1391,8
4,579,1390,-8
4,582,1387,-16
4,586,1385,0
4,592,1384,16
4,595,1381,16
4,600,1380,0
4,605,1380,-8
4,606,1379,-24
4,611,1377,16
4,614,1375,8
4,617,1375,0
4,619,1373,88
4,622,1372,0
4,624,1371,8
4,628,1372,8
4,632,1373,-8
4,635,1373,-16
4,638,1372,-16
4,641,1372,8
4,642,1373,0
4,645,1376,0
4,647,1378,-8
4,648,1377,-16
4,646,1374,-24
4,643,1371,-8
4,640,1367,0
4,640,1363,-24
4,642,1358,-16
4,646,1351,-24
4,651,1344,-32
4,655,1339,-16
4,657,1334,-39
4,658,1329,-64
4,657,1320,-72
4,656,1308,-88
4,652,1296,-88
4,644,1283,-72
4,606,1243,-39
4,558,1206,-8
4,460,1152,8
4,352,1093,39
4,247,1050,32
4,152,1021,24
4,36,1006,72
4,-104,993,96
4,-241,983,96
4,-378,981,104
4,-514,982,104
4,-639,985,104
4,-762,993,88
4,-860,995,24
4,-970,989,79
4,-1078,979,72
4,-1189,977,32
4,-1328,994,0
4,-1439,1006,48
4,-1472,1021,64
4,-1491,1040,64
4,-1516,1047,8
4,-1539,1068,16
4,-1562,1089,-16
4,-1582,1105,-32
4,-1581,1118,-56
4,-1572,1113,-79
4,-1557,1100,-88
4,-1550,1092,-96
4,-1539,1083,-112
4,-1525,1076,-128
4,-1506,1069,-104
4,-1482,1062,-88
4,-1406,1039,-128
4,-1321,1025,-39
4,-1152,1010,-16
4,-989,1005,-16
4,-839,998,-16
4,-695,994,0
4,-547,994,32
4,-390,996,48
4,-238,999,39
4,-94,1002,64
4,55,1013,56
4,204,1029,24
4,330,1031,16
4,424,1025,48
4,513,1012,24
4,589,997,24
4,662,985,39
4,726,986,32
4,782,983,-32
4,833,980,-16
4,875,967,-48
4,904,948,-72
4,916,938,-72
4,908,924,-64
4,888,922,-48
4,877,922,-56
4,834,923,-64
4,782,925,-39
4,673,933,-16
4,556,945,32
4,442,948,32
4,318,957,56
4,184,968,56
4,41,979,64
4,-103,987,72
4,-250,987,88
4,-388,1002,88
4,-494,1038,88
4,-605,1063,104
4,-727,1068,104
4,-848,1060,56
4,-970,1044,48
4,-1065,1030,64
4,-1155,1002,32
4,-1220,989,32
4,-1290,992,24
4,-1348,1016,24
4,-1411,1037,8
4,-1455,1078,-16
4,-1489,1103,-56
4,-1492,1087,-64
4,-1481,1074,-79
4,-1466,1061,-96
4,-1457,1056,-112
4,-1443,1052,-128
4,-1424,1048,-96
4,-1362,1040,-64
4,-1297,1030,-32
4,-1165,1014,-24
4,-1044,992,-32
4,-939,966,-16
4,-835,958,-24
4,-725,961,-8
4,-601,986,39
4,-469,1022,56
4,-340,1060,48
4,-218,1096,48
4,-99,1130,39
4,13,1172,32
4,111,1201,24
4,208,1224,39
4,281,1259,24
4,350,1274,48
4,419,1286,32
4,481,1297,8
4,528,1310,16
4,563,1304,48
4,593,1299,8
4,627,1294,24
4,661,1313,16
4,704,1332,16
4,731,1341,-24
4,746,1340,-32
4,754,1350,-8
4,758,1351,8
4,759,1352,0
4,765,1352,8
4,773,1354,56
4,779,1356,-16
4,787,1355,-24
4,792,1350,-16
4,790,1345,8
4,788,1340,-8
4,787,1338,0
4,785,1336,8
4,783,1335,-32
4,779,1334,-39
4,776,1332,-16
4,774,1329,-16
4,769,1328,0
4,765,1326,8
4,760,1325,0
4,756,1325,-8
4,754,1326,-16
4,753,1325,-16
4,751,1323,8
4,746,1321,8
4,741,1318,39
4,736,1317,0
4,731,1316,-16
4,725,1313,-8
4,721,1311,0
4,716,1309,-8
4,712,1306,16
4,709,1304,16
4,707,1304,8
4,706,1304,-8
4,706,1305,-8
4,705,1308,0
4,704,1309,24
4,702,1311,16
4,699,1311,8
4,696,1312,8
4,693,1313,0
4,690,1312,0
4,689,1315,16
4,689,1317,39
4,690,1319,39
4,693,1322,8
4,695,1325,8
4,699,1327,0
4,701,1329,8
4,705,1331,8
4,710,1333,16
4,716,1337,16
4,725,1338,0
4,731,1340,-48
4,738,1342,-24
4,744,1343,-8
4,750,1342,8
4,757,1341,16
4,760,1342,24
4,763,1343,-16
4,764,1345,-24
4,765,1346,-32
4,766,1346,-24
4,763,1344,8
4,761,1342,-39
4,761,1340,-24
4,760,1337,-32
4,757,1332,-88
4,754,1323,-119
4,745,1314,-56
4,736,1304,-64
4,724,1293,-64
4,691,1260,-79
4,646,1230,-24
4,576,1204,16
4,417,1160,56
4,254,1125,79
4,93,1094,88
4,-51,1076,79
4,-192,1063,64
4,-340,1044,72
4,-468,1045,112
4,-594,1043,104
4,-721,1029,104
4,-849,1017,96
4,-961,1030,119
4,-1064,1037,72
4,-1164,1056,32
4,-1241,1055,32
4,-1299,1048,48
4,-1364,1021,16
4,-1422,985,8
4,-1487,938,0
4,-1545,907,32
4,-1578,932,-24
4,-1611,992,-16
4,-1631,1041,-48
4,-1614,1056,-72
4,-1578,1039,-104
4,-1554,1034,-96
4,-1518,1025,-104
4,-1474,1019,-136
4,-1375,1005,-128
4,-1263,993,-72
4,-1141,980,-112
4,-1012,980,-32
4,-878,999,-24
4,-740,1021,0
4,-595,1040,-8
4,-461,1042,8
4,-327,1043,48
4,-177,1055,72
4,-25,1067,64
4,130,1075,64
4,259,1075,72
4,372,1075,24
4,481,1069,8
4,575,1063,0
4,641,1055,32
4,696,1030,-24
4,748,1003,-16
4,800,977,16
4,839,963,8
4,876,945,-24
4,895,921,-32
4,902,891,-48
4,891,864,-48
4,881,857,-48
4,870,849,-48
4,850,845,-56
4,829,840,-96
4,800,835,-79
4,758,829,-39
4,657,825,8
4,551,817,16
4,431,830,64
4,292,860,72
4,155,888,64
4,37,902,56
4,-69,905,104
4,-191,916,104
4,-333,920,112
4,-459,941,39
4,-589,958,136
4,-720,973,88
4,-846,993,72
4,-974,996,72
4,-1097,985,72
4,-1202,976,64
4,-1321,955,0
4,-1440,942,16
4,-1549,966,0
4,-1628,980,8
4,-1690,979,-8
4,-1748,979,0
4,-1801,979,0
4,-1848,949,0
4,-1863,929,-56
4,-1787,939,-72
4,-1771,942,-79
4,-1753,944,-88
4,-1732,946,-104
4,-1665,948,-96
4,-1594,946,-88
4,-1450,941,-64
4,-1310,936,-39
4,-1176,940,-32
4,-1044,953,-8
4,-914,970,-8
4,-792,978,-24
4,-675,992,0
4,-553,1011,16
4,-420,1035,39
4,-281,1052,88
4,-140,1066,72
4,-11,1080,64
4,103,1102,32
4,207,1118,16
4,303,1121,8
4,392,1135,16
4,464,1148,8
4,529,1151,8
4,589,1136,8
4,667,1115,-24
4,720,1101,8
4,749,1098,0
4,784,1088,-64
4,811,1081,-24
4,820,1073,-39
4,814,1054,-64
4,802,1036,-79
4,781,1004,-112
4,728,954,-56
4,667,932,-24
4,596,933,8
4,527,938,0
4,445,954,8
4,366,964,-8
4,272,963,72
4,155,970,48
4,20,957,96
4,-119,933,112
4,-271,886,104
4,-412,858,72
4,-526,878,64
4,-636,886,72
4,-746,879,96
4,-847,868,88
4,-954,859,72
4,-1047,844,64
4,-1133,839,48
4,-1213,842,39
4,-1286,870,24
4,-1354,877,-16
4,-1415,853,-39
4,-1454,834,-56
4,-1475,840,-48
4,-1468,871,-64
4,-1446,889,-39
4,-1424,906,-88
4,-1401,911,-104
4,-1370,915,-119
4,-1331,915,-128
4,-1285,914,-104
4,-1165,907,-64
4,-1038,904,-39
4,-908,911,-8
4,-789,914,-16
4,-675,913,-24
4,-569,910,-16
4,-446,916,24
4,-307,930,48
4,-170,942,64
4,-44,975,48
4,66,1033,119
4,179,1078,56
4,292,1089,32
4,389,1084,32
4,483,1074,32
4,560,1063,39
4,635,1046,8
4,707,1025,16
4,772,1006,0
4,827,983,16
4,879,970,-8
4,921,946,-32
4,956,916,-24
4,975,889,-24
4,985,860,-56
4,1004,813,-48
4,1004,775,-39
4,1004,742,-24
4,1002,696,-104
4,978,658,-64
4,943,625,-64
4,908,597,-79
4,864,581,-64
4,807,574,-56
4,743,579,-39
4,669,593,-8
4,586,620,32
4,493,659,64
4,394,698,79
4,284,742,64
4,166,784,64
4,49,814,72
4,-81,838,88
4,-211,860,96
4,-340,876,112
4,-465,891,104
4,-589,901,96
4,-707,913,79
4,-824,924,64
4,-940,930,64
4,-1046,940,79
4,-1151,935,56
4,-1246,945,39
4,-1305,955,48
4,-1367,938,32
4,-1446,917,-8
4,-1506,897,-39
4,-1550,896,-8
4,-1564,922,-8
4,-1558,953,-32
4,-1549,966,-64
4,-1544,977,0
4,-1527,977,-104
4,-1519,973,0
4,-1529,974,0
4,-1540,975,-88
4,-1526,973,-48
4,-1503,971,-48
4,-1475,969,-48
4,-1386,968,-39
4,-1210,973,-39
4,-1049,974,-32
4,-889,982,8
4,-730,1000,39
4,-580,1026,56
4,-438,1064,56
4,-305,1106,39
4,-175,1143,32
4,-54,1172,48
4,70,1195,56
4,187,1226,32
4,298,1236,39
4,396,1244,64
4,490,1239,0
4,582,1226,-24
4,666,1207,-24
4,741,1182,-24
4,795,1150,-8
4,851,1123,-24
4,901,1087,-24
4,938,1042,-39
4,957,1014,-16
4,972,980,-39
4,980,944,-32
4,982,904,-48
4,978,861,-72
4,967,811,-79
4,943,766,-88
4,909,721,-72
4,859,688,-48
4,803,656,-88
4,743,635,-39
4,680,629,-32
4,610,638,-8
4,531,657,8
4,447,678,24
4,352,707,56
4,249,736,79
4,144,759,79
4,42,802,112
4,-58,837,72
4,-157,856,32
4,-271,876,79
4,-377,893,136
4,-499,916,79
4,-622,937,79
4,-735,939,88
4,-846,945,72
4,-951,957,64
4,-1049,971,32
4,-1135,963,24
4,-1192,962,32
4,-1252,955,8
4,-1297,966,39
4,-1341,964,-24
4,-1380,947,-39
4,-1403,944,-56
4,-1405,959,-56
4,-1397,973,-32
4,-1382,979,-72
4,-1377,980,0
4,-1366,980,-104
4,-1354,977,-79
4,-1338,975,-64
4,-1317,972,-32
4,-1248,970,-16
4,-1173,971,-16
4,-1024,982,-16
4,-882,1003,-8
4,-735,1026,8
4,-609,1035,32
4,-474,1053,48
4,-338,1076,56
4,-216,1103,56
4,-93,1124,56
4,33,1149,48
4,156,1166,32
4,273,1180,24
4,377,1186,24
4,479,1188,24
4,577,1195,24
4,659,1188,24
4,737,1176,8
4,784,1161,0
4,822,1138,-8
4,860,1112,-8
4,898,1081,-32
4,929,1047,-32
4,967,1004,-24
4,997,970,24
4,1022,940,-16
4,1038,916,-56
4,1050,877,-56
4,1046,843,-48
4,1024,817,-72
4,998,794,-79
4,954,771,-72
4,899,757,-79
4,837,744,-64
4,771,734,-48
4,700,719,-56
4,620,717,-24
4,535,721,-8
4,450,728,8
4,358,734,32
4,247,749,72
4,121,773,112
4,4,821,48
4,-115,871,112
4,-250,908,104
4,-385,935,79
4,-520,947,79
4,-651,949,79
4,-759,944,136
4,-853,950,79
4,-955,945,79
4,-1062,954,88
4,-1156,974,96
4,-1245,976,8
4,-1312,953,-8
4,-1375,908,-32
4,-1427,879,-48
4,-1466,863,-56
4,-1485,874,-48
4,-1484,874,-88
4,-1470,874,-112
4,-1460,876,-104
4,-1447,879,-72
4,-1432,883,-119
4,-1411,884,-79
4,-1386,883,-48
4,-1358,883,-56
4,-1267,886,-48
4,-1085,899,-32
4,-899,920,8
4,-715,948,39
4,-540,977,64
4,-362,1003,72
4,-193,1032,72
4,-37,1057,48
4,99,1073,39
4,221,1081,32
4,324,1083,72
4,421,1075,48
4,513,1069,32
4,598,1059,8
4,674,1054,-39
4,725,1047,-39
4,765,1047,-39
4,785,1045,-72
4,778,1034,-64
4,765,1035,-48
4,757,1035,-64
4,744,1034,-64
4,730,1032,-72
4,711,1031,-32
4,641,1030,32
4,562,1032,48
4,400,1040,72
4,234,1045,56
4,60,1045,79
4,-118,1049,96
4,-287,1048,119
4,-441,1067,64
4,-593,1077,119
4,-736,1093,136
4,-881,1119,0
4,-1020,1130,56
4,-1135,1123,56
4,-1222,1107,56
4,-1294,1087,39
4,-1354,1055,16
4,-1428,1015,8
4,-1533,963,0
4,-1632,921,0
4,-1671,957,8
4,-1699,995,0
4,-1702,1020,-72
4,-1675,1025,-112
4,-1666,1024,-96
4,-1653,1022,-112
4,-1637,1019,-136
4,-1617,1014,-128
4,-1591,1009,-88
4,-1503,1000,-56
4,-1323,994,-32
4,-1157,990,-32
4,-993,996,0
4,-842,1005,8
4,-696,1013,24
4,-588,1017,0
4,-475,1024,72
4,-289,1057,72
4,-116,1094,88
4,50,1119,48
4,206,1135,24
4,325,1141,8
4,433,1135,8
4,524,1126,16
4,597,1113,16
4,675,1098,-16
4,743,1081,8
4,801,1056,-48
4,848,1035,-24
4,877,1025,-8
4,886,1006,-48
4,893,974,-64
4,896,935,-79
4,881,903,-79
4,841,888,-64
4,774,891,-24
4,690,902,-8
4,593,921,24
4,486,945,16
4,372,968,24
4,248,987,32
4,123,996,48
4,-7,1000,64
4,-136,1008,88
4,-266,1004,104
4,-402,1004,119
4,-541,1007,112
4,-685,1022,96
4,-817,1042,72
4,-910,1059,56
4,-997,1057,104
4,-1091,1044,56
4,-1203,1034,0
4,-1293,1023,32
4,-1390,1023,0
4,-1471,1005,-16
4,-1542,1007,0
4,-1571,1023,0
4,-1577,1031,-39
4,-1572,1025,-79
4,-1561,1022,-96
4,-1539,1013,-119
4,-1528,1010,-128
4,-1513,1007,-112
4,-1494,1007,-136
4,-1469,1005,-64
4,-1388,999,-48
4,-1222,1002,-39
4,-1066,1007,-32
4,-905,1016,-24
4,-760,1017,0
4,-600,1028,48
4,-429,1046,64
4,-264,1071,72
4,-108,1093,64
4,32,1111,39
4,149,1122,24
4,249,1127,24
4,341,1126,32
4,437,1119,-8
4,526,1110,0
4,600,1098,-16
4,654,1089,-32
4,699,1085,-32
4,743,1072,-96
4,767,1058,-79
4,778,1039,-88
4,768,1023,-96
4,746,1014,-64
4,707,1006,-64
4,657,999,-24
4,541,994,24
4,441,971,-16
4,329,965,64
4,197,975,64
4,51,988,64
4,-97,989,79
4,-244,994,79
4,-381,1007,112
4,-518,1011,112
4,-654,1018,112
4,-789,1025,128
4,-922,1023,88
4,-1034,1014,16
4,-1115,1003,32
4,-1184,990,32
4,-1252,966,32
4,-1338,933,0
4,-1435,917,0
4,-1514,888,-8
4,-1584,878,8
4,-1617,926,-24
4,-1653,1005,-56
4,-1674,1080,-88
4,-1642,1064,-104
4,-1589,1052,-96
4,-1558,1042,-104
4,-1516,1030,-119
4,-1416,1009,-96
4,-1304,988,-72
4,-1187,971,-39
4,-1071,965,-24
4,-956,960,-32
4,-846,961,16
4,-735,968,0
4,-630,978,8
4,-527,990,8
4,-409,1019,39
4,-278,1053,56
4,-149,1092,48
4,-28,1130,64
4,89,1164,39
4,192,1191,16
4,273,1209,24
4,357,1222,16
4,426,1228,-8
4,477,1223,-16
4,523,1212,24
4,559,1214,-16
4,596,1221,-8
4,626,1228,0
4,637,1253,-16
4,639,1286,0
4,638,1291,64
4,632,1288,-16
4,629,1287,-16
4,629,1283,-24
4,628,1280,32
4,626,1275,-24
4,622,1271,0
4,618,1269,0
4,613,1269,-8
4,608,1269,-24
4,603,1270,-16
4,597,1270,-8
4,590,1271,16
4,584,1272,24
4,577,1273,8
4,570,1273,0
4,563,1273,-8
4,556,1270,-8
4,549,1266,-8
4,543,1264,16
4,539,1263,16
4,536,1264,16
4,533,1264,8
4,530,1264,0
4,525,1263,16
4,520,1264,8
4,517,1265,24
4,516,1268,24
4,514,1271,16
4,513,1275,8
4,512,1278,0
4,511,1280,0
4,512,1283,24
4,512,1288,16
4,512,1292,16
4,513,1295,8
4,514,1299,0
4,516,1303,8
4,518,1305,24
4,519,1309,32
4,520,1313,16
4,522,1317,8
4,524,1321,-24
4,527,1325,0
4,528,1327,8
4,527,1328,24
4,530,1331,16
4,532,1337,39
4,534,1340,0
4,538,1343,-16
4,542,1346,-8
4,545,1347,8
4,547,1349,8
4,550,1351,8
4,552,1357,0
4,556,1360,-16
4,560,1362,-16
4,563,1364,-8
4,565,1364,0
4,567,1364,8
4,569,1365,16
4,571,1365,-8
4,573,1365,-8
4,580,1365,0
4,586,1364,8
4,592,1363,16
4,599,1362,24
4,607,1361,39
4,616,1359,-24
4,627,1354,-24
4,636,1351,-8
4,647,1346,-32
4,660,1341,-32
4,691,1324,-16
4,721,1306,8
4,748,1286,-72
4,768,1260,-88
4,780,1234,-79
4,775,1204,-72
4,760,1176,-79
4,744,1148,-88
4,682,1100,-56
4,595,1067,-32
4,493,1047,16
4,382,1041,48
4,263,1038,64
4,140,1040,56
4,6,1041,56
4,-125,1035,72
4,-244,1022,136
4,-370,1020,104
4,-502,1007,119
4,-639,1007,112
4,-779,1012,112
4,-916,1019,79
4,-1048,1018,72
4,-1165,1002,72
4,-1266,985,64
4,-1361,974,32
4,-1445,993,48
4,-1499,1001,39
4,-1550,1009,56
4,-1596,1018,56
4,-1619,1050,-8
4,-1653,1062,-8
4,-1683,1057,-24
4,-1704,1053,-24
4,-1718,1057,-56
4,-1722,1048,-64
4,-1716,1046,-64
4,-1712,1045,-88
4,-1705,1041,-96
4,-1695,1037,-96
4,-1682,1033,-96
4,-1666,1029,-104
4,-1644,1026,-112
4,-1621,1021,-104
4,-1547,1011,-56
4,-1470,1003,-56
4,-1310,996,-64
4,-1158,990,-64
4,-1012,981,-56
4,-861,978,-24
4,-709,993,24
4,-555,1013,39
4,-403,1037,39
4,-252,1062,32
4,-101,1069,32
4,40,1075,39
4,160,1077,56
4,281,1084,48
4,387,1085,64
4,485,1085,72
4,578,1077,24
4,661,1073,8
4,728,1070,8
4,789,1064,-8
4,855,1063,-8
4,906,1045,-24
4,946,1031,24
4,981,1012,-39
4,1005,988,-79
4,1015,959,-79
4,1014,933,-72
4,986,916,-56
4,962,912,-64
4,923,914,-72
4,851,907,-96
4,767,907,-39
4,670,915,0
4,560,930,32
4,455,952,32
4,339,971,32
4,212,989,39
4,105,985,39
4,-24,984,64
4,-166,991,88
4,-311,995,104
4,-454,999,112
4,-597,1009,112
4,-725,1023,96
4,-862,1019,79
4,-976,1006,56
4,-1062,989,96
4,-1160,977,72
4,-1260,950,56
4,-1347,939,48
4,-1416,955,72
4,-1473,986,79
4,-1528,1022,39
4,-1576,1058,32
4,-1632,1117,-8
4,-1680,1161,-24
4,-1703,1168,-39
4,-1715,1156,-48
4,-1710,1119,-79
4,-1700,1102,-104
4,-1680,1083,-112
4,-1655,1063,-96
4,-1614,1049,-88
4,-1518,1025,-88
4,-1417,1006,-79
4,-1316,984,-79
4,-1213,975,-72
4,-1100,980,-56
4,-990,979,-64
4,-875,977,-48
4,-743,993,8
4,-601,1021,48
4,-456,1061,56
4,-309,1084,64
4,-161,1107,48
4,-21,1128,48
4,112,1145,56
4,241,1155,64
4,360,1166,64
4,470,1177,64
4,588,1202,64
4,689,1216,24
4,754,1219,16
4,803,1214,0
4,840,1220,24
4,880,1208,-39
4,914,1198,-16
4,938,1187,-32
4,953,1174,-39
4,959,1161,-56
4,957,1145,-64
4,946,1127,-72
4,933,1103,-88
4,912,1083,-64
4,890,1064,-88
4,852,1048,-72
4,754,1020,-64
4,647,999,-32
4,532,987,8
4,424,967,16
4,325,968,39
4,202,974,64
4,65,982,79
4,-58,974,64
4,-199,971,96
4,-348,965,104
4,-491,966,112
4,-634,972,119
4,-776,979,128
4,-906,977,72
4,-1031,976,79
4,-1159,952,72
4,-1289,932,39
4,-1399,940,48
4,-1461,962,0
4,-1521,980,0
4,-1576,996,0
4,-1615,1024,79
4,-1652,1056,0
4,-1692,1076,0
4,-1748,1094,-16
4,-1786,1105,-16
4,-1815,1091,-64
4,-1841,1084,-48
4,-1823,1075,-72
4,-1797,1064,-96
4,-1762,1050,-128
4,-1714,1033,-112
4,-1654,1011,-96
4,-1529,983,-136
4,-1406,972,-56
4,-1290,956,-72
4,-1179,942,-64
4,-1058,946,-56
4,-931,961,-39
4,-805,971,-32
4,-663,995,24
4,-511,1025,56
4,-363,1079,56
4,-211,1120,64
4,-56,1143,32
4,91,1150,16
4,226,1148,16
4,345,1142,32
4,446,1128,32
4,530,1111,24
4,602,1095,39
4,670,1086,39
4,726,1089,24
4,775,1093,-16
4,815,1092,-8
4,849,1077,-39
4,879,1050,-64
4,896,1025,-72
4,889,1005,-64
4,871,996,-72
4,839,988,-64
4,794,984,-24
4,700,985,-16
4,592,994,16
4,481,1004,24
4,356,1016,32
4,226,1026,39
4,95,1028,64
4,-50,1027,79
4,-212,1025,104
4,-356,1034,104
4,-495,1045,112
4,-622,1078,239
4,-755,1099,72
4,-887,1108,72
4,-999,1093,88
4,-1110,1075,72
4,-1219,1065,39
4,-1296,1055,39
4,-1382,1026,32
4,-1450,976,16
4,-1516,943,-8
4,-1568,906,-39
4,-1606,893,-16
4,-1630,914,-32
4,-1623,954,-56
4,-1615,968,-79
4,-1601,972,-88
4,-1578,971,-104
4,-1541,960,-104
4,-1494,955,-72
4,-1393,952,-64
4,-1293,939,-112
4,-1187,947,-39
4,-1072,963,-39
4,-964,973,-39
4,-862,980,-16
4,-759,987,0
4,-644,1002,8
4,-552,1018,0
4,-450,1048,64
4,-313,1091,64
4,-168,1137,56
4,-25,1182,32
4,97,1210,24
4,207,1241,24
4,301,1264,24
4,401,1295,16
4,479,1308,-24
4,548,1319,24
4,612,1330,-8
4,661,1338,-16
4,689,1342,-8
4,715,1346,0
4,722,1347,0
4,723,1352,16
4,729,1360,8
4,748,1368,16
4,760,1377,-8
4,765,1387,0
4,760,1392,-8
4,744,1393,0
4,739,1394,8
4,739,1397,0
4,737,1401,-32
4,731,1403,-16
4,726,1405,-16
4,721,1404,-8
4,714,1401,8
4,707,1400,-8
4,699,1398,-8
4,693,1395,8
4,687,1392,-8
4,678,1391,0
4,668,1392,8
4,659,1394,8
4,650,1395,0
4,637,1394,-8
4,627,1394,16
4,619,1396,0
4,611,1398,8
4,604,1402,16
4,597,1405,-16
4,593,1409,-8
4,588,1411,32
4,583,1408,24
4,577,1405,-24
4,573,1404,16
4,569,1406,16
4,559,1408,56
4,551,1409,8
4,546,1411,16
4,543,1412,0
4,541,1415,24
4,540,1419,24
4,540,1423,8
4,543,1427,8
4,545,1429,0
4,547,1431,8
4,549,1432,8
4,553,1435,24
4,559,1438,8
4,567,1442,8
4,574,1444,24
4,580,1444,8
4,590,1443,0
4,600,1440,0
4,611,1435,0
4,641,1429,72
4,670,1426,32
4,701,1417,-32
4,744,1408,-32
4,780,1392,-16
4,809,1368,-72
4,824,1344,-56
4,835,1314,-64
4,846,1276,-104
4,854,1191,-119
4,837,1122,-56
4,807,1074,-39
4,767,1044,-64
4,717,1013,-79
4,642,995,-48
4,557,983,-32
4,460,981,24
4,347,989,56
4,236,993,64
4,109,997,56
4,-19,1002,64
4,-143,1003,72
4,-254,1000,119
4,-383,1000,104
4,-500,1023,32
4,-632,1031,112
4,-754,1063,208
4,-874,1083,72
4,-990,1091,64
4,-1109,1074,72
4,-1219,1043,64
4,-1327,1027,48
4,-1434,988,32
4,-1526,950,32
4,-1597,932,104
4,-1659,934,-8
4,-1696,949,8
4,-1725,988,0
4,-1732,1019,-32
4,-1724,1028,-48
4,-1716,1026,-79
4,-1697,1021,-112
4,-1689,1016,-88
4,-1676,1014,-79
4,-1660,1012,-79
4,-1605,1012,-128
4,-1546,1014,-72
4,-1428,1013,-64
4,-1307,1015,-64
4,-1182,1013,-64
4,-1061,1016,-56
4,-941,1022,-39
4,-821,1037,0
4,-698,1059,24
4,-571,1073,24
4,-444,1095,24
4,-332,1112,24
4,-210,1142,16
4,-101,1153,16
4,0,1168,24
4,100,1174,16
4,190,1168,-8
4,272,1174,32
4,346,1192,24
4,419,1204,8
4,475,1220,-8
4,532,1232,16
4,589,1231,16
4,650,1212,8
4,698,1204,48
4,723,1203,8
4,745,1202,-8
4,760,1204,-16
4,767,1194,39
4,775,1182,-8
4,780,1179,8
4,785,1176,8
4,789,1178,0
4,788,1173,48
4,791,1166,24
4,804,1163,39
4,810,1160,0
4,810,1164,16
4,810,1166,8
4,808,1169,8
4,806,1171,0
4,806,1172,8
4,804,1174,0
4,801,1177,8
4,797,1181,16
4,792,1183,0
4,790,1188,-8
4,792,1194,-8
4,798,1199,-8
4,802,1205,8
4,797,1206,16
4,791,1208,8
4,784,1212,-8
4,776,1215,-8
4,767,1218,32
4,760,1223,8
4,752,1227,8
4,744,1229,16
4,737,1231,-8
4,729,1234,-24
4,722,1236,0
4,718,1239,8
4,714,1240,-32
4,708,1244,16
4,701,1249,8
4,695,1255,0
4,689,1261,0
4,685,1268,8
4,682,1272,24
4,676,1275,8
4,670,1279,0
4,665,1286,0
4,661,1292,-16
4,660,1299,0
4,660,1306,0
4,659,1310,0
4,659,1314,16
4,657,1317,24
4,657,1322,0
4,659,1326,-8
4,659,1327,0
4,660,1329,0
4,665,1333,16
4,668,1336,24
4,670,1335,16
4,673,1336,-8
4,677,1335,0
4,681,1335,0
4,685,1332,16
4,685,1328,16
4,687,1324,16
4,693,1326,8
4,703,1329,-16
4,711,1328,-8
4,720,1324,-16
4,728,1319,24
4,736,1315,39
4,745,1311,24
4,753,1306,-24
4,760,1301,-32
4,767,1295,-24
4,774,1288,-48
4,777,1282,-64
4,778,1274,-72
4,777,1262,-79
4,771,1248,-79
4,746,1198,-88
4,717,1159,-56
4,649,1107,-48
4,578,1068,-48
4,498,1056,-8
4,417,1047,-16
4,324,1044,8
4,214,1032,88
4,100,1025,64
4,-25,1007,88
4,-146,987,88
4,-257,969,72
4,-369,964,64
4,-481,954,64
4,-591,956,79
4,-694,963,88
4,-788,979,96
4,-888,988,96
4,-987,984,72
4,-1075,996,48
4,-1147,1007,-8
4,-1227,1006,24
4,-1312,996,16
4,-1374,991,39
4,-1404,998,24
4,-1426,1006,39
4,-1438,1004,-24
4,-1447,1008,-16
4,-1455,1017,-39
4,-1467,1034,-32
4,-1470,1047,-48
4,-1464,1057,-64
4,-1445,1057,-88
4,-1437,1054,-96
4,-1425,1051,-112
4,-1412,1048,-72
4,-1394,1042,-79
4,-1372,1034,-72
4,-1305,1011,-72
4,-1231,998,-32
4,-1093,967,-48
4,-945,957,-32
4,-818,938,-48
4,-681,931,0
4,-541,941,16
4,-406,946,32
4,-269,956,64
4,-135,964,56
4,-6,977,56
4,116,990,48
4,228,996,48
4,341,1006,72
4,441,1013,64
4,539,1016,48
4,626,1021,48
4,691,1027,39
4,744,1028,8
4,791,1020,-32
4,832,1020,24
4,869,1027,-8
4,901,1022,-39
4,925,1007,-24
4,937,983,-56
4,934,971,-48
4,927,958,-79
4,911,947,-56
4,886,941,-64
4,858,933,-79
4,815,924,-79
4,720,908,-56
4,621,896,-32
4,526,877,-24
4,422,877,39
4,308,889,56
4,178,903,56
4,46,921,56
4,-83,932,72
4,-215,939,72
4,-345,943,96
4,-471,944,112
4,-593,951,96
4,-713,962,128
4,-830,961,79
4,-953,949,88
4,-1084,955,72
4,-1187,958,88
4,-1288,971,39
4,-1372,987,56
4,-1441,996,64
4,-1497,1010,79
4,-1563,1009,0
4,-1631,985,-24
4,-1682,979,0
4,-1727,1003,8
4,-1749,1042,-32
4,-1752,1062,-64
4,-1732,1059,-104
4,-1716,1046,-96
4,-1706,1041,-96
4,-1694,1040,-88
4,-1677,1036,-79
4,-1657,1031,-72
4,-1599,1016,-72
4,-1536,1006,-48
4,-1471,1000,-48
4,-1340,1002,-39
4,-1211,1012,-24
4,-1086,1021,0
4,-961,1040,8
4,-839,1070,32
4,-709,1110,56
4,-582,1150,48
4,-461,1196,39
4,-340,1238,39
4,-221,1275,39
4,-103,1303,39
4,8,1327,48
4,113,1349,48
4,220,1383,48
4,322,1418,39
4,419,1436,0
4,503,1442,0
4,589,1437,-8
4,647,1422,0
4,695,1393,-24
4,734,1350,-32
4,769,1306,-8
4,811,1266,-24
4,853,1220,-48
4,888,1172,-56
4,923,1120,-56
4,952,1067,-39
4,979,1016,-56
4,994,967,-24
4,1003,928,-8
4,991,882,-79
4,962,835,-64
4,929,795,-64
4,883,767,-48
4,828,751,-32
4,771,733,-56
4,713,721,-56
4,635,726,0
4,539,752,32
4,430,790,56
4,308,830,88
4,183,875,88
4,43,909,104
4,-107,934,88
4,-257,955,96
4,-413,960,112
4,-561,965,119
4,-709,959,112
4,-845,971,88
4,-971,973,112
4,-1077,972,119
4,-1199,971,0
4,-1300,980,24
4,-1405,990,0
4,-1498,1020,0
4,-1552,1057,-16
4,-1587,1079,0
4,-1629,1081,0
4,-1647,1079,-64
4,-1602,1063,-79
4,-1589,1059,-104
4,-1573,1055,-96
4,-1553,1051,-104
4,-1490,1039,-119
4,-1418,1027,-104
4,-1261,1006,-64
4,-1106,992,-39
4,-949,992,-8
4,-790,1000,16
4,-629,1012,16
4,-479,1011,0
4,-324,1016,32
4,-168,1016,39
4,-11,1016,64
4,141,1028,56
4,270,1024,64
4,388,1017,48
4,490,1010,72
4,575,998,16
4,649,995,8
4,714,986,-8
4,770,974,-39
4,813,965,-32
4,845,982,8
4,861,985,-72
4,864,975,-79
4,849,970,-56
4,838,968,-48
4,822,967,-48
4,801,966,-56
4,779,965,-48
4,712,956,-32
4,642,944,0
4,488,931,64
4,329,938,64
4,167,945,64
4,2,952,79
4,-139,960,119
4,-295,960,112
4,-441,981,48
4,-592,987,112
4,-739,981,112
4,-871,992,72
4,-981,997,64
4,-1096,999,64
4,-1203,1009,32
4,-1300,1007,0
4,-1400,1014,0
4,-1469,1029,-24
4,-1552,1057,0
4,-1614,1072,-72
4,-1679,1063,0
4,-1722,1064,0
4,-1739,1060,-96
4,-1665,1037,-79
4,-1646,1032,-88
4,-1586,1016,-88
4,-1466,990,-72
4,-1343,980,-64
4,-1226,977,-64
4,-1115,968,-32
4,-997,967,-48
4,-868,970,-39
4,-733,979,8
4,-592,1006,56
4,-450,1039,56
4,-313,1082,56
4,-178,1123,48
4,-52,1162,48
4,65,1190,56
4,171,1209,56
4,273,1225,56
4,372,1237,48
4,464,1254,24
4,541,1275,8
4,612,1281,-8
4,681,1276,-8
4,747,1264,-8
4,783,1251,0
4,817,1231,-24
4,856,1203,-39
4,892,1185,-39
4,916,1173,-32
4,918,1172,-32
4,917,1163,-39
4,915,1152,-64
4,908,1139,-24
4,904,1123,-39
4,893,1113,-24
4,884,1102,-16
4,872,1089,-24
4,858,1070,-39
4,842,1056,-32
4,821,1048,-16
4,801,1043,-39
4,780,1041,-8
4,762,1038,16
4,743,1034,-8
4,727,1032,-16
4,710,1029,-16
4,696,1025,0
4,687,1021,8
4,679,1016,8
4,678,1014,8
4,677,1012,0
4,678,1009,0
4,677,1006,8
4,679,1000,24
4,680,995,8
4,682,991,8
4,686,983,-16
4,687,977,0
4,689,971,16
4,694,962,39
4,698,956,8
4,705,953,8
4,713,948,-16
4,720,943,8
4,728,939,24
4,737,931,39
4,747,925,8
4,755,922,0
4,764,919,-8
4,770,915,-48
4,777,909,0
4,784,901,8
4,792,894,16
4,798,888,-24
4,802,884,-24
4,807,880,-24
4,810,876,-16
4,808,874,39
4,808,871,39
4,811,865,-24
4,815,860,-56
4,817,855,-39
4,819,851,-39
4,817,847,-39
4,813,841,-56
4,807,836,-39
4,799,828,-32
4,789,822,-56
4,752,805,-56
4,707,795,-32
4,657,792,-8
4,543,797,32
4,425,808,39
4,304,822,48
4,179,838,64
4,50,849,56
4,-53,864,64
4,-170,874,96
4,-275,875,88
4,-370,895,16
4,-483,902,79
4,-598,914,79
4,-698,931,32
4,-789,944,32
4,-861,959,16
4,-918,970,0
4,-971,979,-8
4,-1040,983,32
4,-1088,986,-39
4,-1104,988,-64
4,-1098,990,-72
4,-1078,985,-72
4,-1065,982,-72
4,-1051,980,-56
4,-1035,982,-32
4,-1018,987,-16
4,-996,994,-16
4,-922,1014,-24
4,-853,1020,39
4,-700,1039,32
4,-534,1068,56
4,-358,1102,64
4,-190,1135,64
4,-34,1161,56
4,109,1181,32
4,237,1197,24
4,337,1205,48
4,440,1205,39
4,541,1203,32
4,633,1196,24
4,709,1183,48
4,775,1168,-8
4,849,1154,-24
4,903,1134,0
4,950,1102,-48
4,987,1068,-8
4,1020,1038,-8
4,1044,1016,0
4,1056,993,-48
4,1062,961,-64
4,1059,915,-72
4,1041,875,-72
4,1007,849,-64
4,971,822,-79
4,924,804,-88
4,857,793,-48
4,788,777,-79
4,714,784,-8
4,634,788,0
4,541,809,8
4,446,825,0
4,339,849,24
4,228,867,39
4,115,888,56
4,-5,901,79
4,-125,911,88
4,-245,926,79
4,-358,942,72
4,-468,963,48
4,-558,977,56
4,-655,990,48
4,-737,1002,72
4,-810,1003,56
4,-868,1010,64
4,-909,1021,24
4,-952,1054,0
4,-981,1068,-16
4,-995,1068,-8
4,-1006,1064,-32
4,-1012,1054,-72
4,-1013,1041,-88
4,-1008,1027,-96
4,-987,1016,-39
4,-975,1014,-32
4,-958,1013,-8
4,-904,1018,0
4,-841,1028,0
4,-726,1035,-16
4,-599,1052,16
4,-472,1073,56
4,-342,1095,48
4,-207,1117,64
4,-81,1151,48
4,47,1175,72
4,175,1193,48
4,296,1209,32
4,406,1216,16
4,480,1217,48
4,560,1223,8
4,623,1216,16
4,688,1200,8
4,746,1182,32
4,802,1156,-39
4,849,1136,-39
4,884,1120,-32
4,908,1100,-24
4,922,1078,-56
4,925,1052,-64
4,914,1019,-64
4,890,982,-64
4,848,955,-39
4,792,938,-32
4,741,919,-56
4,683,903,-48
4,616,889,-48
4,544,879,-39
4,450,883,8
4,326,904,48
4,191,928,88
4,48,956,96
4,-89,982,104
4,-233,991,72
4,-366,998,72
4,-493,1000,79
4,-596,995,119
4,-702,994,96
4,-818,989,88
4,-942,986,79
4,-1040,999,112
4,-1097,1026,88
4,-1157,1042,39
4,-1236,1023,24
4,-1303,1015,48
4,-1357,1030,32
4,-1400,1053,16
4,-1433,1073,16
4,-1454,1090,-8
4,-1476,1100,-32
4,-1487,1110,-39
4,-1488,1107,-64
4,-1485,1096,-88
4,-1474,1082,-119
4,-1467,1075,-119
4,-1456,1070,-72
4,-1439,1065,-88
4,-1420,1059,-104
4,-1351,1044,-79
4,-1271,1036,-48
4,-1101,1035,0
4,-936,1046,24
4,-780,1061,24
4,-625,1077,39
4,-472,1100,32
4,-323,1124,24
4,-182,1145,39
4,-45,1161,39
4,86,1173,48
4,209,1177,39
4,321,1177,24
4,415,1172,-8
4,484,1162,8
4,548,1144,-16
4,594,1136,32
4,634,1134,48
4,682,1117,-8
4,733,1096,16
4,781,1068,-32
4,822,1033,-56
4,835,994,-64
4,820,960,-64
4,789,928,-64
4,744,905,-56
4,689,887,-56
4,637,865,-72
4,565,859,8
4,476,867,32
4,381,885,39
4,294,891,56
4,200,907,39
4,91,923,48
4,-28,935,64
4,-158,939,79
4,-289,942,88
4,-400,966,24
4,-506,990,96
4,-615,1007,104
4,-720,1011,64
4,-811,1008,48
4,-916,996,64
4,-1021,983,72
4,-1118,974,56
4,-1183,981,56
4,-1237,991,72
4,-1299,992,16
4,-1367,960,-8
4,-1427,934,-24
4,-1476,930,-16
4,-1476,980,-24
4,-1469,1020,-48
4,-1450,1056,-48
4,-1424,1064,-88
4,-1403,1058,-88
4,-1375,1048,-112
4,-1340,1036,-112
4,-1264,1010,-104
4,-1171,991,-56
4,-1064,987,-32
4,-948,995,-16
4,-834,996,-24
4,-730,987,-24
4,-616,994,-8
4,-505,1002,32
4,-389,1016,32
4,-254,1040,48
4,-117,1067,48
4,26,1101,72
4,147,1124,48
4,270,1136,24
4,391,1140,24
4,485,1136,79
4,570,1118,24
4,650,1110,24
4,724,1113,24
4,783,1115,16
4,843,1108,-16
4,886,1113,0
4,913,1120,0
4,931,1125,-24
4,940,1122,-56
4,936,1120,-64
4,930,1111,-79
4,926,1106,-88
4,918,1101,-56
4,905,1095,-48
4,891,1089,-72
4,873,1083,-39
4,852,1079,-24
4,777,1074,-16
4,699,1070,-8
4,537,1064,16
4,377,1057,48
4,230,1043,56
4,72,1041,96
4,-75,1047,96
4,-230,1046,88
4,-384,1049,79
4,-527,1047,79
4,-652,1040,136
4,-772,1044,79
4,-900,1041,96
4,-1025,1034,96
4,-1155,1019,88
4,-1275,1024,24
4,-1401,1032,0
4,-1516,1020,32
4,-1603,1014,32
4,-1647,1047,32
4,-1680,1071,-8
4,-1739,1099,0
4,-1766,1113,-16
4,-1802,1150,-39
4,-1801,1192,-24
4,-1772,1198,-88
4,-1749,1177,-104
4,-1712,1140,-128
4,-1671,1110,-119
4,-1621,1077,-152
4,-1513,1034,0
4,-1385,988,-88
4,-1253,951,-56
4,-1122,931,-56
4,-993,925,-32
4,-855,931,-16
4,-721,943,-16
4,-590,950,8
4,-463,953,32
4,-321,966,72
4,-186,984,64
4,-47,1012,79
4,83,1030,48
4,185,1037,32
4,276,1048,39
4,368,1059,32
4,455,1062,32
4,524,1062,24
4,586,1074,48
4,644,1080,-8
4,697,1090,-16
4,739,1102,-8
4,767,1122,0
4,790,1121,-72
4,786,1114,-48
4,771,1108,-48
4,762,1105,-56
4,752,1101,-79
4,740,1094,-104
4,724,1089,16
4,700,1089,39
4,616,1095,48
4,440,1114,39
4,276,1122,24
4,112,1129,24
4,-55,1126,56
4,-205,1138,16
4,-330,1155,8
4,-461,1158,128
4,-605,1153,96
4,-761,1124,72
4,-911,1085,72
4,-1056,1048,88
4,-1199,1017,48
4,-1341,1010,-8
4,-1446,1001,39
4,-1520,1016,8
4,-1595,1014,0
4,-1657,1003,0
4,-1708,987,0
4,-1753,968,0
4,-1761,967,-39
4,-1789,966,0
4,-1783,958,-104
4,-1744,959,-128
4,-1727,957,-119
4,-1706,954,-119
4,-1642,944,8
4,-1569,935,-64
4,-1413,932,-56
4,-1254,933,-64
4,-1099,943,-48
4,-951,943,-39
4,-795,954,8
4,-638,970,32
4,-478,983,39
4,-320,1019,72
4,-166,1053,64
4,-14,1095,39
4,118,1136,56
4,244,1167,56
4,363,1180,39
4,467,1191,39
4,556,1198,39
4,639,1211,56
4,697,1217,24
4,752,1221,8
4,798,1221,8
4,832,1203,-8
4,857,1197,-16
4,864,1189,-16
4,861,1193,-8
4,861,1194,-24
4,859,1200,-24
4,858,1203,-16
4,855,1211,8
4,852,1217,-16
4,847,1217,-16
4,842,1218,-24
4,836,1219,-32
4,827,1218,-16
4,818,1218,-16
4,809,1219,0
4,799,1221,8
4,788,1225,-16
4,777,1227,-16
4,767,1225,0
4,757,1222,-16
4,747,1222,0
4,734,1225,16
4,722,1224,0
4,710,1226,-16
4,700,1224,16
4,696,1222,16
4,691,1221,0
4,684,1225,8
4,672,1230,16
4,660,1234,-8
4,646,1239,-16
4,634,1243,8
4,623,1247,8
4,615,1255,16
4,605,1263,24
4,596,1270,0
4,587,1276,0
4,577,1280,8
4,566,1286,0
4,556,1290,8
4,546,1294,16
4,538,1298,16
4,531,1302,8
4,525,1306,0
4,521,1308,0
4,518,1311,16
4,516,1315,24
4,514,1318,8
4,511,1320,8
4,511,1325,8
4,510,1327,-8
4,510,1329,8
4,510,1331,16
4,513,1334,16
4,517,1337,24
4,524,1344,8
4,532,1348,-8
4,539,1350,0
4,544,1349,0
4,549,1348,-8
4,558,1346,8
4,568,1342,16
4,579,1338,32
4,611,1324,0
4,640,1309,-8
4,674,1296,-24
4,704,1282,0
4,730,1267,-8
4,761,1241,-16
4,796,1208,-24
4,868,1144,-16
4,926,1087,-32
4,982,1022,-39
4,1023,961,-39
4,1048,911,-39
4,1064,870,-88
4,1070,835,-64
4,1062,814,-32
4,1051,796,-79
4,1011,759,-72
4,956,731,-48
4,895,708,-48
4,829,693,-39
4,764,679,-48
4,698,668,-39
4,621,674,-8
4,538,687,16
4,444,701,39
4,343,723,56
4,228,761,72
4,104,803,79
4,-21,841,79
4,-136,866,79
4,-260,899,104
4,-390,925,104
4,-518,941,112
4,-632,964,104
4,-747,982,104
4,-859,997,72
4,-966,1017,64
4,-1068,1030,56
4,-1167,1034,48
4,-1246,1012,48
4,-1322,975,39
4,-1389,958,32
4,-1445,970,56
4,-1517,991,16
4,-1568,1025,32
4,-1602,1074,0
4,-1624,1118,0
4,-1634,1143,-24
4,-1639,1134,-56
4,-1636,1122,-64
4,-1627,1107,-79
4,-1624,1098,-79
4,-1617,1090,-104
4,-1604,1085,-104
4,-1586,1081,-119
4,-1566,1077,-72
4,-1499,1066,-88
4,-1424,1063,-64
4,-1267,1061,-72
4,-1110,1060,-56
4,-966,1049,-72
4,-828,1032,-56
4,-678,1030,16
4,-521,1033,39
4,-363,1041,39
4,-206,1051,39
4,-56,1059,32
4,93,1073,32
4,229,1072,39
4,357,1068,48
4,454,1062,56
4,534,1039,56
4,616,1022,56
4,695,1007,24
4,769,995,8
4,830,988,24
4,890,976,24
4,945,966,16
4,991,967,32
4,1031,964,8
4,1067,950,-24
4,1081,936,-48
4,1090,914,-79
4,1082,908,-48
4,1058,906,-56
4,1028,905,-72
4,1001,904,-96
4,960,905,-72
4,906,908,-56
4,783,918,-16
4,653,933,16
4,524,952,32
4,402,960,56
4,273,970,32
4,135,978,48
4,1,979,56
4,-141,980,79
4,-287,981,104
4,-411,1004,16
4,-538,1018,104
4,-666,1020,104
4,-789,1022,72
4,-916,1018,79
4,-1038,1007,72
4,-1172,1004,56
4,-1282,1015,8
4,-1395,1057,0
4,-1515,1085,-8
4,-1633,1138,8
4,-1718,1171,8
4,-1754,1161,0
4,-1754,1142,0
4,-1749,1143,8
4,-1756,1139,-24
4,-1759,1144,8
4,-1757,1138,-48
4,-1749,1122,-56
4,-1736,1106,-72
4,-1728,1100,-88
4,-1717,1096,-104
4,-1703,1089,-128
4,-1684,1083,-112
4,-1661,1077,-136
4,-1585,1058,-112
4,-1503,1048,-72
4,-1333,1036,-64
4,-1173,1033,-64
4,-1025,1028,-48
4,-877,1024,-39
4,-725,1020,0
4,-559,1031,39
4,-392,1041,56
4,-231,1054,56
4,-83,1061,48
4,50,1069,39
4,184,1071,48
4,316,1058,48
4,431,1052,48
4,535,1047,48
4,643,1042,48
4,733,1039,39
4,808,1028,-8
4,866,1020,24
4,914,1009,-32
4,956,1005,-8
4,986,1003,-32
4,1005,992,-48
4,1011,978,-48
4,1004,969,-64
4,994,955,-88
4,977,940,-104
4,945,930,-72
4,902,924,-48
4,803,924,-16
4,705,926,-8
4,604,933,8
4,509,930,-32
4,401,940,8
4,296,947,16
4,168,957,48
4,22,965,88
4,-102,989,0
4,-237,1004,104
4,-379,1000,88
4,-516,1006,88
4,-652,1009,72
4,-759,1001,128
4,-880,984,88
4,-1004,971,79
4,-1115,962,72
4,-1206,964,64
4,-1304,949,48
4,-1394,958,24
4,-1465,987,8
4,-1513,1042,16
4,-1541,1087,8
4,-1572,1107,-8
4,-1582,1102,-24
4,-1589,1085,-56
4,-1584,1077,-88
4,-1569,1075,-88
4,-1561,1072,-96
4,-1548,1069,-88
4,-1533,1067,-136
4,-1515,1063,-79
4,-1457,1048,-72
4,-1396,1037,-64
4,-1265,1025,-64
4,-1138,1018,-64
4,-1016,1005,-79
4,-890,996,-32
4,-760,1000,0
4,-629,1017,32
4,-503,1041,32
4,-376,1076,39
4,-251,1114,39
4,-131,1152,56
4,-19,1183,72
4,92,1218,64
4,198,1249,64
4,299,1287,88
4,394,1314,39
4,469,1323,24
4,523,1324,39
4,570,1320,16
4,604,1311,8
4,638,1308,16
4,682,1310,-16
4,729,1306,-39
4,768,1292,-56
4,800,1274,-48
4,825,1246,-39
4,841,1217,-72
4,853,1180,-32
4,868,1137,-16
4,889,1100,-24
4,907,1058,-48
4,924,1006,-32
4,941,950,-48
4,952,896,-39
4,966,841,-32
4,974,792,0
4,975,746,-32
4,982,699,-24
4,991,659,-39
4,997,628,-24
4,1008,614,8
4,1002,625,39
4,1000,628,8
4,996,633,8
4,990,640,48
4,983,650,88
4,978,665,88
4,974,683,88
4,972,706,79
4,963,770,32
4,957,830,24
4,946,889,8
4,929,938,56
4,913,985,8
4,896,1036,0
4,858,1126,0
4,824,1200,0
4,796,1247,-24
4,786,1260,-39
4,774,1268,-32
4,756,1273,-32
4,732,1279,-24
4,712,1284,-8
4,689,1291,-8
4,670,1297,-32
4,649,1304,-32
4,629,1306,-32
4,613,1310,-24
4,602,1308,0
4,600,1301,-8
4,599,1294,-8
4,598,1292,-39
4,601,1287,-8
4,603,1282,-8
4,606,1276,-8
4,610,1269,0
4,614,1251,8
4,622,1237,32
4,625,1232,-16
4,629,1227,0
4,631,1224,0
4,633,1222,8
4,636,1218,24
4,640,1217,24
4,644,1215,16
4,649,1213,-8
4,656,1208,-8
4,662,1204,16
4,666,1202,0
4,672,1199,8
4,676,1198,64
4,681,1197,8
4,686,1195,-16
4,689,1194,-8
4,692,1191,-16
4,695,1188,16
4,700,1185,8
4,704,1183,8
4,708,1183,-8
4,712,1183,-8
4,716,1181,-56
4,720,1178,-8
4,726,1174,16
4,730,1171,0
4,736,1168,0
4,743,1165,-8
4,750,1162,-8
4,754,1158,-64
4,757,1155,8
4,760,1152,48
4,764,1149,8
4,770,1149,0
4,775,1148,-16
4,780,1147,-8
4,781,1145,-39
4,784,1143,16
4,789,1138,32
4,795,1135,16
4,802,1134,8
4,810,1132,-8
4,818,1129,0
4,821,1126,-16
4,826,1122,24
4,832,1116,16
4,839,1113,16
4,843,1113,-8
4,848,1113,-16
4,854,1108,-39
4,859,1103,-8
4,865,1101,-8
4,871,1100,0
4,877,1098,16
4,882,1094,-16
4,886,1090,0
4,889,1087,-16
4,892,1085,-8
4,897,1082,8
4,902,1081,8
4,906,1079,0
4,910,1076,-16
4,912,1074,-56
4,915,1071,0
4,919,1068,8
4,923,1065,8
4,927,1061,8
4,932,1058,0
4,935,1055,-8
4,938,1053,8
4,937,1050,-8
4,939,1048,24
4,941,1047,16
4,946,1043,0
4,949,1042,0
4,952,1038,-16
4,956,1035,-16
4,960,1034,0
4,963,1032,16
4,966,1032,16
4,968,1031,-8
4,970,1030,-16
4,972,1029,-8
4,974,1027,-8
4,979,1021,8
4,981,1017,32
4,985,1014,8
4,986,1014,-16
4,985,1013,-32
4,982,1012,-79
4,979,1009,-48
4,973,1009,-24
4,965,1010,-32
4,955,1011,-32
4,944,1011,-39
4,932,1010,-56
4,917,1009,-39
4,874,1006,-32
4,829,999,-39
4,782,987,-32
4,736,971,-8
4,642,959,-16
4,554,955,-32
4,470,954,-24
4,390,947,-24
4,303,949,8
4,208,956,32
4,120,967,32
4,32,976,32
4,-50,976,16
4,-143,972,32
4,-234,964,39
4,-324,956,56
4,-418,950,72
4,-523,946,88
4,-618,958,96
4,-705,973,72
4,-791,975,39
4,-878,972,48
4,-958,962,48
4,-1031,939,39
4,-1102,924,39
4,-1155,911,48
4,-1207,901,24
4,-1257,886,-32
4,-1288,889,0
4,-1310,885,-56
4,-1310,881,-64
4,-1302,891,-56
4,-1289,899,-72
4,-1280,905,-56
4,-1266,911,-79
4,-1250,914,-104
4,-1230,916,-79
4,-1164,920,-48
4,-1092,925,-16
4,-943,943,8
4,-809,961,8
4,-670,983,8
4,-533,1007,0
4,-396,1028,8
4,-292,1031,16
4,-177,1038,32
4,-56,1035,56
4,64,1027,39
4,178,1033,48
4,284,1036,16
4,379,1043,0
4,453,1042,16
4,513,1048,0
4,564,1052,-8
4,612,1049,8
4,662,1040,24
4,687,1034,0
4,696,1031,-16
4,704,1032,0
4,707,1031,72
4,709,1024,-64
4,713,1021,32
4,705,1018,8
4,699,1017,16
4,697,1018,-8
4,700,1019,-16
4,703,1019,-24
4,707,1020,0
4,709,1023,-8
4,711,1027,-8
4,710,1029,-24
4,709,1031,-24
4,708,1030,-16
4,708,1029,0
4,706,1027,-8
4,701,1027,-8
4,691,1027,16
4,682,1028,-16
4,673,1028,16
4,665,1027,-48
4,658,1026,8
4,651,1027,8
4,638,1027,32
4,627,1027,-16
4,618,1029,-16
4,609,1028,0
4,600,1030,0
4,591,1031,0
4,578,1031,16
4,561,1029,32
4,519,1028,-16
4,487,1028,-8
4,462,1031,8
4,458,1035,8
4,455,1039,24
4,449,1042,8
4,440,1044,0
4,432,1046,0
4,425,1049,0
4,416,1053,8
4,408,1056,16
4,402,1059,24
4,393,1061,39
4,383,1061,0
4,374,1061,-16
4,367,1062,-8
4,364,1065,8
4,363,1066,16
4,361,1069,24
4,361,1071,8
4,362,1076,8
4,362,1080,-8
4,363,1081,8
4,364,1085,8
4,364,1089,16
4,365,1093,24
4,365,1096,0
4,370,1101,0
4,373,1104,0
4,376,1107,-8
4,376,1108,0
4,376,1111,0
4,378,1115,0
4,378,1118,-8
4,376,1118,0
4,374,1118,-8
4,373,1119,-8
4,372,1121,8
4,374,1123,0
4,375,1127,-8
4,375,1129,-16
4,373,1129,-16
4,371,1128,-16
4,371,1128,0
4,369,1127,0
4,365,1126,8
4,363,1125,-8
4,360,1124,-8
4,359,1125,8
4,358,1125,0
4,358,1125,24
4,359,1125,24
4,365,1127,24
4,369,1128,8
4,373,1129,16
4,379,1129,32
4,386,1129,32
4,396,1130,48
4,406,1136,104
4,417,1141,39
4,457,1148,0
4,485,1149,39
4,519,1145,0
4,553,1133,8
4,591,1120,16
4,629,1105,32
4,709,1072,-24
4,779,1040,-8
4,838,1009,-16
4,891,974,-24
4,931,936,-79
4,940,904,-56
4,947,863,-79
4,931,832,-72
4,896,814,-56
4,856,792,-88
4,808,780,-39
4,748,775,-39
4,685,766,-64
4,606,765,-32
4,521,769,-16
4,424,783,24
4,319,791,64
4,203,808,88
4,80,838,104
4,-38,875,88
4,-167,905,88
4,-303,926,96
4,-443,939,112
4,-579,948,112
4,-716,946,119
4,-846,945,119
4,-964,953,79
4,-1062,959,39
4,-1156,964,64
4,-1237,971,79
4,-1328,962,56
4,-1393,956,32
4,-1452,965,56
4,-1525,965,39
4,-1586,981,0
4,-1637,1012,0
4,-1670,1041,8
4,-1685,1085,-8
4,-1686,1129,-24
4,-1688,1146,-72
4,-1679,1147,-64
4,-1668,1136,-88
4,-1660,1132,-119
4,-1651,1127,-119
4,-1637,1122,-104
4,-1589,1103,-119
4,-1536,1091,-119
4,-1418,1062,-88
4,-1301,1029,-72
4,-1185,1002,-64
4,-1071,982,-72
4,-957,959,-72
4,-841,937,-56
4,-712,934,8
4,-573,945,24
4,-428,959,32
4,-282,976,32
4,-141,988,24
4,-6,996,24
4,128,1002,48
4,251,1000,39
4,348,991,64
4,432,978,56
4,513,970,48
4,590,958,16
4,658,944,-16
4,718,942,16
4,767,947,16
4,806,947,-39
4,838,938,-48
4,851,921,-48
4,854,899,-72
4,840,890,-48
4,818,887,-39
4,793,881,-72
4,760,886,-24
4,724,891,-39
4,679,899,-24
4,581,908,-16
4,477,917,8
4,362,922,39
4,247,925,39
4,129,927,72
4,0,940,72
4,-138,957,79
4,-279,971,72
4,-409,990,72
4,-528,994,144
4,-640,1019,88
4,-761,1030,104
4,-882,1027,104
4,-1001,1025,88
4,-1116,1020,56
4,-1229,1021,39
4,-1322,994,39
4,-1393,988,39
4,-1467,1007,32
4,-1540,997,16
4,-1587,1009,24
4,-1609,1028,56
4,-1633,1066,-24
4,-1652,1080,-79
4,-1636,1076,-48
4,-1627,1077,-72
4,-1610,1072,-128
4,-1600,1070,-112
4,-1587,1065,-128
4,-1570,1060,-144
4,-1547,1052,-112
4,-1471,1028,-88
4,-1391,1007,-64
4,-1230,973,-64
4,-1079,960,-8
4,-934,945,-24
4,-801,930,-16
4,-658,930,8
4,-504,942,32
4,-347,957,48
4,-190,971,56
4,-31,975,64
4,118,1000,112
4,250,1025,48
4,362,1033,32
4,461,1026,24
4,549,1013,48
4,625,993,8
4,689,973,8
4,749,962,32
4,804,948,-16
4,852,942,0
4,896,929,-39
4,932,915,-56
4,939,906,-39
4,956,897,-79
4,952,894,-56
4,931,893,-79
4,920,893,-88
4,902,893,-32
4,878,895,8
4,798,906,32
4,634,935,39
4,476,964,39
4,311,985,56
4,146,999,64
4,-9,1005,72
4,-167,1011,104
4,-299,1035,16
4,-433,1055,104
4,-577,1060,128
4,-727,1061,119
4,-873,1069,96
4,-1008,1063,72
4,-1136,1031,72
4,-1264,1014,56
4,-1378,1005,64
4,-1489,987,64
4,-1599,945,48
4,-1707,895,48
4,-1799,868,8
4,-1738,1049,-104
4,-1722,1048,-144
4,-1704,1042,-192
4,-1639,1021,-152
4,-1567,1000,-112
4,-1412,980,-79
4,-1265,983,-64
4,-1108,1000,-56
4,-960,1017,-32
4,-827,1011,-39
4,-702,990,-48
4,-569,979,56
4,-410,1004,64
4,-242,1045,56
4,-78,1089,48
4,77,1125,39
4,214,1150,39
4,340,1166,39
4,451,1172,39
4,540,1171,39
4,617,1161,32
4,669,1161,79
4,724,1156,-32
4,783,1146,-32
4,830,1141,-32
4,857,1140,-39
4,875,1138,-48
4,888,1128,-72
4,889,1119,-79
4,878,1106,-72
4,858,1094,-56
4,827,1084,-39
4,786,1077,-32
4,738,1072,-32
4,631,1068,-24
4,533,1054,-16
4,416,1051,8
4,288,1050,39
4,147,1053,88
4,8,1042,96
4,-134,1043,96
4,-272,1052,88
4,-417,1048,88
4,-546,1021,79
4,-676,1010,128
4,-808,1008,96
4,-933,1015,96
4,-1039,1044,88
4,-1150,1061,88
4,-1263,1092,48
4,-1397,1195,32
4,-1528,1289,48
4,-1605,1265,8
4,-1656,1205,0
4,-1713,1147,-8
4,-1749,1107,8
4,-1778,1085,0
4,-1777,1065,-8
4,-1753,1047,-32
4,-1746,1046,0
4,-1748,1041,0
4,-1743,1042,-64
4,-1738,1043,-79
4,-1730,1042,-119
4,-1718,1040,-128
4,-1702,1037,-136
4,-1681,1033,-88
4,-1610,1021,-72
4,-1534,1003,-112
4,-1378,987,-64
4,-1233,978,-48
4,-1080,988,-48
4,-941,985,-56
4,-792,1001,-8
4,-635,1026,24
4,-485,1054,39
4,-341,1082,56
4,-192,1108,72
4,-43,1134,72
4,448,1133,32
4,537,1130,39
4,625,1126,16
4,702,1113,-24
4,754,1115,16
4,794,1113,-16
4,818,1118,-24
4,843,1108,-64
4,868,1084,-79
4,878,1054,-72
4,872,1019,-88
4,841,986,-48
4,792,968,-32
4,729,960,-24
4,668,954,-32
4,602,951,-39
4,523,956,-16
4,433,963,16
4,330,974,32
4,214,988,64
4,95,1000,72
4,95,1000,72
4,-152,1014,64
4,-266,1018,48
4,-364,998,64
4,-466,983,79
4,-564,971,96
4,-675,959,88
4,-783,968,72
4,-893,972,72
4,-1003,974,56
4,-1108,970,39
4,-1197,966,32
4,-1278,953,32
4,-1352,954,16
4,-1429,949,8
4,-1485,923,8
4,-1518,910,32
4,-1551,890,-8
4,-1571,891,16
4,-1573,910,-32
4,-1569,925,-39
4,-1560,932,-79
4,-1544,937,-88
4,-1534,937,-96
4,-1524,937,-104
4,-1509,936,-119
4,-1490,933,-119
4,-1424,926,-79
4,-1354,915,-112
4,-1208,911,-32
4,-1058,930,-16
4,-918,953,-16
4,-781,973,-16
4,-658,984,-8
4,-521,995,16
4,-384,1005,16
4,-271,1030,8
4,-149,1053,56
4,-27,1078,48
4,86,1104,16
4,184,1118,16
4,270,1125,16
4,355,1134,16
4,414,1159,8
4,467,1172,8
4,506,1181,8
4,539,1185,-8
4,559,1192,-8
4,578,1191,-8
4,588,1187,-8
4,593,1183,0
4,596,1182,-8
4,597,1184,-8
4,595,1187,-8
4,593,1187,-16
4,590,1186,-16
4,586,1185,0
4,582,1187,0
4,575,1187,16
4,569,1187,-8
4,561,1187,-24
4,553,1184,-8
4,546,1182,0
4,540,1183,8
4,534,1183,8
4,529,1185,0
4,522,1185,-8
4,515,1186,-16
4,509,1186,-16
4,502,1188,0
4,495,1189,0
4,488,1190,8
4,479,1191,8
4,470,1191,0
4,463,1190,0
4,457,1188,8
4,452,1188,16
4,446,1186,8
4,441,1185,8
4,438,1186,0
4,435,1187,0
4,433,1188,-8
4,434,1187,8
4,434,1186,8
4,435,1185,8
4,434,1184,-8
4,432,1182,-16
4,431,1180,0
4,431,1179,-8
4,431,1180,0
4,432,1181,8
4,432,1183,0
4,432,1183,-16
4,433,1181,0
4,434,1177,-8
4,435,1175,-8
4,435,1173,0
4,437,1169,8
4,440,1165,-8
4,443,1163,-16
4,447,1161,-8
4,449,1158,-8
4,452,1153,-56
4,457,1144,-48
4,460,1136,-8
4,460,1134,-8
4,459,1132,-8
4,458,1134,0
4,459,1132,-32
4,458,1131,8
4,458,1130,8
4,458,1129,-24
4,457,1128,-16
4,457,1127,-8
4,457,1123,8
4,458,1120,0
4,460,1118,8
4,463,1117,16
4,465,1117,0
4,465,1115,24
4,467,1113,24
4,471,1112,24
4,477,1110,32
4,485,1112,56
4,497,1115,56
4,511,1117,24
4,541,1119,16
4,572,1117,8
4,614,1110,8
4,651,1102,16
4,688,1089,16
4,722,1078,8
4,745,1077,72
4,764,1074,-8
4,781,1068,-24
4,798,1055,-48
4,815,1040,-56
4,831,1021,-64
4,838,1001,-79
4,839,978,-79
4,825,959,-56
4,802,943,-39
4,775,925,-56
4,704,906,-24
4,627,901,-32
4,542,898,-16
4,444,905,-8
4,339,917,24
4,226,926,64
4,107,919,79
4,-13,923,88
4,-140,926,79
4,-267,933,79
4,-401,935,88
4,-543,922,96
4,-669,919,104
4,-784,907,96
4,-891,916,104
4,-990,938,96
4,-1096,946,72
4,-1200,955,72
4,-1310,969,0
4,-1429,1024,32
4,-1505,1060,39
4,-1591,1056,48
4,-1655,1015,32
4,-1714,970,32
4,-1764,909,-24
4,-1801,859,-8
4,-1812,866,-24
4,-1790,895,-48
4,-1779,913,-56
4,-1758,936,-79
4,-1732,950,-112
4,-1701,947,-128
4,-1667,937,-119
4,-1622,932,-96
4,-1525,914,-128
4,-1428,907,-72
4,-1333,901,-56
4,-1235,902,-64
4,-1131,909,-56
4,-1028,918,-39
4,-920,927,-48
4,-799,956,16
4,-682,987,32
4,-572,1018,32
4,-465,1050,39
4,-368,1095,32
4,-271,1127,32
4,-175,1162,32
4,-82,1188,48
4,12,1208,48
4,105,1240,56
4,188,1270,24
4,257,1300,8
4,318,1314,0
4,373,1321,8
4,427,1335,8
4,474,1344,8
4,510,1340,16
4,538,1352,32
4,558,1386,-24
4,573,1406,-8
4,595,1387,-8
4,607,1381,-16
4,610,1374,-16
4,614,1366,0
4,621,1359,-24
4,622,1353,-24
4,622,1350,-16
4,623,1350,-16
4,623,1347,-32
4,623,1346,48
4,623,1345,8
4,624,1344,-24
4,624,1343,-16
4,626,1340,-16
4,628,1337,-8
4,626,1331,0
4,623,1326,0
4,622,1324,-8
4,621,1321,-16
4,619,1318,-16
4,618,1316,-8
4,617,1316,8
4,618,1315,0
4,618,1314,0
4,619,1313,-8
4,619,1310,-8
4,619,1306,0
4,620,1302,8
4,621,1300,8
4,626,1299,8
4,628,1300,-8
4,627,1299,-8
4,625,1298,-8
4,622,1298,-16
4,618,1299,8
4,614,1298,16
4,612,1298,8
4,608,1297,0
4,607,1298,0
4,605,1297,0
4,603,1296,16
4,601,1297,8
4,599,1298,16
4,597,1299,0
4,595,1300,0
4,593,1302,8
4,592,1304,8
4,591,1304,8
4,590,1303,8
4,588,1304,8
4,587,1305,-8
4,586,1306,-16
4,585,1307,-8
4,584,1307,0
4,583,1308,0
4,582,1308,-8
4,580,1308,-16
4,580,1308,-16
4,580,1308,-8
4,582,1306,16
4,585,1304,0
4,587,1301,0
4,589,1299,-16
4,593,1297,-16
4,597,1296,-8
4,598,1293,-8
4,599,1291,-8
4,595,1286,8
4,593,1282,-16
4,592,1277,-8
4,592,1274,-8
4,588,1270,-32
4,585,1268,0
4,582,1268,-24
4,579,1268,-8
4,577,1268,-8
4,575,1267,0
4,573,1266,8
4,571,1264,8
4,567,1264,0
4,562,1263,-16
4,558,1263,-8
4,556,1265,-8
4,554,1264,0
4,551,1264,0
4,547,1260,-8
4,542,1257,-8
4,538,1250,-16
4,533,1246,-8
4,530,1238,-39
4,527,1233,0
4,522,1231,-16
4,518,1232,-16
4,517,1231,-8
4,514,1228,-16
4,509,1225,0
4,506,1222,0
4,506,1219,-8
4,503,1217,-16
4,500,1210,24
4,496,1206,0
4,491,1203,0
4,490,1202,0
4,490,1200,8
4,485,1194,8
4,481,1188,0
4,474,1185,0
4,470,1182,8
4,463,1180,0
4,459,1178,24
4,458,1177,16
4,455,1174,48
4,456,1172,16
4,459,1169,24
4,466,1167,32
4,476,1166,39
4,487,1164,48
4,500,1162,24
4,534,1153,32
4,563,1144,16
4,591,1135,16
4,620,1120,8
4,653,1105,8
4,688,1083,-8
4,728,1061,0
4,795,1027,8
4,851,1001,-32
4,893,975,-48
4,906,960,-64
4,902,947,-88
4,890,933,-79
4,872,921,-72
4,846,911,-48
4,815,901,-32
4,750,883,-32
4,679,868,-8
4,601,870,-8
4,522,861,-24
4,427,855,0
4,343,843,24
4,243,847,48
4,135,863,64
4,20,887,72
4,-101,912,79
4,-221,932,72
4,-342,947,64
4,-466,956,72
4,-580,962,72
4,-693,962,79
4,-802,959,79
4,-899,965,72
4,-1005,956,72
4,-1112,931,64
4,-1196,911,24
4,-1272,915,32
4,-1340,912,48
4,-1397,888,32
4,-1452,865,24
4,-1499,852,16
4,-1555,849,8
4,-1621,870,8
4,-1681,894,0
4,-1725,923,0
4,-1763,944,0
4,-1781,954,0
4,-1766,965,-48
4,-1745,958,-64
4,-1736,959,-79
4,-1722,961,-119
4,-1669,958,-112
4,-1606,950,-104
4,-1490,938,-104
4,-1365,929,-56
4,-1230,929,-32
4,-1100,935,-24
4,-972,939,-32
4,-861,943,-16
4,-735,958,0
4,-602,974,8
4,-462,993,24
4,-299,1022,72
4,-132,1057,72
4,26,1085,64
4,176,1101,39
4,315,1117,24
4,423,1123,39
4,541,1118,32
4,629,1113,48
4,699,1101,32
4,759,1087,39
4,804,1095,64
4,854,1109,-8
4,900,1106,-16
4,941,1097,-32
4,974,1081,-39
4,989,1066,-48
4,979,1053,-64
4,968,1042,-79
4,947,1031,-88
4,914,1019,-72
4,871,1009,-56
4,783,988,-64
4,695,964,-32
4,608,946,8
4,506,947,8
4,400,949,8
4,279,960,32
4,149,970,56
4,11,977,88
4,-129,987,104
4,-271,993,119
4,-405,1009,96
4,-526,1040,72
4,-661,1061,72
4,-787,1061,72
4,-893,1066,64
4,-993,1070,48
4,-1095,1052,48
4,-1181,1030,48
4,-1262,997,32
4,-1340,965,0
4,-1403,942,-16
4,-1449,939,16
4,-1468,961,-24
4,-1473,989,-32
4,-1464,994,-72
4,-1454,996,-88
4,-1448,994,-96
4,-1439,991,-96
4,-1425,987,-96
4,-1406,983,-88
4,-1345,971,-72
4,-1276,966,-32
4,-1139,946,-56
4,-1006,945,-16
4,-877,945,-8
4,-743,967,0
4,-603,998,24
4,-460,1033,56
4,-322,1069,56
4,-185,1105,64
4,-57,1141,64
4,67,1181,64
4,181,1211,39
4,283,1237,32
4,376,1250,32
4,462,1254,24
4,531,1254,16
4,588,1249,39
4,635,1245,39
4,674,1238,0
4,708,1238,-16
4,742,1242,-8
4,759,1244,-32
4,768,1236,-48
4,762,1236,-8
4,754,1237,8
4,753,1236,-56
4,751,1233,-16
4,748,1230,-16
4,743,1227,-16
4,736,1223,-48
4,728,1219,-24
4,719,1215,-24
4,709,1212,0
4,697,1206,-64
4,685,1203,16
4,675,1204,16
4,663,1205,8
4,652,1206,8
4,642,1207,8
4,633,1208,16
4,625,1211,16
4,618,1210,39
4,609,1211,16
4,602,1212,8
4,595,1216,0
4,588,1221,-8
4,585,1223,16
4,579,1222,-24
4,580,1219,16
4,581,1215,-8
4,586,1212,16
4,594,1208,16
4,600,1208,16
4,607,1209,24
4,612,1213,24
4,619,1216,24
4,626,1220,16
4,635,1223,32
4,644,1225,16
4,654,1225,24
4,663,1228,16
4,674,1231,8
4,702,1239,8
4,730,1247,16
4,756,1255,0
4,779,1263,8
4,803,1276,16
4,820,1281,0
4,836,1281,-8
4,843,1281,16
4,850,1280,-8
4,857,1279,0
4,862,1278,0
4,868,1280,8
4,875,1282,-16
4,881,1285,0
4,885,1288,0
4,888,1289,-8
4,891,1286,8
4,895,1284,16
4,898,1279,-8
4,900,1276,0
4,903,1272,-8
4,903,1263,0
4,905,1257,-8
4,906,1253,0
4,904,1249,8
4,902,1241,-16
4,900,1231,-16
4,902,1222,0
4,902,1209,16
4,906,1179,16
4,909,1160,8
4,912,1157,-24
4,916,1157,-16
4,920,1158,16
4,924,1160,-24
4,928,1163,-16
4,933,1163,0
4,937,1162,-32
4,938,1162,-48
4,937,1161,-39
4,931,1159,-16
4,925,1157,-64
4,914,1156,-39
4,903,1152,-48
4,891,1147,-72
4,879,1143,-72
4,865,1136,-64
4,815,1122,-32
4,763,1112,-32
4,706,1108,-8
4,575,1106,16
4,435,1107,16
4,292,1107,24
4,148,1105,39
4,17,1090,119
4,-111,1073,79
4,-252,1065,104
4,-392,1066,104
4,-538,1081,79
4,-667,1094,79
4,-799,1089,79
4,-916,1091,88
4,-1020,1091,88
4,-1136,1079,88
4,-1236,1066,79
4,-1319,1056,56
4,-1378,1053,-8
4,-1412,1055,16
4,-1454,1063,0
4,-1475,1098,64
4,-1514,1150,-8
4,-1530,1200,-24
4,-1541,1234,-72
4,-1532,1227,-79
4,-1514,1216,-104
4,-1488,1195,-112
4,-1476,1187,-119
4,-1435,1161,-119
4,-1386,1137,-104
4,-1275,1098,-144
4,-1159,1066,-79
4,-1054,1032,-48
4,-950,1009,-16
4,-849,986,-32
4,-738,982,-16
4,-623,991,8
4,-497,1018,24
4,-367,1044,48
4,-243,1078,56
4,-124,1105,48
4,-11,1125,32
4,102,1148,24
4,201,1165,32
4,290,1170,32
4,364,1172,32
4,431,1172,24
4,478,1173,-8
4,522,1175,-8
4,555,1177,-16
4,580,1180,8
4,601,1176,16
4,608,1173,16
4,612,1175,8
4,611,1178,0
4,614,1180,-24
4,614,1185,-16
4,612,1183,-24
4,609,1184,8
4,607,1186,16
4,605,1189,-16
4,602,1192,-8
4,599,1193,-8
4,596,1196,16
4,592,1200,24
4,585,1201,0
4,578,1203,-8
4,571,1208,8
4,565,1213,0
4,558,1218,8
4,552,1223,16
4,548,1225,16
4,544,1225,32
4,538,1227,32
4,531,1231,0
4,523,1237,0
4,515,1242,0
4,507,1248,0
4,500,1253,0
4,493,1255,0
4,487,1258,-8
4,480,1260,0
4,472,1261,-8
4,465,1265,-8
4,331,1258,0
4,332,1256,-16
4,334,1254,-16
4,335,1253,-8
4,339,1251,-8
4,342,1249,-8
4,346,1246,-16
4,348,1244,-16
4,350,1241,-32
4,350,1237,-39
4,349,1232,-48
4,349,1228,-64
4,348,1222,-72
4,346,1214,-79
4,343,1205,-72
4,340,1195,-64
4,334,1181,-56
4,307,1141,-64
4,281,1099,-64
4,255,1057,-72
4,224,969,-64
4,208,882,-64
4,192,797,-64
4,183,715,-56
4,166,648,-39
4,149,587,-24
4,134,534,-24
4,114,493,-16
4,92,456,-16
4,69,426,-8
4,49,396,-8