4,-76,1307,-8
4,-70,1306,0
4,-62,1306,8
4,-56,1305,-8
4,-52,1307,-8
4,-51,1308,0
4,-53,1310,-8
4,-53,1311,0
4,-48,1311,0
4,-42,1311,-8
4,-35,1311,-8
4,-31,1310,-24
4,-28,1308,-8
4,-24,1307,-16
4,-17,1304,-8
4,-9,1299,8
4,2,1293,32
4,18,1287,48
4,66,1268,16
4,117,1249,16
4,173,1233,0
4,288,1200,8
4,395,1150,24
4,490,1103,32
4,571,1055,32
4,641,1024,56
4,712,996,39
4,778,982,72
4,834,979,39
4,880,959,-56
4,909,960,8
4,928,942,-56
4,927,940,-56
4,918,929,-72
4,895,914,-72
4,861,891,-88
4,817,866,-96
4,716,821,-72
4,605,790,-8
4,479,773,48
4,342,768,72
4,192,764,88
4,34,759,104
4,-103,764,88
4,-254,766,159
4,-413,773,136
4,-568,773,128
4,-709,788,136
4,-841,838,224
4,-964,868,79
4,-1088,856,8
4,-1179,846,48
4,-1248,822,-24
4,-1295,790,-56
4,-1321,771,-56
4,-1322,752,-64
4,-1300,747,-88
4,-1292,748,-96
4,-1279,752,-96
4,-1261,758,-79
4,-1239,764,-79
4,-1165,783,-79
4,-1080,799,-56
4,-910,826,-24
4,-738,856,24
4,-557,885,64
4,-377,910,72
4,-201,932,72
4,-39,947,64
4,114,957,64
4,259,966,56
4,383,967,112
4,500,960,72
4,606,952,8
4,691,947,8
4,766,940,16
4,818,930,-24
4,851,924,-24
4,894,930,0
4,915,926,-39
4,922,918,-48
4,915,913,-56
4,897,909,-56
4,890,907,-72
4,879,905,-64
4,865,905,-64
4,844,905,-24
4,766,913,32
4,611,918,8
4,439,934,104
4,262,956,104
4,78,974,79
4,-116,987,79
4,-298,992,79
4,-455,994,79
4,-603,996,79
4,-732,988,104
4,-856,980,119
4,-983,963,79
4,-1097,959,48
4,-1186,970,32
4,-1257,986,8
4,-1314,981,-48
4,-1362,930,-64
4,-1400,890,-48
4,-1424,870,-104
4,-1426,855,-119
4,-1405,856,-119
4,-1377,864,-96
4,-1335,872,-112
4,-1226,880,-112
4,-1106,882,-96
4,-973,888,-56
4,-836,884,-48
4,-689,897,24
4,-525,926,48
4,-375,941,32
4,-228,952,48
4,-76,956,56
4,74,952,64
4,223,950,72
4,371,929,88
4,514,912,64
4,637,893,16
4,748,886,48
4,848,877,56
4,922,873,48
4,978,855,16
4,1033,844,8
4,1076,829,-39
4,1111,807,-48
4,1129,786,-56
4,1137,768,-56
4,1129,770,-56
4,1114,776,-64
4,1105,779,-56
4,1091,784,-56
4,1078,789,-112
4,1060,794,-79
4,992,807,-64
4,830,835,-8
4,666,855,24
4,489,876,72
4,307,897,96
4,119,911,88
4,-63,921,79
4,-222,922,112
4,-392,912,104
4,-560,888,104
4,-720,871,112
4,-867,875,128
4,-1005,882,64
4,-1126,892,24
4,-1231,901,39
4,-1329,935,16
4,-1401,962,-24
4,-1438,1008,0
4,-1468,1031,-24
4,-1469,1032,-88
4,-1436,1016,-128
4,-1426,1016,-79
4,-1411,1013,-119
4,-1390,1007,-144
4,-1325,987,-152
4,-1252,967,-96
4,-1093,941,-39
4,-931,929,-8
4,-768,931,16
4,-601,937,32
4,-431,942,32
4,-269,943,39
4,-117,940,56
4,16,935,104
4,147,930,96
4,273,928,56
4,389,927,39
4,483,939,39
4,569,955,32
4,637,974,24
4,695,969,-32
4,742,954,-39
4,776,952,-39
4,787,949,-56
4,786,948,-79
4,770,950,-39
4,758,951,-39
4,740,952,-48
4,719,954,-39
4,648,960,-39
4,582,962,-8
4,508,964,64
4,419,966,79
4,222,970,112
4,38,966,104
4,-143,964,88
4,-339,949,79
4,-503,936,112
4,-662,923,104
4,-819,906,88
4,-949,905,96
4,-1065,907,112
4,-1159,926,128
4,-1237,943,16
4,-1297,960,-8
4,-1356,957,-39
4,-1402,977,24
4,-1440,971,-88
4,-1463,941,-104
4,-1457,910,-112
4,-1442,898,-112
4,-1412,889,-119
4,-1372,879,-136
4,-1273,858,-119
4,-1167,839,-88
4,-1059,828,-48
4,-950,822,-56
4,-841,819,-24
4,-736,815,-39
4,-618,830,-8
4,-488,848,16
4,-350,854,32
4,-211,873,64
4,-76,902,72
4,47,925,39
4,163,940,32
4,271,955,32
4,366,960,39
4,457,967,56
4,544,978,56
4,626,988,32
4,693,1007,16
4,744,1040,24
4,785,1056,-32
4,829,1059,32
4,868,1080,24
4,910,1096,8
4,934,1106,0
4,948,1127,0
4,962,1132,16
4,959,1134,0
4,961,1137,16
4,966,1143,-8
4,977,1157,-8
4,982,1166,-16
4,982,1174,16
4,967,1179,16
4,964,1181,0
4,962,1183,-8
4,958,1185,39
4,954,1188,8
4,947,1192,16
4,940,1198,24
4,911,1208,48
4,888,1219,-8
4,872,1229,-8
4,861,1240,16
4,857,1244,16
4,853,1249,16
4,848,1254,-8
4,843,1258,16
4,837,1263,16
4,833,1268,24
4,831,1274,16
4,828,1279,-8
4,827,1286,-8
4,824,1292,24
4,820,1301,-24
4,811,1321,0
4,804,1339,8
4,803,1344,-24
4,801,1347,-24
4,798,1346,8
4,797,1345,8
4,796,1345,0
4,795,1347,8
4,794,1352,-16
4,791,1359,-24
4,788,1364,16
4,786,1366,-8
4,785,1369,8
4,785,1372,-8
4,785,1375,-24
4,784,1377,-16
4,782,1375,-72
4,780,1374,72
4,778,1374,-8
4,777,1375,-24
4,775,1373,39
4,773,1371,0
4,769,1370,8
4,766,1370,16
4,763,1371,8
4,761,1372,-24
4,758,1370,56
4,755,1367,-8
4,752,1366,0
4,750,1365,8
4,751,1364,-8
4,749,1365,-32
4,747,1364,-8
4,744,1360,-56
4,743,1356,8
4,742,1353,16
4,742,1351,-8
4,742,1349,-8
4,743,1346,8
4,745,1343,-8
4,748,1338,24
4,752,1331,-8
4,759,1325,-16
4,765,1318,0
4,772,1311,24
4,779,1301,0
4,787,1292,24
4,796,1281,-32
4,823,1250,-32
4,849,1220,-32
4,871,1188,-56
4,887,1151,-79
4,892,1117,-56
4,882,1087,-56
4,862,1061,-56
4,838,1039,-72
4,768,1012,-32
4,683,1000,-32
4,580,997,-16
4,485,980,-16
4,365,970,56
4,210,968,88
4,75,988,8
4,-73,996,119
4,-246,988,96
4,-424,966,88
4,-597,937,104
4,-734,925,159
4,-859,910,96
4,-979,900,104
4,-1098,899,136
4,-1212,891,56
4,-1334,883,-8
4,-1442,891,0
4,-1556,894,8
4,-1646,914,0
4,-1720,924,-72
4,-1761,949,0
4,-1770,959,-96
4,-1723,931,-128
4,-1708,927,-128
4,-1687,924,-128
4,-1662,920,-136
4,-1633,914,-152
4,-1545,898,-159
4,-1449,876,-104
4,-1251,841,-56
4,-1054,824,-16
4,-855,817,24
4,-655,821,32
4,-456,831,56
4,-261,838,88
4,-76,842,96
4,85,859,104
4,227,885,96
4,363,907,64
4,499,908,79
4,623,901,39
4,737,880,48
4,836,860,64
4,910,854,32
4,974,851,16
4,1031,855,0
4,1074,862,-16
4,1098,878,-16
4,1096,894,0
4,1096,902,16
4,1095,916,-16
4,1092,928,-16
4,1086,933,-24
4,1070,945,-39
4,1053,961,-16
4,1041,974,72
4,1023,989,-24
4,1004,1002,-39
4,978,1015,-39
4,947,1028,-39
4,881,1040,-16
4,824,1045,-24
4,765,1058,-24
4,720,1064,-64
4,661,1062,-64
4,579,1065,-48
4,489,1058,-39
4,375,1059,8
4,271,1058,0
4,161,1059,8
4,37,1045,24
4,-98,1034,56
4,-226,1048,39
4,-350,1043,56
4,-466,1027,48
4,-600,1008,72
4,-734,985,56
4,-865,965,56
4,-964,968,39
4,-1046,973,0
4,-1110,980,8
4,-1178,971,0
4,-1233,960,-39
4,-1266,928,-72
4,-1270,906,-48
4,-1253,886,-64
4,-1245,871,-88
4,-1233,859,-72
4,-1209,850,-79
4,-1177,845,-88
4,-1131,845,-104
4,-1031,841,-88
4,-919,844,-64
4,-801,837,-56
4,-677,848,8
4,-541,863,16
4,-398,881,16
4,-248,895,32
4,-102,901,39
4,44,902,72
4,182,898,79
4,301,879,79
4,416,860,96
4,530,840,96
4,645,824,79
4,746,819,56
4,836,818,48
4,899,827,16
4,933,853,-8
4,973,876,8
4,1013,893,-32
4,1038,910,-48
4,1050,923,-48
4,1044,928,-64
4,1033,932,-56
4,1023,932,-56
4,1012,933,-56
4,997,934,-72
4,945,938,-64
4,886,941,-72
4,753,954,-32
4,602,969,8
4,445,985,16
4,281,994,39
4,115,992,48
4,-32,984,104
4,-175,967,136
4,-337,946,119
4,-499,925,112
4,-655,910,96
4,-790,899,96
4,-905,904,88
4,-1025,895,79
4,-1140,888,88
4,-1258,901,48
4,-1362,920,0
4,-1479,942,0
4,-1585,976,0
4,-1686,1016,0
4,-1766,1039,-112
4,-1728,977,-112
4,-1669,920,-112
4,-1626,901,-112
4,-1574,885,-112
4,-1511,870,-136
4,-1375,829,-128
4,-1244,800,-104
4,-1114,779,-72
4,-984,770,-39
4,-847,778,-8
4,-698,787,8
4,-544,799,8
4,-388,808,39
4,-237,822,56
4,-80,828,88
4,65,838,96
4,206,848,104
4,340,861,104
4,475,875,79
4,588,885,32
4,681,894,24
4,751,920,32
4,804,947,8
4,852,957,-39
4,884,960,-39
4,890,945,-79
4,885,935,-72
4,874,927,-72
4,848,922,-64
4,834,920,-56
4,815,919,-56
4,749,916,-16
4,673,918,39
4,506,931,96
4,365,967,32
4,215,1002,112
4,25,1012,72
4,-159,1009,72
4,-310,1000,112
4,-468,981,88
4,-612,957,96
4,-736,938,79
4,-874,920,88
4,-992,920,152
4,-1098,939,16
4,-1171,971,16
4,-1239,986,-16
4,-1292,977,-32
4,-1326,937,-88
4,-1334,904,-104
4,-1311,893,-144
4,-1284,889,-104
4,-1244,884,-119
4,-1193,879,-128
4,-1081,870,-104
4,-960,866,-56
4,-833,873,-8
4,-702,872,-24
4,-563,862,24
4,-421,873,48
4,-276,893,48
4,-137,916,48
4,-2,933,64
4,139,947,72
4,280,976,72
4,409,988,72
4,520,997,72
4,612,989,39
4,691,998,16
4,765,994,16
4,833,984,16
4,892,974,32
4,943,965,16
4,982,963,-16
4,1014,962,-8
4,1040,971,-8
4,1059,990,-8
4,1073,996,-8
4,1075,1002,-16
4,1071,1005,-24
4,1061,1015,-24
4,1047,1022,-16
4,1041,1024,-8
4,1035,1027,8
4,1030,1030,0
4,1024,1037,-24
4,999,1052,8
4,973,1080,56
4,953,1102,16
4,933,1119,-8
4,913,1133,-24
4,890,1157,-8
4,872,1175,24
4,856,1192,32
4,840,1205,24
4,833,1225,8
4,820,1238,32
4,801,1257,8
4,781,1277,0
4,760,1293,8
4,741,1310,-24
4,723,1322,-16
4,708,1328,-8
4,694,1326,-48
4,679,1332,16
4,666,1337,0
4,653,1344,-24
4,642,1350,-8
4,628,1351,-16
4,618,1354,-16
4,615,1356,-24
4,610,1357,-39
4,605,1357,-39
4,600,1357,-8
4,593,1355,-24
4,572,1348,-24
4,552,1341,-32
4,533,1333,-39
4,514,1321,-39
4,495,1307,-24
4,477,1291,-32
4,462,1279,-24
4,444,1268,-24
4,426,1255,-24
4,405,1237,-39
4,385,1222,0
4,366,1211,8
4,337,1197,0
4,316,1185,-8
4,300,1175,-16
4,287,1163,8
4,275,1157,16
4,266,1153,16
4,255,1149,0
4,245,1141,8
4,243,1132,56
4,244,1131,16
4,248,1132,39
4,254,1132,32
4,262,1133,24
4,273,1134,24
4,286,1135,32
4,298,1133,-32
4,312,1133,48
4,328,1136,16
4,377,1143,16
4,416,1160,-24
4,450,1169,8
4,483,1175,16
4,505,1177,32
4,512,1178,-24
4,520,1182,-8
4,528,1184,8
4,536,1186,16
4,545,1189,8
4,552,1193,-16
4,558,1196,-24
4,564,1198,-8
4,567,1201,-16
4,569,1204,-8
4,570,1205,-8
4,570,1207,-16
4,572,1206,8
4,571,1206,-39
4,568,1209,16
4,569,1213,0
4,574,1214,0
4,576,1213,-16
4,577,1213,-16
4,578,1214,0
4,578,1214,-8
4,576,1211,-64
4,576,1211,0
4,577,1212,-16
4,578,1215,-8
4,579,1218,8
4,580,1220,16
4,580,1219,-8
4,583,1220,32
4,589,1221,16
4,598,1224,8
4,605,1224,39
4,615,1224,32
4,623,1223,39
4,635,1221,8
4,647,1218,8
4,660,1215,-16
4,699,1202,16
4,736,1189,24
4,772,1182,39
4,803,1174,-24
4,833,1163,-16
4,857,1145,-48
4,870,1123,-64
4,869,1102,-72
4,849,1080,-79
4,822,1058,-88
4,766,1021,-79
4,700,990,-79
4,625,967,-48
4,535,956,0
4,424,956,39
4,302,965,72
4,156,970,72
4,0,965,72
4,-145,955,88
4,-302,938,112
4,-452,941,96
4,-601,939,128
4,-753,924,136
4,-898,907,112
4,-1037,888,79
4,-1174,868,79
4,-1303,828,64
4,-1420,800,112
4,-1514,817,0
4,-1565,870,64
4,-1579,909,-8
4,-1586,913,-39
4,-1585,919,-39
4,-1583,922,-64
4,-1579,919,-72
4,-1570,913,-72
4,-1562,910,-96
4,-1550,908,-119
4,-1531,905,-128
4,-1509,903,-104
4,-1439,893,-88
4,-1367,884,-64
4,-1221,871,-72
4,-1075,871,-39
4,-928,884,-39
4,-777,897,-16
4,-620,902,0
4,-449,915,64
4,-277,932,79
4,-112,954,72
4,46,973,72
4,185,990,72
4,324,1005,64
4,454,1009,64
4,576,1000,64
4,684,988,48
4,774,981,32
4,849,975,8
4,919,974,16
4,976,981,0
4,1021,976,-8
4,1050,977,0
4,1075,979,-8
4,1092,994,-32
4,1098,997,-24
4,1105,1000,-8
4,1108,1001,-8
4,1105,1000,8
4,1103,1001,-16
4,1100,1006,-16
4,1097,1009,-16
4,1093,1012,0
4,1092,1015,0
4,1088,1018,-16
4,1083,1019,-24
4,1077,1021,-24
4,1071,1022,-8
4,1064,1025,-8
4,1055,1027,16
4,1046,1030,-24
4,1036,1032,-16
4,1024,1032,-96
4,1013,1034,0
4,1000,1040,-8
4,986,1043,56
4,973,1045,16
4,960,1048,16
4,948,1053,16
4,936,1059,0
4,924,1067,-8
4,886,1082,8
4,851,1099,8
4,817,1117,0
4,785,1136,-8
4,754,1151,-8
4,726,1161,0
4,710,1172,-24
4,703,1175,0
4,693,1178,-8
4,665,1176,-16
4,640,1170,8
4,618,1173,0
4,596,1171,8
4,580,1179,16
4,574,1183,-8
4,569,1188,-8
4,566,1193,8
4,563,1198,16
4,560,1201,8
4,556,1206,16
4,552,1210,0
4,550,1213,24
4,550,1218,8
4,552,1223,8
4,553,1226,16
4,549,1226,48
4,545,1226,-16
4,539,1223,-56
4,533,1221,-8
4,529,1223,0
4,527,1223,56
4,524,1220,-56
4,525,1220,0
4,526,1220,-8
4,527,1220,16
4,526,1225,16
4,529,1230,0
4,535,1232,-8
4,541,1234,-8
4,545,1235,0
4,545,1234,0
4,546,1234,-16
4,544,1236,-8
4,544,1237,-8
4,544,1238,-16
4,545,1239,-32
4,546,1239,-48
4,544,1235,-8
4,538,1230,-96
4,535,1225,-8
4,530,1223,0
4,525,1221,-16
4,521,1219,0
4,515,1214,-72
4,507,1212,-8
4,500,1211,0
4,494,1211,0
4,489,1214,8
4,483,1218,16
4,477,1221,24
4,472,1223,-8
4,464,1223,32
4,458,1222,64
4,452,1220,-16
4,445,1217,-32
4,440,1218,32
4,436,1221,8
4,435,1225,0
4,434,1228,0
4,436,1230,16
4,438,1233,16
4,443,1234,16
4,447,1236,-8
4,456,1236,0
4,467,1233,88
4,480,1230,16
4,494,1225,8
4,539,1207,-8
4,582,1192,-16
4,623,1179,-24
4,658,1161,-32
4,688,1142,8
4,713,1122,-24
4,738,1102,-48
4,760,1083,-56
4,774,1069,-39
4,781,1056,-79
4,781,1036,-112
4,776,1010,-104
4,755,980,-104
4,693,917,-88
4,614,863,-48
4,527,821,-32
4,434,794,-24
4,324,774,39
4,202,763,96
4,71,768,104
4,-50,799,39
4,-183,822,159
4,-332,822,119
4,-483,811,96
4,-632,780,104
4,-763,766,104
4,-889,771,104
4,-1021,766,112
4,-1131,770,119
4,-1239,772,79
4,-1340,795,24
4,-1414,806,16
4,-1476,843,32
4,-1537,905,-8
4,-1577,972,-16
4,-1586,1023,-24
4,-1589,1051,-39
4,-1585,1049,-88
4,-1569,1009,-104
4,-1561,1001,-119
4,-1549,995,-119
4,-1532,990,-88
4,-1476,979,-112
4,-1413,967,-128
4,-1274,950,-104
4,-1136,939,-79
4,-991,950,8
4,-837,976,32
4,-702,1020,32
4,-557,1055,39
4,-406,1074,32
4,-246,1086,39
4,-102,1085,32
4,49,1093,72
4,192,1105,64
4,332,1114,64
4,451,1125,32
4,554,1125,24
4,639,1116,39
4,711,1110,72
4,782,1108,48
4,845,1102,32
4,905,1100,24
4,957,1091,-16
4,1003,1079,-32
4,1037,1062,-48
4,1057,1039,-79
4,1047,1020,-79
4,1032,1013,-88
4,1002,1001,-88
4,961,990,-88
4,864,977,-88
4,759,966,-72
4,636,960,-24
4,502,958,24
4,352,962,79
4,192,967,104
4,34,973,128
4,-125,977,96
4,-295,971,88
4,-457,958,104
4,-621,942,128
4,-776,923,112
4,-928,901,112
4,-1074,870,112
4,-1216,835,112
4,-1343,818,79
4,-1459,810,32
4,-1570,828,0
4,-1668,876,8
4,-1723,935,39
4,-1760,970,-64
4,-1761,977,-56
4,-1762,1002,-72
4,-1743,991,-96
4,-1716,980,-128
4,-1680,961,-119
4,-1633,947,-104
4,-1523,926,-112
4,-1407,906,-104
4,-1288,886,-64
4,-1172,879,-32
4,-1055,884,-72
4,-933,912,16
4,-808,954,24
4,-672,995,32
4,-526,1037,39
4,-391,1063,32
4,-254,1096,64
4,-116,1120,72
4,18,1162,56
4,136,1195,64
4,244,1219,39
4,341,1237,24
4,427,1249,24
4,500,1253,0
4,568,1249,8
4,625,1253,24
4,666,1261,-24
4,701,1255,-24
4,726,1249,-24
4,747,1244,-24
4,757,1225,-32
4,759,1223,-16
4,759,1220,-48
4,760,1214,-24
4,757,1208,-39
4,754,1198,-48
4,743,1195,-16
4,736,1195,-24
4,729,1192,8
4,724,1190,-24
4,717,1188,-32
4,711,1183,-39
4,704,1180,0
4,696,1177,-8
4,687,1175,-24
4,678,1170,39
4,654,1162,0
4,646,1160,-8
4,637,1159,0
4,628,1157,-16
4,618,1156,-24
4,609,1154,-16
4,599,1153,16
4,590,1151,-8
4,583,1150,0
4,575,1149,-24
4,567,1148,-16
4,558,1147,0
4,551,1146,16
4,547,1147,-8
4,544,1149,0
4,540,1150,0
4,536,1149,8
4,532,1149,24
4,529,1148,32
4,526,1148,24
4,524,1148,8
4,522,1151,16
4,518,1156,24
4,515,1161,16
4,510,1163,16
4,507,1167,8
4,507,1171,8
4,506,1176,24
4,505,1182,24
4,505,1189,24
4,504,1196,8
4,505,1204,0
4,507,1211,24
4,506,1218,24
4,500,1224,39
4,495,1230,8
4,488,1235,16
4,481,1240,16
4,474,1249,0
4,470,1257,16
4,470,1265,32
4,467,1271,8
4,467,1278,-8
4,470,1283,0
4,474,1287,8
4,481,1289,-24
4,491,1290,16
4,503,1293,0
4,518,1296,0
4,566,1299,-16
4,604,1295,8
4,637,1284,8
4,665,1273,32
4,694,1264,-8
4,719,1255,-16
4,743,1244,0
4,765,1231,-48
4,781,1218,-32
4,794,1199,-64
4,807,1176,-88
4,807,1149,-72
4,798,1124,-56
4,757,1079,-64
4,699,1043,-72
4,628,1012,-64
4,554,982,-48
4,463,962,16
4,356,954,48
4,245,953,48
4,121,955,56
4,-11,951,64
4,-128,942,144
4,-253,926,136
4,-383,913,104
4,-516,901,104
4,-658,883,104
4,-791,876,88
4,-901,882,128
4,-999,889,112
4,-1096,905,79
4,-1201,911,79
4,-1306,907,88
4,-1396,910,88
4,-1492,917,8
4,-1574,934,8
4,-1645,961,0
4,-1709,1015,-8
4,-1740,1071,-8
4,-1748,1153,-72
4,-1742,1224,-88
4,-1710,1186,-104
4,-1663,1134,-112
4,-1630,1105,-119
4,-1547,1055,-136
4,-1451,1017,-136
4,-1346,985,-96
4,-1235,958,-64
4,-1124,944,-39
4,-1007,946,-24
4,-889,947,-24
4,-750,963,-8
4,-604,982,24
4,-468,996,39
4,-320,1018,72
4,-169,1043,79
4,-21,1067,72
4,124,1091,56
4,261,1110,48
4,384,1125,39
4,492,1129,48
4,587,1127,39
4,672,1110,39
4,745,1089,39
4,810,1073,32
4,870,1060,-32
4,924,1061,0
4,965,1061,-8
4,994,1051,-48
4,1016,1028,-79
4,1024,997,-88
4,1012,961,-88
4,997,923,-104
4,955,890,-96
4,890,862,-79
4,809,841,-48
4,727,825,-56
4,630,823,8
4,533,835,8
4,441,839,8
4,343,839,48
4,220,846,79
4,69,852,112
4,-96,864,112
4,-269,867,136
4,-433,873,128
4,-589,884,96
4,-726,891,112
4,-856,904,128
4,-982,938,104
4,-1111,963,88
4,-1231,966,96
4,-1348,963,96
4,-1457,958,96
4,-1563,924,32
4,-1650,902,39
4,-1719,886,16
4,-1780,883,-32
4,-1826,908,-32
4,-1843,940,-56
4,-1837,972,-72
4,-1817,987,-104
4,-1794,983,-152
4,-1761,985,-152
4,-1673,984,-128
4,-1583,965,-128
4,-1482,953,-152
4,-1376,932,-104
4,-1269,912,-72
4,-1154,898,-112
4,-1035,899,-16
4,-914,909,-8
4,-785,932,8
4,-649,957,8
4,-501,991,48
4,-353,1015,72
4,-208,1033,48
4,-73,1041,39
4,53,1067,79
4,168,1093,64
4,282,1126,48
4,370,1177,8
4,446,1212,16
4,524,1230,24
4,603,1242,32
4,672,1252,16
4,731,1270,8
4,779,1274,8
4,809,1293,8
4,831,1297,0
4,852,1295,-8
4,871,1289,0
4,876,1287,-8
4,882,1275,-48
4,883,1267,-32
4,884,1263,-16
4,884,1260,-16
4,881,1260,-32
4,878,1260,-24
4,875,1259,-32
4,870,1258,-8
4,865,1256,8
4,860,1256,-8
4,856,1254,32
4,851,1250,-8
4,846,1247,-32
4,842,1247,-16
4,835,1246,-16
4,829,1247,-24
4,824,1248,-24
4,818,1245,-8
4,812,1239,-72
4,804,1235,-8
4,795,1233,-8
4,789,1231,-16
4,785,1229,-16
4,780,1226,-8
4,774,1226,16
4,766,1223,-72
4,759,1220,8
4,753,1217,-24
4,749,1214,-24
4,745,1210,-24
4,740,1202,-79
4,736,1196,0
4,733,1193,-8
4,729,1187,39
4,725,1185,-8
4,722,1180,-24
4,717,1172,-48
4,712,1167,16
4,707,1162,32
4,701,1155,56
4,695,1150,-8
4,689,1149,16
4,683,1148,8
4,677,1150,0
4,671,1149,39
4,665,1150,0
4,658,1148,-39
4,650,1146,-32
4,641,1144,8
4,633,1145,-8
4,626,1144,32
4,618,1144,-8
4,608,1143,-32
4,600,1143,-8
4,592,1146,-8
4,585,1151,-24
4,576,1154,0
4,566,1154,-16
4,557,1156,-24
4,547,1158,16
4,537,1162,-24
4,527,1164,-8
4,518,1164,-16
4,510,1166,8
4,501,1166,-16
4,491,1168,-24
4,481,1167,8
4,472,1165,8
4,464,1161,-32
4,458,1160,8
4,450,1159,8
4,444,1158,-16
4,439,1158,-8
4,434,1156,-16
4,431,1156,16
4,428,1155,8
4,426,1156,-8
4,423,1155,8
4,421,1154,8
4,416,1152,-16
4,413,1152,8
4,411,1154,-8
4,407,1154,16
4,405,1155,0
4,405,1157,8
4,402,1159,24
4,399,1161,-16
4,395,1162,8
4,391,1161,-16
4,389,1162,0
4,388,1166,-8
4,388,1169,-8
4,387,1171,-8
4,383,1173,-24
4,380,1174,-8
4,374,1174,0
4,369,1176,-16
4,362,1175,16
4,356,1176,-8
4,349,1177,-16
4,339,1175,16
4,330,1176,-24
4,322,1175,16
4,317,1173,8
4,312,1172,-8
4,308,1174,8
4,302,1174,0
4,297,1175,-8
4,294,1175,0
4,290,1174,-8
4,286,1172,32
4,284,1173,-16
4,280,1172,-16
4,279,1170,32
4,283,1168,39
4,290,1166,48
4,299,1167,48
4,310,1168,32
4,321,1170,24
4,334,1173,32
4,374,1179,48
4,413,1182,39
4,456,1186,39
4,494,1190,16
4,534,1193,0
4,575,1191,-16
4,612,1188,-8
4,643,1185,32
4,673,1186,32
4,699,1190,16
4,720,1192,-24
4,741,1186,-64
4,748,1178,-64
4,753,1170,-79
4,753,1168,-104
4,748,1165,-79
4,737,1159,-88
4,719,1154,-39
4,652,1139,8
4,525,1120,8
4,378,1104,39
4,216,1083,39
4,57,1058,56
4,-105,1035,96
4,-276,1011,128
4,-453,974,136
4,-616,958,128
4,-777,938,119
4,-928,925,96
4,-1042,925,32
4,-1122,931,48
4,-1203,930,56
4,-1280,936,39
4,-1422,1044,24
4,-1557,1131,0
4,-1680,1153,8
4,-1743,1128,39
4,-1779,1114,-48
4,-1789,1102,-24
4,-1779,1110,-8
4,-1767,1102,-96
4,-1765,1103,0
4,-1758,1099,-119
4,-1744,1097,-79
4,-1727,1093,-119
4,-1705,1085,-136
4,-1679,1076,-144
4,-1592,1050,-136
4,-1499,1022,-72
4,-1310,982,-32
4,-1133,963,-8
4,-959,954,8
4,-783,962,24
4,-621,959,-8
4,-453,965,39
4,-285,977,56
4,-122,986,56
4,30,992,56
4,172,1009,72
4,310,1013,56
4,422,1000,32
4,524,999,32
4,610,986,24
4,684,966,-16
4,742,947,8
4,787,951,8
4,826,948,24
4,867,959,8
4,908,951,8
4,936,939,-32
4,948,945,8
4,949,957,-8
4,953,970,-8
4,957,974,32
4,960,977,-16
4,960,981,-8
4,953,990,8
4,949,995,-16
4,945,997,24
4,943,998,48
4,941,1000,-16
4,938,1000,-32
4,934,1000,-32
4,929,1005,-16
4,924,1007,24
4,919,1013,-8
4,914,1019,-8
4,910,1022,-39
4,906,1027,16
4,901,1033,16
4,896,1040,8
4,893,1048,8
4,889,1054,8
4,885,1065,56
4,876,1087,8
4,872,1095,0
4,869,1101,-8
4,866,1106,-8
4,863,1111,8
4,861,1117,8
4,860,1122,8
4,860,1126,-16
4,862,1129,-24
4,865,1130,-24
4,869,1129,-32
4,872,1128,32
4,872,1125,8
4,872,1123,16
4,874,1119,-39
4,876,1117,-32
4,877,1114,-64
4,877,1108,-88
4,876,1099,-96
4,870,1089,-112
4,859,1077,-112
4,842,1064,-88
4,784,1030,-48
4,716,1002,8
4,567,966,56
4,415,950,88
4,254,945,96
4,92,947,79
4,-72,946,104
4,-230,945,112
4,-382,946,128
4,-519,958,96
4,-647,974,119
4,-775,991,119
4,-882,1026,79
4,-993,1046,64
4,-1101,1060,64
4,-1199,1093,39
4,-1296,1111,-8
4,-1384,1097,-8
4,-1440,1082,-8
4,-1495,1054,-24
4,-1528,1034,-24
4,-1553,1035,-39
4,-1564,1039,-48
4,-1559,1047,-56
4,-1542,1059,-72
4,-1531,1062,-79
4,-1517,1063,-104
4,-1498,1063,-119
4,-1476,1064,-88
4,-1408,1068,-88
4,-1337,1061,-48
4,-1188,1058,-56
4,-1033,1054,-48
4,-873,1065,8
4,-715,1081,8
4,-566,1106,39
4,-423,1150,64
4,-279,1191,72
4,-138,1227,72
4,-19,1274,48
4,74,1328,16
4,171,1368,72
4,276,1387,48
4,369,1399,24
4,449,1401,24
4,522,1400,48
4,583,1395,-24
4,631,1409,-8
4,657,1413,-16
4,663,1428,-8
4,665,1432,-32
4,666,1429,-48
4,665,1429,-24
4,660,1423,-24
4,654,1421,0
4,648,1420,-16
4,643,1419,-56
4,635,1416,-64
4,628,1413,-48
4,619,1409,8
4,610,1405,8
4,601,1401,16
4,592,1397,-32
4,585,1392,-24
4,578,1387,16
4,570,1382,-39
4,561,1376,-24
4,553,1368,-48
4,542,1358,-24
4,527,1350,0
4,507,1341,-8
4,441,1318,-8
4,370,1296,-8
4,222,1252,8
4,82,1208,24
4,-49,1158,96
4,-195,1119,96
4,-349,1093,112
4,-488,1073,96
4,-629,1043,72
4,-758,1015,88
4,-881,994,112
4,-1002,981,96
4,-1121,958,88
4,-1239,929,56
4,-1355,882,79
4,-1457,849,112
4,-1534,851,32
4,-1605,874,-8
4,-1637,911,-8
4,-1677,975,-16
4,-1719,1015,0
4,-1772,1037,0
4,-1814,1047,-128
4,-1756,992,-119
4,-1742,984,-96
4,-1721,976,-128
4,-1653,953,-144
4,-1577,931,-128
4,-1423,891,-112
4,-1275,856,-79
4,-1128,832,-39
4,-985,824,-8
4,-839,831,8
4,-687,836,-16
4,-534,833,24
4,-382,837,48
4,-231,848,72
4,-79,859,79
4,63,892,79
4,192,914,64
4,306,918,48
4,413,917,39
4,520,928,48
4,611,936,39
4,689,944,39
4,755,953,48
4,811,960,24
4,848,961,-16
4,877,964,-16
4,904,962,-72
4,923,955,-79
4,914,944,-79
4,890,939,-79
4,877,939,-88
4,862,937,-96
4,805,932,-39
4,738,931,16
4,594,931,16
4,439,941,64
4,266,947,56
4,102,951,64
4,-41,947,96
4,-196,940,104
4,-343,957,48
4,-492,957,112
4,-639,957,128
4,-781,950,96
4,-919,949,79
4,-1053,937,79
4,-1187,930,56
4,-1304,907,72
4,-1395,899,56
4,-1464,906,48
4,-1540,930,0
4,-1607,958,0
4,-1648,994,48
4,-1676,1029,8
4,-1708,1044,-16
4,-1747,1058,-48
4,-1769,1057,-64
4,-1752,1045,-112
4,-1731,1039,-104
4,-1720,1034,-112
4,-1703,1030,-96
4,-1683,1024,-112
4,-1619,1010,-136
4,-1546,998,-88
4,-1399,980,-72
4,-1244,978,-24
4,-1093,984,-8
4,-945,998,8
4,-799,1026,8
4,-651,1051,8
4,-503,1073,24
4,-362,1085,32
4,-218,1110,56
4,-66,1141,48
4,66,1165,64
4,199,1190,72
4,317,1202,48
4,419,1206,39
4,514,1203,24
4,600,1199,16
4,673,1197,8
4,732,1199,16
4,782,1192,8
4,819,1193,-16
4,853,1187,-24
4,874,1181,-39
4,890,1169,-32
4,891,1154,-39
4,885,1143,-16
4,879,1138,-24
4,867,1135,-39
4,863,1133,-24
4,860,1129,-8
4,855,1128,0
4,850,1126,-8
4,843,1125,0
4,833,1124,0
4,823,1125,-24
4,813,1127,-16
4,804,1131,0
4,795,1135,0
4,789,1139,24
4,785,1145,24
4,779,1150,0
4,772,1154,-8
4,764,1156,8
4,756,1160,0
4,751,1163,32
4,747,1167,32
4,742,1174,24
4,740,1180,8
4,738,1186,8
4,734,1191,8
4,731,1199,24
4,727,1205,39
4,723,1213,39
4,719,1222,0
4,714,1231,-8
4,711,1239,-8
4,708,1249,8
4,705,1258,16
4,703,1266,16
4,702,1275,16
4,699,1285,-8
4,698,1296,-16
4,694,1305,-16
4,691,1309,8
4,685,1312,-16
4,680,1317,8
4,675,1322,8
4,671,1327,-8
4,667,1331,-16
4,665,1336,-24
4,662,1339,-8
4,657,1342,-24
4,654,1344,8
4,653,1348,8
4,651,1350,-16
4,647,1353,-8
4,643,1354,8
4,641,1357,8
4,638,1358,0
4,636,1362,-8
4,630,1364,16
4,624,1365,-16
4,618,1363,-16
4,613,1362,-8
4,610,1362,8
4,608,1363,0
4,605,1363,-8
4,604,1363,-24
4,601,1363,-16
4,598,1363,-8
4,596,1363,0
4,593,1363,-8
4,591,1362,0
4,587,1361,-16
4,585,1361,0
4,583,1358,-8
4,581,1357,8
4,579,1357,0
4,576,1358,-8
4,570,1358,-24
4,565,1356,-16
4,560,1354,-16
4,555,1351,-8
4,551,1349,8
4,548,1347,8
4,546,1346,-8
4,543,1344,-16
4,537,1342,8
4,533,1339,8
4,532,1337,16
4,529,1335,24
4,526,1334,8
4,524,1333,-8
4,519,1330,8
4,516,1324,8
4,513,1321,-8
4,513,1321,16
4,514,1321,16
4,517,1321,0
4,519,1320,32
4,520,1319,-8
4,522,1319,8
4,525,1319,16
4,527,1320,24
4,524,1319,39
4,523,1318,-16
4,523,1316,0
4,525,1312,-8
4,528,1309,16
4,531,1308,16
4,533,1308,8
4,531,1306,24
4,529,1304,16
4,528,1302,0
4,530,1303,0
4,529,1302,-24
4,529,1302,16
4,526,1299,16
4,524,1296,16
4,524,1293,8
4,529,1291,8
4,534,1291,16
4,541,1291,8
4,547,1291,0
4,553,1290,-8
4,557,1289,-8
4,562,1287,0
4,567,1285,0
4,572,1282,-8
4,576,1281,-8
4,579,1280,-16
4,581,1280,-8
4,584,1277,-8
4,588,1274,16
4,593,1272,8
4,597,1271,8
4,601,1270,0
4,606,1268,0
4,610,1267,8
4,613,1267,24
4,620,1267,32
4,629,1267,16
4,639,1266,0
4,649,1263,8
4,658,1258,39
4,672,1253,0
4,701,1236,8
4,726,1221,56
4,753,1207,24
4,782,1198,-24
4,808,1186,-32
4,829,1173,-39
4,844,1164,-48
4,849,1158,-79
4,851,1148,-72
4,853,1115,-96
4,843,1082,-64
4,822,1055,-56
4,790,1034,-39
4,714,1001,-48
4,642,971,-56
4,557,952,-16
4,454,944,16
4,350,928,32
4,223,928,88
4,89,934,79
4,-57,936,72
4,-204,936,79
4,-327,930,159
4,-456,930,104
4,-590,921,119
4,-729,918,119
4,-864,919,104
4,-984,916,56
4,-1073,906,48
4,-1155,902,48
4,-1261,886,72
4,-1367,905,0
4,-1470,899,48
4,-1563,889,24
4,-1658,888,24
4,-1722,898,32
4,-1774,933,-8
4,-1787,979,8
4,-1806,1053,-32
4,-1830,1131,-56
4,-1840,1186,-64
4,-1814,1160,-104
4,-1755,1125,-136
4,-1718,1097,-119
4,-1637,1045,-119
4,-1552,1010,-128
4,-1454,980,-128
4,-1345,948,-104
4,-1228,926,-159
4,-1107,912,-39
4,-986,909,-24
4,-856,915,-24
4,-724,927,-8
4,-590,935,-8
4,-449,944,16
4,-308,951,48
4,-163,962,79
4,-21,962,72
4,117,966,96
4,246,971,56
4,356,969,24
4,454,973,32
4,544,975,56
4,627,977,39
4,704,970,16
4,771,969,32
4,832,968,39
4,869,974,8
4,899,979,-8
4,929,977,-8
4,958,977,-16
4,982,971,-32
4,995,973,8
4,1000,974,-16
4,1002,976,-24
4,999,975,-8
4,996,975,-24
4,993,975,-32
4,989,975,-24
4,984,976,0
4,979,978,-16
4,975,982,-32
4,972,985,-8
4,967,988,-8
4,961,991,0
4,955,994,8
4,950,996,0
4,944,997,-16
4,936,998,-8
4,929,997,0
4,923,996,-8
4,915,999,16
4,909,1000,16
4,903,1004,0
4,897,1007,16
4,893,1013,8
4,887,1018,16
4,881,1023,24
4,872,1027,24
4,866,1032,8
4,860,1039,0
4,856,1046,16
4,852,1052,8
4,848,1057,8
4,844,1062,39
4,839,1066,-16
4,835,1070,0
4,831,1076,-16
4,828,1080,-39
4,823,1087,16
4,817,1095,-8
4,812,1103,-8
4,806,1111,0
4,800,1117,-8
4,795,1121,-16
4,788,1126,8
4,780,1133,-8
4,773,1140,-16
4,767,1145,-24
4,758,1153,-48
4,749,1160,8
4,741,1166,0
4,728,1169,24
4,715,1172,-8
4,703,1173,-8
4,692,1177,-24
4,680,1182,0
4,669,1187,8
4,633,1199,8
4,606,1210,-16
4,597,1212,16
4,587,1213,-24
4,579,1216,8
4,568,1218,16
4,559,1223,-8
4,551,1223,-8
4,544,1226,-8
4,539,1230,0
4,534,1233,0
4,529,1236,-8
4,526,1239,-16
4,521,1240,-16
4,513,1241,8
4,503,1241,8
4,493,1244,16
4,484,1247,-16
4,478,1251,0
4,472,1256,16
4,468,1262,24
4,460,1266,16
4,446,1266,39
4,432,1266,0
4,403,1270,8
4,398,1276,0
4,398,1284,-24
4,399,1292,16
4,397,1298,0
4,393,1302,-24
4,389,1303,-8
4,387,1305,16
4,383,1306,16
4,381,1309,8
4,377,1310,-8
4,373,1312,-32
4,371,1313,-16
4,369,1314,8
4,367,1316,16
4,366,1318,8
4,364,1319,-16
4,363,1320,-16
4,362,1322,0
4,362,1323,16
4,363,1324,16
4,366,1324,0
4,371,1325,-8
4,375,1326,-8
4,376,1325,-16
4,373,1321,-16
4,371,1318,8
4,370,1318,-24
4,371,1317,0
4,374,1315,8
4,380,1314,8
4,386,1313,0
4,392,1312,0
4,399,1312,-16
4,405,1311,0
4,411,1310,16
4,416,1309,8
4,421,1310,24
4,423,1310,-8
4,421,1306,-24
4,422,1302,8
4,425,1300,-16
4,430,1299,16
4,437,1298,16
4,445,1298,16
4,452,1299,-8
4,459,1300,-8
4,463,1299,-16
4,464,1294,-56
4,466,1291,8
4,467,1289,-24
4,471,1289,-16
4,473,1286,-8
4,476,1285,0
4,479,1283,0
4,480,1282,16
4,477,1277,16
4,472,1272,32
4,469,1266,8
4,470,1263,8
4,470,1258,-32
4,470,1254,-24
4,473,1254,0
4,478,1253,-8
4,484,1252,-8
4,487,1253,0
4,489,1255,16
4,493,1256,8
4,494,1255,16
4,492,1251,32
4,490,1245,32
4,491,1241,16
4,496,1240,32
4,503,1240,8
4,510,1241,0
4,513,1240,8
4,515,1240,-8
4,519,1240,0
4,524,1240,39
4,530,1239,39
4,536,1241,72
4,544,1243,0
4,554,1244,-16
4,566,1242,-8
4,577,1239,16
4,589,1235,8
4,602,1233,16
4,636,1216,-8
4,673,1206,-24
4,708,1194,-8
4,739,1185,8
4,771,1164,-8
4,795,1144,0
4,819,1129,-8
4,842,1117,-16
4,858,1106,-16
4,875,1093,-48
4,891,1080,-64
4,901,1064,-64
4,903,1052,-56
4,891,1039,-48
4,871,1024,-64
4,842,1013,-39
4,811,1003,-72
4,755,974,-128
4,683,957,-32
4,580,962,8
4,467,978,24
4,346,997,32
4,220,1016,24
4,89,1027,39
4,-43,1027,39
4,-166,1011,104
4,-291,993,88
4,-411,987,88
4,-534,985,96
4,-640,979,64
4,-753,967,64
4,-851,954,136
4,-958,930,72
4,-1069,885,72
4,-1183,855,72
4,-1284,814,72
4,-1377,796,32
4,-1456,774,-16
4,-1518,747,-32
4,-1559,730,-39
4,-1450,892,-112
4,-1340,869,-79
4,-1221,855,-112
4,-1102,847,-39
4,-988,843,-39
4,-874,845,-16
4,-757,862,-8
4,-646,870,-16
4,-514,885,32
4,-377,914,48
4,-234,946,72
4,-93,967,72
4,38,989,72
4,162,1011,64
4,290,1026,56
4,413,1037,64
4,511,1067,32
4,596,1097,56
4,675,1115,56
4,753,1135,39
4,821,1145,24
4,873,1132,16
4,914,1119,-8
4,936,1105,-16
4,958,1105,-8
4,963,1115,-24
4,965,1120,-32
4,959,1120,8
4,956,1121,-32
4,952,1122,-32
4,947,1123,-8
4,942,1126,-8
4,935,1130,8
4,925,1132,-32
4,914,1134,-24
4,903,1136,-24
4,889,1135,-56
4,877,1136,0
4,861,1138,0
4,841,1141,24
4,782,1147,-8
4,725,1149,-8
4,669,1150,16
4,615,1155,32
4,529,1157,-32
4,499,1157,-64
4,462,1154,-8
4,422,1151,-8
4,368,1146,24
4,265,1133,-39
4,143,1120,16
4,12,1104,16
4,-112,1084,56
4,-237,1066,64
4,-357,1049,64
4,-476,1036,79
4,-600,1014,72
4,-724,982,79
4,-841,958,88
4,-966,924,96
4,-1069,908,104
4,-1156,905,96
4,-1239,904,96
4,-1316,914,79
4,-1402,915,8
4,-1473,892,-16
4,-1538,885,0
4,-1572,907,0
4,-1620,952,-39
4,-1648,986,-56
4,-1634,991,-96
4,-1614,984,-96
4,-1583,970,-112
4,-1570,964,-119
4,-1553,959,-128
4,-1492,944,-112
4,-1426,927,-79
4,-1293,895,-56
4,-1158,869,-72
4,-1028,858,-24
4,-894,854,-32
4,-763,871,-8
4,-634,890,8
4,-491,903,64
4,-350,924,48
4,-216,948,64
4,-80,956,48
4,42,963,72
4,149,968,32
4,244,968,32
4,336,982,39
4,427,998,39
4,504,1037,79
4,583,1059,48
4,640,1063,32
4,684,1062,8
4,729,1060,16
4,778,1053,8
4,825,1035,-16
4,866,1020,-8
4,898,1010,32
4,917,1003,-24
4,928,1002,-24
4,930,1002,-8
4,927,1007,-16
4,922,1007,-48
4,920,1007,-16
4,918,1007,-24
4,919,1005,-39
4,916,1004,-39
4,912,1006,-24
4,905,1006,-39
4,898,1004,-32
4,890,1002,-16
4,880,1000,-32
4,870,999,-24
4,860,996,0
4,850,990,-24
4,841,987,-8
4,830,984,0
4,818,983,8
4,805,984,-16
4,793,983,8
4,780,982,8
4,768,981,-16
4,755,981,16
4,741,981,32
4,727,985,8
4,713,989,-8
4,701,993,32
4,688,997,8
4,676,1000,16
4,664,1004,39
4,653,1011,39
4,641,1017,8
4,630,1025,8
4,619,1032,32
4,609,1042,24
4,580,1067,24
4,554,1094,32
4,533,1117,8
4,513,1138,8
4,494,1157,8
4,475,1176,16
4,458,1196,24
4,441,1216,32
4,428,1236,8
4,415,1250,-8
4,409,1260,8
4,409,1263,16
4,411,1267,16
4,415,1269,8
4,421,1269,8
4,429,1269,0
4,437,1270,-8
4,448,1270,8
4,460,1268,16
4,500,1259,16
4,540,1254,16
4,579,1249,32
4,616,1239,-16
4,649,1224,0
4,678,1210,8
4,705,1194,0
4,734,1178,-39
4,762,1160,-39
4,786,1146,-39
4,804,1133,-39
4,818,1117,-64
4,829,1098,-96
4,835,1073,-96
4,825,1048,-64
4,806,1022,-112
4,784,993,-88
4,731,943,-48
4,674,903,-48
4,607,870,-56
4,518,859,-24
4,415,859,-8
4,304,859,48
4,181,856,64
4,55,859,72
4,-67,865,79
4,-206,867,72
4,-319,865,144
4,-442,864,88
4,-559,861,104
4,-673,867,96
4,-791,868,104
4,-900,885,72
4,-1007,896,64
4,-1117,886,56
4,-1231,899,48
4,-1312,915,48
4,-1366,923,39
4,-1425,910,32
4,-1491,914,24
4,-1538,923,16
4,-1570,955,-8
4,-1600,990,-24
4,-1619,1004,-24
4,-1622,987,-48
4,-1617,974,-79
4,-1603,964,-96
4,-1595,961,-104
4,-1583,958,-72
4,-1568,955,-64
4,-1550,950,-104
4,-1533,945,-72
4,-1512,941,-48
4,-1442,931,-72
4,-1367,934,-72
4,-1216,934,-72
4,-1067,933,-48
4,-920,952,8
4,-774,972,16
4,-632,1004,16
4,-517,1018,8
4,-397,1034,16
4,-275,1047,24
4,-151,1061,39
4,-30,1077,56
4,76,1073,16
4,177,1082,48
4,269,1096,32
4,360,1107,16
4,445,1113,16
4,507,1135,-16
4,569,1142,24
4,627,1146,16
4,676,1145,8
4,722,1141,-8
4,760,1135,-16
4,792,1116,8
4,822,1094,-16
4,840,1080,0
4,854,1077,8
4,857,1080,-8
4,862,1089,-16
4,868,1093,-16
4,870,1100,-16
4,870,1106,0
4,874,1108,8
4,874,1110,0
4,875,1111,-16
4,877,1111,-16
4,877,1111,-16
4,875,1110,-16
4,871,1105,-79
4,868,1102,16
4,864,1104,0
4,863,1106,-8
4,861,1106,79
4,858,1102,16
4,853,1097,-48
4,849,1096,24
4,846,1097,24
4,844,1101,8
4,843,1106,0
4,843,1110,8
4,844,1114,24
4,843,1118,8
4,845,1122,39
4,844,1126,16
4,845,1128,0
4,849,1130,-8
4,851,1131,48
4,854,1130,-16
4,857,1128,8
4,859,1127,24
4,863,1125,24
4,868,1123,-39
4,874,1119,-64
4,877,1113,-56
4,880,1106,-79
4,881,1099,-96
4,879,1090,-104
4,874,1080,-88
4,866,1067,-112
4,852,1055,-48
4,806,1024,-39
4,753,996,-48
4,634,960,-16
4,517,934,-8
4,399,914,24
4,265,898,79
4,125,886,96
4,-21,889,128
4,-174,900,112
4,-326,909,88
4,-468,922,104
4,-609,924,112
4,-754,905,112
4,-887,899,88
4,-997,917,112
4,-1105,916,88
4,-1203,920,79
4,-1303,922,72
4,-1397,936,64
4,-1494,965,8
4,-1560,994,8
4,-1617,1016,-16
4,-1645,1047,-16
4,-1659,1054,-72
4,-1644,1044,-64
4,-1626,1031,-88
4,-1618,1029,-64
4,-1609,1028,-72
4,-1598,1028,-96
4,-1583,1031,-96
4,-1565,1033,-96
4,-1544,1033,-96
4,-1477,1030,-96
4,-1404,1023,-88
4,-1254,1012,-72
4,-1114,999,-64
4,-979,982,-56
4,-839,984,8
4,-697,997,24
4,-558,1019,24
4,-424,1038,8
4,-296,1056,32
4,-163,1076,39
4,-33,1098,24
4,77,1118,48
4,180,1143,64
4,283,1158,32
4,370,1171,24
4,450,1178,8
4,522,1180,8
4,581,1169,24
4,618,1163,24
4,635,1171,39
4,662,1192,16
4,679,1203,0
4,691,1208,-8
4,705,1213,0
4,721,1220,-24
4,733,1225,32
4,752,1229,8
4,769,1236,0
4,780,1242,-32
4,787,1243,-24
4,792,1242,-32
4,799,1237,0
4,807,1230,0
4,823,1229,0
4,834,1230,-8
4,849,1225,-8
4,862,1215,-8
4,877,1197,-24
4,889,1182,24
4,899,1171,32
4,913,1161,24
4,918,1153,0
4,927,1143,0
4,935,1136,-32
4,946,1131,0
4,956,1131,48
4,965,1132,24
4,967,1134,32
4,969,1137,0
4,970,1140,-24
4,970,1143,-39
4,969,1147,16
4,968,1152,32
4,968,1155,16
4,967,1160,24
4,964,1166,-16
4,961,1171,-16
4,957,1176,8
4,952,1182,24
4,949,1191,16
4,946,1198,24
4,945,1207,0
4,944,1215,-8
4,941,1222,-8
4,937,1229,0
4,931,1236,8
4,928,1243,-8
4,925,1250,16
4,921,1257,-16
4,917,1263,-8
4,911,1269,-32
4,906,1273,-8
4,900,1276,8
4,895,1283,8
4,892,1289,16
4,888,1297,-8
4,887,1303,0
4,885,1309,-8
4,879,1315,0
4,872,1321,16
4,869,1327,16
4,866,1334,32
4,864,1338,-8
4,862,1342,-8
4,859,1346,0
4,853,1350,24
4,846,1355,24
4,839,1360,8
4,836,1364,8
4,835,1367,-16
4,833,1370,-8
4,831,1372,8
4,828,1376,24
4,826,1380,8
4,825,1385,0
4,825,1389,8
4,827,1393,-24
4,828,1393,0
4,833,1394,0
4,836,1394,24
4,835,1396,8
4,833,1397,8
4,832,1399,-8
4,832,1401,-24
4,829,1402,-24
4,828,1403,0
4,825,1405,24
4,821,1407,8
4,820,1409,-8
4,820,1409,-8
4,820,1410,-16
4,818,1412,-16
4,816,1413,-16
4,812,1415,16
4,810,1417,8
4,810,1415,-32
4,808,1414,-24
4,804,1414,-8
4,802,1415,-8
4,801,1417,16
4,801,1420,24
4,804,1423,8
4,806,1424,-32
4,804,1423,-39
4,802,1423,0
4,800,1420,0
4,800,1418,24
4,800,1416,8
4,801,1416,-32
4,800,1415,-24
4,800,1413,0
4,803,1412,16
4,805,1411,24
4,809,1410,8
4,812,1409,8
4,814,1408,-16
4,815,1406,-24
4,818,1405,8
4,822,1404,8
4,825,1403,24
4,826,1404,-8
4,827,1404,-16
4,830,1404,0
4,832,1405,16
4,834,1407,-8
4,834,1409,8
4,835,1412,32
4,837,1415,-8
4,838,1418,-24
4,838,1417,-16
4,839,1416,-16
4,840,1415,-24
4,838,1414,-24
4,834,1410,-32
4,832,1406,-56
4,830,1401,-48
4,826,1396,-39
4,819,1391,-56
4,810,1385,-96
4,800,1377,-96
4,785,1368,-64
4,739,1337,-56
4,690,1308,-32
4,575,1267,-24
4,447,1237,-24
4,318,1209,-24
4,196,1176,-8
4,77,1131,32
4,-45,1097,48
4,-159,1063,32
4,-283,1036,39
4,-401,1010,48
4,-498,981,128
4,-603,954,72
4,-702,930,79
4,-807,900,72
4,-897,893,48
4,-972,895,32
4,-1031,897,8
4,-1077,901,0
4,-1117,906,-16
4,-1153,902,-32
4,-1185,894,-48
4,-1210,878,-48
4,-1224,864,-39
4,-1221,860,-39
4,-1224,862,-24
4,-1215,862,-8
4,-1208,864,-56
4,-1196,867,-79
4,-1182,870,-72
4,-1164,874,-56
4,-1144,879,-24
4,-1121,885,-24
4,-1048,899,-8
4,-967,917,-16
4,-796,953,-24
4,-634,983,-8
4,-491,998,24
4,-349,1007,16
4,-212,1002,8
4,-75,1012,48
4,52,1025,48
4,165,1036,24
4,268,1055,24
4,357,1056,79
4,440,1057,24
4,519,1061,39
4,594,1070,48
4,662,1077,32
4,715,1081,8
4,754,1075,48
4,791,1061,39
4,822,1044,-32
4,841,1031,-39
4,869,1038,8
4,890,1057,-16
4,892,1063,16
4,891,1063,8
4,898,1060,-8
4,902,1061,0
4,896,1071,-8
4,895,1075,-8
4,892,1079,-24
4,888,1083,-32
4,884,1084,-8
4,878,1085,-39
4,875,1087,-8
4,870,1088,-16
4,865,1090,-16
4,862,1093,-24
4,856,1093,-8
4,849,1091,-8
4,843,1091,0
4,834,1088,-48
4,824,1086,-8
4,815,1087,-16
4,808,1088,-16
4,800,1087,16
4,793,1087,8
4,785,1089,0
4,777,1089,0
4,769,1090,-8
4,762,1091,-8
4,755,1092,-24
4,748,1091,0
4,742,1089,8
4,735,1088,0
4,728,1088,0
4,721,1089,0
4,713,1090,-16
4,707,1090,-24
4,701,1089,0
4,695,1088,8
4,689,1087,0
4,682,1087,-8
4,676,1086,-8
4,669,1086,-24
4,661,1085,-24
4,654,1082,0
4,647,1080,8
4,641,1079,8
4,634,1078,-16
4,625,1077,-16
4,618,1076,-24
4,613,1073,64
4,608,1070,-8
4,603,1065,-48
4,596,1063,16
4,591,1062,-16
4,585,1061,-16
4,578,1058,39
4,573,1055,8
4,568,1051,-32
4,562,1049,8
4,558,1049,0
4,553,1050,-16
4,547,1051,-16
4,541,1052,-8
4,536,1050,-8
4,531,1045,-39
4,525,1044,24
4,519,1044,0
4,514,1044,-8
4,508,1042,39
4,502,1041,-8
4,498,1038,-16
4,495,1039,24
4,498,1043,24
4,499,1046,-16
4,498,1047,-8
4,496,1049,-8
4,494,1049,8
4,492,1046,-24
4,490,1047,24
4,491,1050,16
4,491,1052,-16
4,493,1057,-8
4,495,1059,56
4,494,1058,-16
4,494,1058,24
4,495,1062,16
4,498,1069,8
4,498,1075,-16
4,498,1079,-16
4,496,1079,32
4,495,1080,8
4,495,1084,8
4,496,1088,8
4,496,1092,-16
4,491,1091,8
4,487,1089,24
4,485,1087,-8
4,483,1087,8
4,485,1090,0
4,485,1094,24
4,485,1097,-16
4,485,1100,-16
4,484,1102,-16
4,485,1105,-8
4,483,1104,-16
4,485,1106,8
4,484,1108,-8
4,483,1110,-8
4,481,1108,8
4,479,1106,0
4,478,1106,8
4,476,1106,8
4,473,1106,0
4,469,1106,-8
4,466,1106,-24
4,464,1106,-24
4,461,1104,-24
4,460,1104,-16
4,462,1105,0
4,463,1106,-8
4,462,1106,0
4,461,1107,-16
4,460,1107,-16
4,458,1106,8
4,458,1106,8
4,456,1107,8
4,450,1105,24
4,446,1103,-8
4,443,1100,16
4,442,1096,-8
4,440,1094,16
4,441,1092,16
4,443,1092,32
4,446,1092,0
4,448,1092,-8
4,450,1089,39
4,452,1083,-16
4,453,1081,16
4,455,1081,8
4,455,1080,0
4,460,1081,8
4,462,1080,16
4,464,1077,32
4,466,1072,-32
4,469,1070,16
4,470,1070,16
4,473,1071,-8
4,476,1073,0
4,479,1073,0
4,482,1073,8
4,487,1073,32
4,492,1073,32
4,499,1074,32
4,507,1076,32
4,516,1077,24
4,526,1079,16
4,538,1080,32
4,550,1079,48
4,578,1070,0
4,590,1068,32
4,628,1064,16
4,664,1064,-8
4,697,1063,-16
4,725,1063,32
4,747,1065,39
4,764,1073,24
4,770,1075,-39
4,774,1077,-48
4,780,1077,-64
4,783,1076,-72
4,784,1073,-104
4,780,1070,-72
4,774,1065,-48
4,764,1058,-96
4,752,1050,-64
4,736,1043,-32
4,683,1025,-39
4,616,1016,0
4,486,999,0
4,343,993,32
4,193,981,72
4,40,968,79
4,-106,957,79
4,-249,950,79
4,-391,943,64
4,-530,938,64
4,-660,931,79
4,-775,919,79
4,-885,913,72
4,-994,911,79
4,-1077,904,48
4,-1138,903,32
4,-1208,893,0
4,-1259,900,16
4,-1306,900,-39
4,-1331,902,-8
4,-1342,894,-39
4,-1348,889,-39
4,-1349,885,-39
4,-1343,883,-64
4,-1334,878,-72
4,-1330,875,-56
4,-1320,874,-8
4,-1310,872,-56
4,-1299,871,-72
4,-1284,870,-79
4,-1268,868,-64
4,-1248,866,-88
4,-1190,867,-16
4,-1127,872,-16
4,-1059,881,16
4,-914,913,8
4,-784,942,-8
4,-663,972,8
4,-535,1005,32
4,-404,1048,48
4,-278,1077,39
4,-159,1103,56
4,-47,1127,24
4,58,1145,24
4,163,1141,16
4,259,1140,24
4,330,1161,-8
4,389,1191,24
4,440,1221,32
4,486,1232,0
4,528,1239,-8
4,569,1239,-16
4,602,1220,0
4,627,1213,-8
4,647,1212,8
4,653,1212,16
4,658,1214,-8
4,669,1216,-16
4,677,1215,-16
4,681,1223,-39
4,685,1224,0
4,697,1224,8
4,709,1228,8
4,716,1232,-16
4,719,1234,-16
4,721,1236,0
4,721,1237,16
4,722,1238,16
4,722,1240,16
4,723,1242,16
4,725,1243,8
4,726,1244,0
4,726,1245,8
4,725,1245,16
4,724,1246,16
4,723,1246,8
4,724,1247,-8
4,721,1248,0
4,718,1248,8
4,714,1250,16
4,714,1249,-16
4,714,1247,0
4,715,1247,8
4,715,1247,-32
4,714,1246,-32
4,714,1245,-24
4,713,1243,-64
4,710,1238,-79
4,704,1232,-64
4,694,1226,-48
4,682,1218,-72
4,667,1210,-39
4,620,1192,-16
4,565,1177,-39
4,509,1157,-48
4,384,1130,96
4,235,1101,16
4,79,1074,48
4,-49,1041,32
4,-180,1011,48
4,-312,974,39
4,-442,940,32
4,-536,915,112
4,-633,886,56
4,-725,862,48
4,-815,835,48
4,-899,807,16
4,-971,780,-8
4,-1024,778,16
4,-1063,762,-48
4,-1083,760,-48
4,-1090,761,-48
4,-1092,758,-56
4,-1089,756,-56
4,-1073,752,-48
4,-1067,750,-64
4,-1057,749,-24
4,-1049,746,-39
4,-1036,745,-48
4,-1020,747,-32
4,-1000,751,-24
4,-936,766,8
4,-867,778,-8
4,-735,806,16
4,-613,843,32
4,-488,884,24
4,-363,925,16
4,-243,957,24
4,-133,983,39
4,-31,1006,56
4,63,1029,48
4,150,1052,48
4,233,1074,32
4,311,1086,16
4,384,1098,16
4,445,1112,16
4,485,1145,16
4,527,1168,16
4,565,1185,24
4,595,1188,-8
4,623,1189,-16
4,646,1170,39
4,653,1159,-16
4,657,1142,-56
4,665,1133,0
4,672,1133,-8
4,673,1140,-24
4,671,1146,-16
4,671,1144,32
4,671,1141,-16
4,670,1136,-48
4,669,1133,8
4,667,1133,8
4,665,1133,-8
4,665,1133,-8
4,664,1131,39
4,664,1128,-24
4,661,1123,-48
4,659,1122,16
4,658,1123,-8
4,658,1125,-16
4,658,1126,-16
4,657,1128,-8
4,655,1127,-24
4,651,1127,8
4,645,1125,8
4,641,1125,-8
4,637,1125,-8
4,635,1125,-8
4,633,1122,32
4,632,1121,16
4,633,1122,16
4,633,1123,8
4,634,1125,-8
4,634,1126,-8
4,632,1124,16
4,631,1122,8
4,630,1123,16
4,629,1125,8
4,628,1126,8
4,627,1128,-8
4,626,1130,-8
4,625,1129,24
4,624,1129,0
4,622,1129,8
4,622,1129,8
4,622,1130,8
4,622,1128,8
4,623,1125,16
4,625,1124,0
4,626,1124,16
4,628,1122,8
4,630,1123,16
4,634,1124,8
4,637,1125,-8
4,641,1126,-8
4,648,1124,0
4,652,1126,16
4,657,1126,24
4,665,1125,0
4,674,1124,-8
4,681,1123,-8
4,688,1122,8
4,694,1122,16
4,700,1122,8
4,703,1125,48
4,706,1127,-8
4,713,1127,-48
4,719,1128,-39
4,724,1128,-56
4,723,1129,-39
4,719,1127,-56
4,713,1124,-64
4,703,1116,-72
4,692,1110,-32
4,678,1106,-32
4,632,1100,-32
4,575,1098,-32
4,454,1093,-32
4,333,1083,-8
4,203,1070,32
4,70,1033,56
4,-51,1011,64
4,-175,980,56
4,-290,960,39
4,-402,951,48
4,-513,945,64
4,-626,932,88
4,-741,921,88
4,-849,913,88
4,-952,889,64
4,-1051,872,39
4,-1133,857,32
4,-1211,834,24
4,-1266,823,64
4,-1309,828,64
4,-1357,818,-8
4,-1389,833,8
4,-1407,837,-16
4,-1421,845,-48
4,-1420,847,-64
4,-1412,850,-72
4,-1396,853,-79
4,-1386,853,-72
4,-1372,854,-104
4,-1356,856,-39
4,-1335,858,-96
4,-1268,865,-24
4,-1195,877,-16
4,-1037,906,-8
4,-903,913,0
4,-770,937,16
4,-621,979,64
4,-472,1034,64
4,-327,1094,72
4,-184,1146,72
4,-51,1200,64
4,66,1243,39
4,170,1270,39
4,274,1306,48
4,369,1320,72
4,455,1340,32
4,533,1361,32
4,583,1363,32
4,640,1369,-8
4,690,1370,-24
4,738,1364,-24
4,772,1355,8
4,790,1344,24
4,801,1336,32
4,803,1330,0
4,810,1324,-24
4,818,1320,-16
4,827,1312,-39
4,838,1307,-32
4,849,1303,-8
4,851,1304,32
4,858,1299,-16
4,866,1292,-16
4,865,1286,-8
4,863,1285,39
4,860,1284,16
4,858,1283,16
4,858,1282,0
4,859,1283,-8
4,858,1284,-16
4,858,1285,8
4,857,1287,16
4,856,1289,24
4,857,1290,8
4,856,1291,-8
4,852,1294,-24
4,850,1295,-8
4,849,1296,0
4,849,1298,24
4,849,1302,-8
4,849,1305,-8
4,847,1309,-24
4,845,1309,-32
4,846,1310,16
4,848,1310,16
4,850,1313,0
4,851,1316,-8
4,851,1321,-8
4,849,1328,-24
4,846,1334,24
4,843,1341,16
4,841,1347,8
4,840,1351,0
4,840,1354,-8
4,840,1357,-8
4,841,1360,16
4,843,1366,48
4,843,1371,16
4,842,1375,0
4,842,1378,0
4,841,1381,-8
4,839,1385,8
4,838,1389,8
4,841,1392,16
4,843,1396,-8
4,843,1399,-8
4,842,1403,8
4,843,1407,8
4,843,1412,-8
4,843,1416,8
4,842,1420,8
4,842,1425,-8
4,842,1430,8
4,841,1435,0
4,841,1439,8
4,840,1445,24
4,840,1451,16
4,840,1455,-8
4,841,1457,-8
4,839,1461,-32
4,837,1465,-16
4,833,1468,8
4,832,1471,0
4,831,1474,0
4,832,1475,-39
4,833,1477,-16
4,834,1476,-16
4,832,1477,0
4,831,1478,-8
4,831,1478,-8
4,830,1479,-24
4,828,1478,-8
4,827,1477,8
4,827,1476,-8
4,828,1474,-16
4,828,1473,8
4,827,1473,8
4,826,1471,0
4,825,1469,0
4,823,1467,0
4,826,1466,0
4,827,1466,0
4,830,1467,16
4,833,1466,-16
4,835,1466,-16
4,836,1467,-24
4,836,1466,16
4,840,1465,-8
4,842,1465,8
4,846,1464,8
4,849,1464,-8
4,851,1465,16
4,852,1465,24
4,856,1465,0
4,858,1465,0
4,860,1466,24
4,864,1468,8
4,867,1468,-8
4,869,1468,-8
4,870,1468,-24
4,871,1465,-39
4,872,1460,-39
4,873,1454,-48
4,874,1446,-64
4,875,1437,-56
4,873,1429,-39
4,870,1420,-72
4,865,1410,-88
4,856,1400,-72
4,822,1368,-79
4,784,1333,-79
4,742,1298,-48
4,651,1242,-32
4,541,1206,-16
4,447,1165,-48
4,335,1140,-8
4,219,1117,16
4,104,1089,48
4,-7,1068,32
4,-131,1053,72
4,-262,1037,56
4,-367,1016,39
4,-482,992,39
4,-604,966,64
4,-707,949,48
4,-808,925,39
4,-906,886,48
4,-991,853,24
4,-1061,842,48
4,-1100,866,8
4,-1130,882,0
4,-1148,875,-56
4,-1155,865,-48
4,-1153,862,-72
4,-1142,861,-88
4,-1136,861,-79
4,-1126,861,-56
4,-1113,860,-104
4,-1095,862,-16
4,-1075,863,-24
4,-1054,863,-8
4,-988,866,-16
4,-913,881,0
4,-763,914,0
4,-616,948,0
4,-464,986,48
4,-318,1004,32
4,-174,1040,48
4,-50,1070,39
4,60,1096,24
4,159,1118,24
4,257,1135,24
4,340,1141,16
4,408,1129,-24
4,475,1133,32
4,536,1151,16
4,584,1166,0
4,624,1180,-8
4,660,1181,0
4,687,1179,0
4,706,1177,8
4,714,1179,8
4,722,1183,-8
4,728,1187,-24
4,728,1189,-24
4,731,1187,-16
4,734,1189,0
4,734,1189,0
4,734,1189,0
4,734,1189,-8
4,734,1189,-16
4,732,1186,16
4,730,1184,-8
4,729,1182,8
4,727,1180,8
4,726,1179,0
4,726,1179,-8
4,724,1178,-8
4,720,1176,16
4,717,1175,0
4,714,1175,8
4,711,1176,8
4,708,1176,8
4,704,1177,-8
4,700,1175,32
4,698,1173,16
4,695,1173,16
4,692,1175,24
4,690,1178,16
4,687,1182,0
4,684,1187,-8
4,683,1190,8
4,681,1191,24
4,679,1188,-24
4,676,1189,16
4,674,1192,16
4,672,1196,-8
4,669,1199,-8
4,665,1201,-8
4,660,1203,-24
4,654,1201,-32
4,652,1201,8
4,651,1201,0
4,653,1202,-8
4,653,1204,-16
4,652,1205,-16
4,653,1205,-8
4,657,1205,0
4,661,1206,16
4,663,1207,-8
4,664,1207,-16
4,667,1208,0
4,669,1208,-8
4,672,1207,8
4,673,1204,-8
4,678,1204,24
4,680,1203,32
4,680,1203,24
4,681,1202,16
4,685,1200,0
4,690,1199,39
4,695,1199,39
4,699,1198,-16
4,703,1197,-32
4,704,1195,-32
4,705,1192,-48
4,703,1187,-96
4,699,1180,-96
4,693,1174,-64
4,682,1167,-48
4,668,1162,-24
4,650,1157,-8
4,595,1137,-8
4,535,1118,-16
4,398,1093,8
4,266,1066,56
4,117,1042,64
4,-42,1026,79
4,-198,1010,79
4,-353,990,72
4,-496,970,64
4,-630,942,56
4,-729,926,104
4,-819,910,48
4,-916,878,48
4,-997,861,72
4,-1065,841,-8
4,-1129,827,-24
4,-1180,836,56
4,-1208,853,-16
4,-1217,859,-64
4,-1205,843,-64
4,-1200,839,-72
4,-1195,837,-112
4,-1184,836,-64
4,-1169,835,-48
4,-1150,837,-24
4,-1127,840,-48
4,-1052,852,8
4,-976,866,0
4,-815,905,8
4,-676,932,8
4,-524,966,39
4,-370,1000,48
4,-226,1032,32
4,-84,1068,56
4,39,1092,39
4,157,1114,24
4,261,1140,32
4,355,1149,112
4,436,1151,32
4,511,1145,-16
4,575,1148,16
4,623,1152,16
4,679,1158,-16
4,717,1158,32
4,749,1147,48
4,773,1147,-16
4,793,1153,-16
4,800,1159,-8
4,800,1160,-16
4,804,1160,-24
4,807,1159,-16
4,810,1154,-16
4,808,1150,-16
4,807,1150,-16
4,805,1149,-16
4,804,1148,-16
4,800,1146,-24
4,796,1144,-24
4,793,1140,-16
4,788,1133,-64
4,781,1129,0
4,776,1128,0
4,771,1129,-8
4,767,1129,-8
4,760,1126,16
4,754,1122,8
4,746,1117,-39
4,739,1115,8
4,734,1116,8
4,732,1119,-16
4,731,1122,-24
4,725,1122,-16
4,718,1122,-16
4,709,1122,0
4,701,1123,8
4,692,1124,-8
4,685,1126,-16
4,675,1127,0
4,664,1124,16
4,654,1120,-16
4,643,1114,-32
4,634,1111,0
4,626,1110,0
4,621,1109,-16
4,613,1107,-8
4,606,1105,-16
4,599,1101,-32
4,596,1098,-8
4,592,1094,-8
4,588,1092,-8
4,584,1089,-24
4,580,1085,-16
4,576,1081,0
4,571,1077,8
4,570,1073,8
4,566,1069,24
4,561,1065,-8
4,558,1062,-8
4,555,1056,16
4,551,1049,-32
4,548,1045,16
4,548,1043,0
4,545,1041,8
4,543,1039,-16
4,541,1038,-8
4,538,1033,-16
4,536,1027,-8
4,536,1023,0
4,537,1022,0
4,535,1021,-8
4,528,1018,-16
4,523,1017,0
4,519,1019,16
4,514,1020,8
4,507,1020,32
4,498,1021,8
4,492,1022,-16
4,487,1023,-16
4,483,1025,0
4,479,1025,-16
4,474,1026,16
4,467,1026,0
4,461,1027,-16
4,456,1028,-8
4,451,1028,56
4,449,1030,32
4,447,1029,-8
4,448,1031,56
4,447,1034,8
4,450,1038,16
4,454,1041,32
4,462,1045,16
4,472,1048,32
4,483,1051,39
4,495,1054,32
4,519,1066,72
4,528,1070,-8
4,537,1073,-8
4,548,1074,-32
4,559,1075,8
4,570,1076,24
4,583,1075,-79
4,612,1064,-96
4,619,1058,-88
4,620,1053,-56
4,616,1049,-64
4,607,1045,-56
4,595,1043,-48
4,578,1040,-16
4,521,1028,-8
4,460,1014,8
4,315,999,48
4,159,992,56
4,8,980,64
4,-146,968,96
4,-286,980,8
4,-433,978,96
4,-579,962,79
4,-707,958,72
4,-820,956,64
4,-916,956,39
4,-996,951,24
4,-1060,942,-8
4,-1121,928,-24
4,-1159,927,-48
4,-1193,900,-48
4,-1198,884,0
4,-1177,875,-39
4,-1160,875,-64
4,-1151,875,-72
4,-1126,881,-48
4,-1096,892,-72
4,-1063,897,-56
4,-1019,906,-88
4,-920,919,-56
4,-818,925,-48
4,-713,929,-48
4,-607,944,48
4,-502,958,16
4,-380,977,8
4,-252,990,24
4,-126,1003,48
4,-7,1012,24
4,98,1018,24
4,206,1029,48
4,295,1041,56
4,366,1049,16
4,444,1059,8
4,500,1066,8
4,556,1074,8
4,598,1083,24
4,631,1099,16
4,664,1105,8
4,679,1125,8
4,707,1136,16
4,737,1146,8
4,765,1151,8
4,813,1147,8
4,856,1145,8
4,887,1142,-8
4,893,1155,0
4,889,1158,-8
4,889,1163,0
4,886,1159,-8
4,887,1158,8
4,887,1158,0